[-55, -60, -25, 0, -55, -60, -25, -30, -55, -45, -10, 0, -55, -60, -25, -30]
[-40, -45, -10, -30, -55, -75, -25, 30, -55, -45, -25, 0, -55, -60, -25, 30]
[-70, -60, -10, 0, -55, -60, -25, 0, -55, -60, -25, 0, -40, -60, -25, 30]
[-55, -60, -25, 0, -55, -60, -40, 0, -55, -60, -25, -30, -55, -60, -25, 0]
[-55, -75, -25, 0, -55, -60, -40, 30, -70, -60, -40, 0, -40, -60, -25, 30]
[-55, -75, -25, 30, -55, -75, -25, 0, -55, -45, -25, 0, -55, -60, -10, 0]
[-70, -60, -25, -30, -55, -60, -10, 0, -55, -60, -40, 0, -55, -75, -40, -30]
[-55, -60, -25, 0, -55, -60, -25, 0, -55, -60, -25, 0, -40, -75, -25, 0]
[-40, -60, -25, -30, -55, -60, -25, 0, -55, -60, -25, 0, -40, -60, -25, 0]
[-70, -60, -25, 0, -40, -60, -25, -30, -55, -60, -25, 0, -55, -75, -40, -30]
[-55, -75, -25, 30, -55, -60, -25, 0, -55, -60, -25, 0, -55, -60, -40, 0]
[-55, -60, -10, 0, -40, -60, -25, 0, -55, -60, -40, 0, -55, -60, -10, 0]
