[-55.57, -103.73, -78.3, 0.0, -55.57, -103.73, -78.3, 0.0, -55.57, -103.73, -78.3, 0.0, -55.57, -103.73, -78.3, 0.0]
[-54.5, -104.55, -78.06, 0.0, -54.5, -104.55, -78.06, 0.0, -54.5, -104.55, -78.06, 0.0, -54.5, -104.55, -78.06, 0.0]
[-53.43, -105.37, -77.8, 0.0, -53.43, -105.37, -77.8, 0.0, -53.43, -105.37, -77.8, 0.0, -53.43, -105.37, -77.8, 0.0]
[-52.35, -106.18, -77.53, 0.0, -52.35, -106.18, -77.53, 0.0, -52.35, -106.18, -77.53, 0.0, -52.35, -106.18, -77.53, 0.0]
[-51.27, -106.98, -77.25, 0.0, -51.27, -106.98, -77.25, 0.0, -51.27, -106.98, -77.25, 0.0, -51.27, -106.98, -77.25, 0.0]
[-50.19, -107.78, -76.97, 0.0, -50.19, -107.78, -76.97, 0.0, -50.19, -107.78, -76.97, 0.0, -50.19, -107.78, -76.97, 0.0]
[-49.1, -108.57, -76.67, 0.0, -49.1, -108.57, -76.67, 0.0, -49.1, -108.57, -76.67, 0.0, -49.1, -108.57, -76.67, 0.0]
[-48.01, -109.35, -76.36, 0.0, -48.01, -109.35, -76.36, 0.0, -48.01, -109.35, -76.36, 0.0, -48.01, -109.35, -76.36, 0.0]
[-46.91, -110.12, -76.04, 0.0, -46.91, -110.12, -76.04, 0.0, -46.91, -110.12, -76.04, 0.0, -46.91, -110.12, -76.04, 0.0]
[-45.81, -110.89, -75.71, 0.0, -45.81, -110.89, -75.71, 0.0, -45.81, -110.89, -75.71, 0.0, -45.81, -110.89, -75.71, 0.0]
[-44.71, -111.65, -75.36, 0.0, -44.71, -111.65, -75.36, 0.0, -44.71, -111.65, -75.36, 0.0, -44.71, -111.65, -75.36, 0.0]
[-43.61, -112.41, -75.01, 0.0, -43.61, -112.41, -75.01, 0.0, -43.61, -112.41, -75.01, 0.0, -43.61, -112.41, -75.01, 0.0]
[-43.45, -112.3, -74.26, 0.0, -43.45, -112.3, -74.26, 0.0, -43.45, -112.3, -74.26, 0.0, -43.45, -112.3, -74.26, 0.0]
[-42.35, -113.04, -73.89, 0.0, -42.35, -113.04, -73.89, 0.0, -42.35, -113.04, -73.89, 0.0, -42.35, -113.04, -73.89, 0.0]
[-41.24, -113.77, -73.51, 0.0, -41.24, -113.77, -73.51, 0.0, -41.24, -113.77, -73.51, 0.0, -41.24, -113.77, -73.51, 0.0]
[-40.12, -114.49, -73.12, 0.0, -40.12, -114.49, -73.12, 0.0, -40.12, -114.49, -73.12, 0.0, -40.12, -114.49, -73.12, 0.0]
[-40.0, -114.35, -72.35, 0.0, -40.0, -114.35, -72.35, 0.0, -40.0, -114.35, -72.35, 0.0, -40.0, -114.35, -72.35, 0.0]
[-38.89, -115.05, -71.94, 0.0, -38.89, -115.05, -71.94, 0.0, -38.89, -115.05, -71.94, 0.0, -38.89, -115.05, -71.94, 0.0]
[-37.77, -115.75, -71.52, 0.0, -37.77, -115.75, -71.52, 0.0, -37.77, -115.75, -71.52, 0.0, -37.77, -115.75, -71.52, 0.0]
[-37.67, -115.57, -70.74, 0.0, -37.67, -115.57, -70.74, 0.0, -37.67, -115.57, -70.74, 0.0, -37.67, -115.57, -70.74, 0.0]
[-36.56, -116.25, -70.31, 0.0, -36.56, -116.25, -70.31, 0.0, -36.56, -116.25, -70.31, 0.0, -36.56, -116.25, -70.31, 0.0]
[-35.44, -116.92, -69.86, 0.0, -35.44, -116.92, -69.86, 0.0, -35.44, -116.92, -69.86, 0.0, -35.44, -116.92, -69.86, 0.0]
[-35.36, -116.71, -69.07, 0.0, -35.36, -116.71, -69.07, 0.0, -35.36, -116.71, -69.07, 0.0, -35.36, -116.71, -69.07, 0.0]
[-34.25, -117.36, -68.61, 0.0, -34.25, -117.36, -68.61, 0.0, -34.25, -117.36, -68.61, 0.0, -34.25, -117.36, -68.61, 0.0]
[-34.2, -117.12, -67.82, 0.0, -34.2, -117.12, -67.82, 0.0, -34.2, -117.12, -67.82, 0.0, -34.2, -117.12, -67.82, 0.0]
[-33.09, -117.76, -67.35, 0.0, -33.09, -117.76, -67.35, 0.0, -33.09, -117.76, -67.35, 0.0, -33.09, -117.76, -67.35, 0.0]
[-33.06, -117.49, -66.54, 0.0, -33.06, -117.49, -66.54, 0.0, -33.06, -117.49, -66.54, 0.0, -33.06, -117.49, -66.54, 0.0]
[-33.04, -117.21, -65.74, 0.0, -33.04, -117.21, -65.74, 0.0, -33.04, -117.21, -65.74, 0.0, -33.04, -117.21, -65.74, 0.0]
[-31.95, -117.81, -65.26, 0.0, -31.95, -117.81, -65.26, 0.0, -31.95, -117.81, -65.26, 0.0, -31.95, -117.81, -65.26, 0.0]
[-31.95, -117.5, -64.45, 0.0, -31.95, -117.5, -64.45, 0.0, -31.95, -117.5, -64.45, 0.0, -31.95, -117.5, -64.45, 0.0]
[-30.87, -118.08, -63.95, 0.0, -30.87, -118.08, -63.95, 0.0, -30.87, -118.08, -63.95, 0.0, -30.87, -118.08, -63.95, 0.0]
[-30.9, -117.75, -63.14, 0.0, -30.9, -117.75, -63.14, 0.0, -30.9, -117.75, -63.14, 0.0, -30.9, -117.75, -63.14, 0.0]
[-30.94, -117.39, -62.34, 0.0, -30.94, -117.39, -62.34, 0.0, -30.94, -117.39, -62.34, 0.0, -30.94, -117.39, -62.34, 0.0]
[-29.88, -117.95, -61.83, 0.0, -29.88, -117.95, -61.83, 0.0, -29.88, -117.95, -61.83, 0.0, -29.88, -117.95, -61.83, 0.0]
[-29.95, -117.57, -61.02, 0.0, -29.95, -117.57, -61.02, 0.0, -29.95, -117.57, -61.02, 0.0, -29.95, -117.57, -61.02, 0.0]
[-30.03, -117.17, -60.2, 0.0, -30.03, -117.17, -60.2, 0.0, -30.03, -117.17, -60.2, 0.0, -30.03, -117.17, -60.2, 0.0]
[-29.0, -117.69, -59.69, 0.0, -29.0, -117.69, -59.69, 0.0, -29.0, -117.69, -59.69, 0.0, -29.0, -117.69, -59.69, 0.0]
[-29.11, -117.26, -58.87, 0.0, -29.11, -117.26, -58.87, 0.0, -29.11, -117.26, -58.87, 0.0, -29.11, -117.26, -58.87, 0.0]
[-29.24, -116.83, -58.06, 0.0, -29.24, -116.83, -58.06, 0.0, -29.24, -116.83, -58.06, 0.0, -29.24, -116.83, -58.06, 0.0]
[-28.23, -117.31, -57.53, 0.0, -28.23, -117.31, -57.53, 0.0, -28.23, -117.31, -57.53, 0.0, -28.23, -117.31, -57.53, 0.0]
[-28.38, -116.84, -56.72, 0.0, -28.38, -116.84, -56.72, 0.0, -28.38, -116.84, -56.72, 0.0, -28.38, -116.84, -56.72, 0.0]
[-28.55, -116.36, -55.91, 0.0, -28.55, -116.36, -55.91, 0.0, -28.55, -116.36, -55.91, 0.0, -28.55, -116.36, -55.91, 0.0]
[-27.57, -116.8, -55.38, 0.0, -27.57, -116.8, -55.38, 0.0, -27.57, -116.8, -55.38, 0.0, -27.57, -116.8, -55.38, 0.0]
[-27.77, -116.29, -54.57, 0.0, -27.77, -116.29, -54.57, 0.0, -27.77, -116.29, -54.57, 0.0, -27.77, -116.29, -54.57, 0.0]
[-27.99, -115.77, -53.76, 0.0, -27.99, -115.77, -53.76, 0.0, -27.99, -115.77, -53.76, 0.0, -27.99, -115.77, -53.76, 0.0]
[-27.04, -116.18, -53.22, 0.0, -27.04, -116.18, -53.22, 0.0, -27.04, -116.18, -53.22, 0.0, -27.04, -116.18, -53.22, 0.0]
[-27.29, -115.62, -52.41, 0.0, -27.29, -115.62, -52.41, 0.0, -27.29, -115.62, -52.41, 0.0, -27.29, -115.62, -52.41, 0.0]
[-27.55, -115.05, -51.6, 0.0, -27.55, -115.05, -51.6, 0.0, -27.55, -115.05, -51.6, 0.0, -27.55, -115.05, -51.6, 0.0]
[-26.64, -115.42, -51.06, 0.0, -26.64, -115.42, -51.06, 0.0, -26.64, -115.42, -51.06, 0.0, -26.64, -115.42, -51.06, 0.0]
[-26.93, -114.82, -50.25, 0.0, -26.93, -114.82, -50.25, 0.0, -26.93, -114.82, -50.25, 0.0, -26.93, -114.82, -50.25, 0.0]
[-27.24, -114.2, -49.44, 0.0, -27.24, -114.2, -49.44, 0.0, -27.24, -114.2, -49.44, 0.0, -27.24, -114.2, -49.44, 0.0]
[-26.36, -114.54, -48.9, 0.0, -26.36, -114.54, -48.9, 0.0, -26.36, -114.54, -48.9, 0.0, -26.36, -114.54, -48.9, 0.0]
[-26.7, -113.9, -48.1, 0.0, -26.7, -113.9, -48.1, 0.0, -26.7, -113.9, -48.1, 0.0, -26.7, -113.9, -48.1, 0.0]
[-25.84, -114.21, -47.55, 0.0, -25.84, -114.21, -47.55, 0.0, -25.84, -114.21, -47.55, 0.0, -25.84, -114.21, -47.55, 0.0]
[-26.21, -113.54, -46.75, 0.0, -26.21, -113.54, -46.75, 0.0, -26.21, -113.54, -46.75, 0.0, -26.21, -113.54, -46.75, 0.0]
[-26.6, -112.84, -45.95, 0.0, -26.6, -112.84, -45.95, 0.0, -26.6, -112.84, -45.95, 0.0, -26.6, -112.84, -45.95, 0.0]
[-25.78, -113.12, -45.4, 0.0, -25.78, -113.12, -45.4, 0.0, -25.78, -113.12, -45.4, 0.0, -25.78, -113.12, -45.4, 0.0]
[-26.2, -112.4, -44.6, 0.0, -26.2, -112.4, -44.6, 0.0, -26.2, -112.4, -44.6, 0.0, -26.2, -112.4, -44.6, 0.0]
[-25.4, -112.66, -44.05, 0.0, -25.4, -112.66, -44.05, 0.0, -25.4, -112.66, -44.05, 0.0, -25.4, -112.66, -44.05, 0.0]
[-25.85, -111.91, -43.26, 0.0, -25.85, -111.91, -43.26, 0.0, -25.85, -111.91, -43.26, 0.0, -25.85, -111.91, -43.26, 0.0]
[-26.32, -111.14, -42.46, 0.0, -26.32, -111.14, -42.46, 0.0, -26.32, -111.14, -42.46, 0.0, -26.32, -111.14, -42.46, 0.0]