[-23.53, -90.95, -24.48, 0.0, -23.53, -90.95, -24.48, 0.0, -85.3, -85.28, 68.58, 0.0, -23.53, -90.95, -24.48, 0.0]
[-24.18, -90.15, -24.33, -0.72, -25.63, -88.36, -23.99, 0.22, -84.39, -87.01, 69.99, 0.73, -21.44, -93.49, -24.93, -0.22]
[-24.86, -89.32, -24.17, -1.44, -27.74, -85.72, -23.46, 0.43, -84.47, -87.08, 69.99, 1.46, -19.36, -95.98, -25.34, -0.45]
[-25.56, -88.45, -24.0, -2.15, -29.86, -83.02, -22.88, 0.64, -84.54, -87.13, 69.98, 2.2, -17.28, -98.44, -25.72, -0.69]
[-26.29, -87.54, -23.83, -2.85, -32.01, -80.25, -22.27, 0.84, -84.6, -87.21, 70.0, 2.94, -15.19, -100.86, -26.05, -0.93]
[-27.05, -86.59, -23.63, -3.55, -34.2, -77.41, -21.61, 1.04, -84.68, -87.25, 69.98, 3.69, -13.1, -103.25, -26.34, -1.18]
[-27.83, -85.6, -23.43, -4.24, -36.42, -74.48, -20.9, 1.23, -84.73, -87.31, 69.99, 4.44, -10.99, -105.61, -26.6, -1.43]
[-28.64, -84.58, -23.22, -4.93, -38.68, -71.46, -20.14, 1.42, -84.79, -87.36, 69.99, 5.2, -8.86, -107.94, -26.81, -1.69]
[-29.48, -83.51, -22.99, -5.61, -41.0, -68.33, -19.33, 1.6, -84.84, -87.41, 69.99, 5.96, -6.72, -110.26, -26.98, -1.96]
[-30.34, -82.4, -22.75, -6.28, -43.39, -65.07, -18.46, 1.78, -84.9, -87.45, 69.99, 6.73, -4.55, -112.55, -27.1, -2.24]
[-31.24, -81.26, -22.49, -6.94, -45.85, -61.67, -17.52, 1.96, -84.94, -87.49, 69.98, 7.49, -2.35, -114.83, -27.18, -2.52]
[-32.16, -80.06, -22.22, -7.6, -48.42, -58.09, -16.51, 2.13, -84.98, -87.53, 69.98, 8.27, -0.11, -117.09, -27.2, -2.81]
[-33.11, -78.83, -21.94, -8.26, -51.1, -54.31, -15.41, 2.3, -85.01, -87.58, 69.99, 9.04, -0.01, -117.78, -27.2, -3.12]
[-34.09, -77.55, -21.64, -8.9, -53.94, -50.27, -14.21, 2.46, -85.05, -87.61, 69.99, 9.82, -0.01, -118.38, -27.18, -3.43]
[-35.1, -76.22, -21.32, -9.54, -56.98, -45.91, -12.89, 2.62, -85.08, -87.64, 69.99, 10.6, -0.0, -118.97, -27.14, -3.74]
[-36.14, -74.84, -20.99, -10.17, -60.29, -41.12, -11.41, 2.78, -85.1, -87.67, 69.99, 11.38, -0.02, -119.53, -27.09, -4.07]
[-37.22, -73.42, -20.63, -10.79, -63.92, -35.8, -9.72, 2.93, -85.13, -87.69, 69.99, 12.17, -0.0, -120.11, -27.03, -4.41]
[-38.32, -71.94, -20.26, -11.41, -68.19, -29.5, -7.69, 3.08, -85.15, -87.7, 69.99, 12.96, -0.0, -120.66, -26.95, -4.76]
[-39.46, -70.41, -19.87, -12.02, -73.57, -21.48, -5.06, 3.23, -85.16, -87.73, 69.99, 13.75, -0.0, -121.2, -26.85, -5.12]
[-40.64, -68.81, -19.46, -12.62, -82.11, -8.58, -0.74, 3.37, -85.17, -87.75, 70.0, 14.54, -0.02, -121.71, -26.75, -5.5]
[-41.86, -67.16, -19.02, -13.22, -86.23, -1.26, 1.74, 3.51, -85.18, -87.75, 69.99, 15.33, -0.0, -122.24, -26.62, -5.88]
[-43.12, -65.44, -18.56, -13.81, -85.01, -1.75, 1.59, 3.65, -85.18, -87.76, 70.0, 16.12, -0.0, -122.74, -26.48, -6.28]
[-44.42, -63.65, -18.07, -14.39, -83.95, -1.97, 1.54, 3.79, -85.19, -87.75, 69.98, 16.91, -0.0, -123.23, -26.33, -6.69]
[-45.76, -61.79, -17.56, -14.96, -83.02, -1.99, 1.58, 3.92, -85.18, -87.76, 70.0, 17.7, -0.02, -123.68, -26.16, -7.11]
[-45.76, -61.79, -17.56, -14.96, -83.25, -1.93, 0.91, 3.53, -85.18, -87.76, 70.0, 17.7, -0.02, -123.68, -26.16, -7.11]
[-45.76, -61.79, -17.56, -14.96, -83.82, -1.35, 0.42, 3.15, -85.18, -87.76, 70.0, 17.7, -0.02, -123.68, -26.16, -7.11]
[-45.76, -61.79, -17.56, -14.96, -83.73, -1.7, -0.39, 2.77, -85.18, -87.76, 70.0, 17.7, -0.02, -123.68, -26.16, -7.11]
[-45.76, -61.79, -17.56, -14.96, -83.95, -1.58, -1.02, 2.4, -85.18, -87.76, 70.0, 17.7, -0.02, -123.68, -26.16, -7.11]
[-45.76, -61.79, -17.56, -14.96, -84.57, -0.83, -1.43, 2.03, -85.18, -87.76, 70.0, 17.7, -0.02, -123.68, -26.16, -7.11]
[-45.76, -61.79, -17.56, -14.96, -84.23, -1.47, -2.32, 1.66, -85.18, -87.76, 70.0, 17.7, -0.02, -123.68, -26.16, -7.11]
[-45.76, -61.79, -17.56, -14.96, -84.25, -1.57, -3.01, 1.3, -85.18, -87.76, 70.0, 17.7, -0.02, -123.68, -26.16, -7.11]
[-45.76, -61.79, -17.56, -14.96, -84.5, -1.28, -3.56, 0.94, -85.18, -87.76, 70.0, 17.7, -0.02, -123.68, -26.16, -7.11]
[-45.76, -61.79, -17.56, -14.96, -83.99, -2.1, -4.49, 0.59, -85.18, -87.76, 70.0, 17.7, -0.02, -123.68, -26.16, -7.11]
[-45.76, -61.79, -17.56, -14.96, -84.55, -1.3, -4.85, 0.24, -85.18, -87.76, 70.0, 17.7, -0.02, -123.68, -26.16, -7.11]
[-45.76, -61.79, -17.56, -14.96, -84.31, -1.66, -5.61, -0.1, -85.18, -87.76, 70.0, 17.7, -0.02, -123.68, -26.16, -7.11]
[-45.76, -61.79, -17.56, -14.96, -84.22, -1.77, -6.27, -0.44, -85.18, -87.76, 70.0, 17.7, -0.02, -123.68, -26.16, -7.11]
[-45.76, -61.79, -17.56, -14.96, -84.23, -1.71, -6.86, -0.78, -85.18, -87.76, 70.0, 17.7, -0.02, -123.68, -26.16, -7.11]
[-45.76, -61.79, -17.56, -14.96, -84.33, -1.48, -7.39, -1.11, -85.18, -87.76, 70.0, 17.7, -0.02, -123.68, -26.16, -7.11]
[-45.76, -61.79, -17.56, -14.96, -84.55, -1.04, -7.84, -1.44, -85.18, -87.76, 70.0, 17.7, -0.02, -123.68, -26.16, -7.11]
[-45.76, -61.79, -17.56, -14.96, -83.77, -2.07, -8.78, -1.76, -85.18, -87.76, 70.0, 17.7, -0.02, -123.68, -26.16, -7.11]
[-45.76, -61.79, -17.56, -14.96, -83.95, -1.65, -9.22, -2.08, -85.18, -87.76, 70.0, 17.7, -0.02, -123.68, -26.16, -7.11]
[-45.76, -61.79, -17.56, -14.96, -84.24, -1.01, -9.58, -2.4, -85.18, -87.76, 70.0, 17.7, -0.02, -123.68, -26.16, -7.11]
[-45.76, -61.79, -17.56, -14.96, -83.44, -1.99, -10.48, -2.71, -85.18, -87.76, 70.0, 17.7, -0.02, -123.68, -26.16, -7.11]
[-45.76, -61.79, -17.56, -14.96, -83.56, -1.55, -10.88, -3.02, -85.18, -87.76, 70.0, 17.7, -0.02, -123.68, -26.16, -7.11]
[-45.76, -61.79, -17.56, -14.96, -83.73, -1.01, -11.25, -3.32, -85.18, -87.76, 70.0, 17.7, -0.02, -123.68, -26.16, -7.11]
[-45.76, -61.79, -17.56, -14.96, -82.78, -2.14, -12.16, -3.63, -85.18, -87.76, 70.0, 17.7, -0.02, -123.68, -26.16, -7.11]
[-45.76, -61.79, -17.56, -14.96, -82.66, -1.97, -12.63, -3.92, -85.18, -87.76, 70.0, 17.7, -0.02, -123.68, -26.16, -7.11]
[-45.76, -61.79, -17.56, -14.96, -82.45, -1.92, -13.13, -4.22, -85.18, -87.76, 70.0, 17.7, -0.02, -123.68, -26.16, -7.11]
[-45.76, -61.79, -17.56, -14.96, -82.13, -2.01, -13.66, -4.51, -85.18, -87.76, 70.0, 17.7, -0.02, -123.68, -26.16, -7.11]
[-45.76, -61.79, -17.56, -14.96, -82.74, -0.66, -13.7, -4.8, -85.18, -87.76, 70.0, 17.7, -0.02, -123.68, -26.16, -7.11]
[-45.76, -61.79, -17.56, -14.96, -81.9, -1.47, -14.46, -5.08, -85.18, -87.76, 70.0, 17.7, -0.02, -123.68, -26.16, -7.11]
[-45.76, -61.79, -17.56, -14.96, -82.34, -0.32, -14.54, -5.36, -85.18, -87.76, 70.0, 17.7, -0.02, -123.68, -26.16, -7.11]
[-45.76, -61.79, -17.56, -14.96, -80.96, -1.87, -15.53, -5.64, -85.18, -87.76, 70.0, 17.7, -0.02, -123.68, -26.16, -7.11]
[-45.76, -61.79, -17.56, -14.96, -80.65, -1.81, -15.95, -5.92, -85.18, -87.76, 70.0, 17.7, -0.02, -123.68, -26.16, -7.11]
[-45.75, -61.81, -17.56, -14.96, -80.61, -1.86, -15.97, -5.92, -85.19, -87.76, 69.99, 17.7, -0.03, -123.68, -26.16, -7.11]
[-45.75, -61.81, -17.56, -14.96, -80.3, -1.63, -15.23, -5.92, -85.19, -87.76, 69.99, 17.7, -0.03, -123.68, -26.16, -7.11]
[-45.75, -61.81, -17.56, -14.96, -79.89, -1.55, -14.53, -5.92, -85.19, -87.76, 69.99, 17.7, -0.03, -123.68, -26.16, -7.11]
[-45.75, -61.81, -17.56, -14.96, -79.36, -1.62, -13.88, -5.92, -85.19, -87.76, 69.99, 17.7, -0.03, -123.68, -26.16, -7.11]
[-45.75, -61.81, -17.56, -14.96, -78.73, -1.83, -13.27, -5.92, -85.19, -87.76, 69.99, 17.7, -0.03, -123.68, -26.16, -7.11]
[-45.75, -61.81, -17.56, -14.96, -78.03, -2.12, -12.7, -5.92, -85.19, -87.76, 69.99, 17.7, -0.03, -123.68, -26.16, -7.11]
[-45.75, -61.81, -17.56, -14.96, -78.11, -1.23, -11.72, -5.92, -85.19, -87.76, 69.99, 17.7, -0.03, -123.68, -26.16, -7.11]
[-45.75, -61.81, -17.56, -14.96, -77.16, -1.86, -11.25, -5.92, -85.19, -87.76, 69.99, 17.7, -0.03, -123.68, -26.16, -7.11]
[-45.75, -61.81, -17.56, -14.96, -77.12, -1.12, -10.32, -5.92, -85.19, -87.76, 69.99, 17.7, -0.03, -123.68, -26.16, -7.11]
[-45.75, -61.81, -17.56, -14.96, -76.0, -1.97, -9.92, -5.92, -85.19, -87.76, 69.99, 17.7, -0.03, -123.68, -26.16, -7.11]
[-45.75, -61.81, -17.56, -14.96, -75.75, -1.51, -9.08, -5.92, -85.19, -87.76, 69.99, 17.7, -0.03, -123.68, -26.16, -7.11]
[-45.75, -61.81, -17.56, -14.96, -75.53, -0.98, -8.21, -5.92, -85.19, -87.76, 69.99, 17.7, -0.03, -123.68, -26.16, -7.11]
[-45.75, -61.81, -17.56, -14.96, -74.21, -2.09, -7.9, -5.92, -85.19, -87.76, 69.99, 17.7, -0.03, -123.68, -26.16, -7.11]
[-45.75, -61.81, -17.56, -14.96, -73.76, -1.86, -7.13, -5.92, -85.19, -87.76, 69.99, 17.7, -0.03, -123.68, -26.16, -7.11]
[-45.75, -61.81, -17.56, -14.96, -73.3, -1.65, -6.36, -5.92, -85.19, -87.76, 69.99, 17.7, -0.03, -123.68, -26.16, -7.11]
[-45.75, -61.81, -17.56, -14.96, -72.81, -1.45, -5.59, -5.92, -85.19, -87.76, 69.99, 17.7, -0.03, -123.68, -26.16, -7.11]
[-45.75, -61.81, -17.56, -14.96, -72.32, -1.24, -4.82, -5.92, -85.19, -87.76, 69.99, 17.7, -0.03, -123.68, -26.16, -7.11]
[-45.75, -61.81, -17.56, -14.96, -71.83, -1.01, -4.04, -5.92, -85.19, -87.76, 69.99, 17.7, -0.03, -123.68, -26.16, -7.11]
[-45.75, -61.81, -17.56, -14.96, -71.38, -0.7, -3.23, -5.92, -85.19, -87.76, 69.99, 17.7, -0.03, -123.68, -26.16, -7.11]
[-45.75, -61.81, -17.56, -14.96, -69.8, -2.06, -2.98, -5.92, -85.19, -87.76, 69.99, 17.7, -0.03, -123.68, -26.16, -7.11]
[-45.75, -61.81, -17.56, -14.96, -69.24, -1.88, -2.21, -5.92, -85.19, -87.76, 69.99, 17.7, -0.03, -123.68, -26.16, -7.11]
[-45.75, -61.81, -17.56, -14.96, -68.72, -1.61, -1.4, -5.92, -85.19, -87.76, 69.99, 17.7, -0.03, -123.68, -26.16, -7.11]
[-45.75, -61.81, -17.56, -14.96, -68.28, -1.21, -0.55, -5.92, -85.19, -87.76, 69.99, 17.7, -0.03, -123.68, -26.16, -7.11]
[-45.75, -61.81, -17.56, -14.96, -68.24, -0.17, 0.53, -5.92, -85.19, -87.76, 69.99, 17.7, -0.03, -123.68, -26.16, -7.11]
[-45.75, -61.81, -17.56, -14.96, -66.56, -1.59, 0.77, -5.92, -85.19, -87.76, 69.99, 17.7, -0.03, -123.68, -26.16, -7.11]
[-45.75, -61.81, -17.56, -14.96, -66.5, -0.55, 1.85, -5.92, -85.19, -87.76, 69.99, 17.7, -0.03, -123.68, -26.16, -7.11]
[-45.75, -61.81, -17.56, -14.96, -65.2, -1.35, 2.32, -5.92, -85.19, -87.76, 69.99, 17.7, -0.03, -123.68, -26.16, -7.11]
[-45.75, -61.81, -17.56, -14.96, -64.21, -1.65, 2.95, -5.92, -85.19, -87.76, 69.99, 17.7, -0.03, -123.68, -26.16, -7.11]
[-45.75, -61.81, -17.56, -14.96, -63.37, -1.71, 3.67, -5.92, -85.19, -87.76, 69.99, 17.7, -0.03, -123.68, -26.16, -7.11]
[-45.75, -61.81, -17.56, -14.96, -62.67, -1.54, 4.48, -5.92, -85.19, -87.76, 69.99, 17.7, -0.03, -123.68, -26.16, -7.11]
[-45.75, -61.81, -17.56, -14.96, -62.21, -0.97, 5.42, -5.92, -85.19, -87.76, 69.99, 17.7, -0.03, -123.68, -26.16, -7.11]
[-44.07, -64.13, -18.2, -14.57, -62.66, -1.66, 4.96, -6.19, -85.13, -87.68, 69.98, 17.03, -0.01, -123.35, -26.29, -6.51]
[-42.44, -66.37, -18.81, -14.16, -63.87, -1.17, 4.91, -6.47, -85.07, -87.62, 69.99, 16.36, -0.0, -123.0, -26.4, -5.93]
[-40.85, -68.53, -19.38, -13.75, -64.84, -1.04, 4.75, -6.75, -84.99, -87.56, 70.0, 15.7, -0.0, -122.63, -26.52, -5.36]
[-39.3, -70.63, -19.93, -13.33, -65.45, -1.41, 4.43, -7.03, -84.92, -87.49, 70.0, 15.05, -0.0, -122.25, -26.62, -4.8]
[-37.79, -72.66, -20.44, -12.91, -65.86, -2.06, 4.03, -7.32, -84.85, -87.41, 69.99, 14.39, -0.01, -121.87, -26.72, -4.26]
[-36.3, -74.63, -20.94, -12.48, -66.78, -1.92, 3.89, -7.61, -84.78, -87.34, 69.99, 13.75, -0.02, -121.46, -26.8, -3.73]
[-34.85, -76.55, -21.4, -12.04, -68.49, -0.58, 4.17, -7.91, -84.69, -87.28, 70.0, 13.11, -0.03, -121.05, -26.88, -3.22]
[-33.42, -78.42, -21.84, -11.6, -68.53, -1.71, 3.63, -8.2, -84.6, -87.2, 70.0, 12.47, -0.01, -120.65, -26.95, -2.71]
[-32.02, -80.24, -22.26, -11.15, -69.32, -1.71, 3.47, -8.51, -84.52, -87.12, 69.99, 11.84, -0.02, -120.22, -27.01, -2.22]
[-30.64, -82.02, -22.66, -10.69, -70.83, -0.6, 3.7, -8.81, -84.43, -87.04, 69.99, 11.21, -0.01, -119.8, -27.07, -1.74]
[-29.29, -83.76, -23.04, -10.22, -70.65, -2.01, 3.08, -9.12, -84.34, -86.96, 69.98, 10.59, -0.03, -119.34, -27.11, -1.27]
[-27.95, -85.45, -23.4, -9.75, -72.11, -0.94, 3.31, -9.43, -84.24, -86.88, 69.99, 9.98, -0.01, -118.9, -27.15, -0.81]
[-26.63, -87.11, -23.74, -9.27, -72.11, -2.04, 2.81, -9.75, -84.14, -86.79, 69.98, 9.37, -0.0, -118.46, -27.18, -0.37]
[-25.33, -88.73, -24.06, -8.78, -73.67, -0.78, 3.12, -10.07, -84.03, -86.72, 69.99, 8.77, -0.02, -117.97, -27.19, 0.07]
[-24.04, -90.32, -24.36, -8.29, -73.63, -1.91, 2.62, -10.39, -83.92, -86.63, 69.98, 8.17, -0.01, -117.5, -27.2, 0.5]
[-22.77, -91.88, -24.65, -7.79, -74.2, -2.1, 2.45, -10.72, -83.8, -86.56, 69.99, 7.58, -0.66, -116.54, -27.2, 0.92]
[-21.51, -93.4, -24.92, -7.28, -75.15, -1.71, 2.48, -11.05, -83.68, -86.48, 69.99, 6.99, -2.43, -114.75, -27.18, 1.32]
[-20.27, -94.9, -25.17, -6.76, -75.69, -1.92, 2.31, -11.38, -83.55, -86.4, 70.0, 6.41, -4.18, -112.94, -27.12, 1.72]
[-19.04, -96.36, -25.4, -6.23, -76.63, -1.5, 2.36, -11.72, -83.42, -86.32, 70.0, 5.84, -5.92, -111.11, -27.03, 2.11]
[-17.83, -97.8, -25.62, -5.7, -77.1, -1.78, 2.19, -12.07, -83.29, -86.23, 69.99, 5.27, -7.64, -109.27, -26.91, 2.49]
[-16.62, -99.21, -25.83, -5.16, -78.02, -1.38, 2.25, -12.41, -83.15, -86.16, 69.99, 4.71, -9.36, -107.41, -26.77, 2.87]
[-15.43, -100.59, -26.02, -4.61, -78.41, -1.74, 2.05, -12.77, -83.02, -86.07, 69.99, 4.15, -11.06, -105.53, -26.59, 3.23]
[-14.25, -101.94, -26.19, -4.05, -79.24, -1.43, 2.09, -13.12, -82.87, -86.0, 70.0, 3.6, -12.76, -103.63, -26.39, 3.59]
[-13.08, -103.27, -26.35, -3.48, -79.56, -1.86, 1.88, -13.48, -82.71, -85.92, 70.0, 3.06, -14.45, -101.71, -26.16, 3.94]
[-11.92, -104.57, -26.49, -2.9, -80.29, -1.67, 1.89, -13.85, -82.56, -85.83, 69.99, 2.52, -16.15, -99.76, -25.91, 4.28]
[-10.77, -105.85, -26.62, -2.32, -81.89, -0.16, 2.35, -14.22, -82.4, -85.76, 69.99, 1.99, -17.84, -97.79, -25.62, 4.62]
[-9.63, -107.11, -26.74, -1.73, -81.2, -2.08, 1.66, -14.59, -82.24, -85.68, 69.99, 1.46, -19.53, -95.79, -25.32, 4.94]
[-8.5, -108.34, -26.84, -1.12, -82.24, -1.38, 1.85, -14.97, -82.06, -85.62, 70.0, 0.94, -21.22, -93.76, -24.98, 5.26]
[-7.38, -109.54, -26.93, -0.51, -82.79, -1.42, 1.81, -15.35, -81.89, -85.54, 70.0, 0.42, -22.93, -91.69, -24.62, 5.58]
[-6.28, -110.73, -27.0, 0.11, -82.86, -2.14, 1.53, -15.74, -81.71, -85.46, 69.99, -0.09, -24.64, -89.59, -24.23, 5.89]
[-5.18, -111.89, -27.07, 0.73, -84.38, -0.69, 2.0, -16.13, -81.54, -85.38, 69.98, -0.59, -26.36, -87.45, -23.81, 6.19]
[-4.1, -113.02, -27.12, 1.37, -84.13, -1.86, 1.58, -16.52, -81.35, -85.31, 69.98, -1.09, -28.09, -85.28, -23.37, 6.48]
[-3.02, -114.14, -27.16, 2.02, -84.52, -2.07, 1.49, -16.92, -81.14, -85.25, 69.99, -1.58, -29.84, -83.05, -22.89, 6.77]
[-1.96, -115.23, -27.18, 2.67, -85.26, -1.74, 1.59, -17.33, -80.93, -85.19, 70.0, -2.06, -31.61, -80.78, -22.39, 7.06]
[-0.9, -116.29, -27.2, 3.34, -85.57, -2.05, 1.47, -17.74, -80.73, -85.13, 70.0, -2.54, -33.4, -78.45, -21.85, 7.34]
[-0.01, -117.23, -27.2, 4.01, -86.24, -1.8, 1.55, -18.16, -80.52, -85.06, 69.99, -3.02, -35.22, -76.07, -21.29, 7.61]
[-0.01, -117.51, -27.2, 4.69, -84.09, -5.7, 0.23, -18.58, -80.3, -85.0, 69.99, -3.49, -37.07, -73.62, -20.69, 7.88]
[-0.0, -117.79, -27.2, 5.38, -77.2, -16.09, -3.27, -19.0, -80.08, -84.95, 69.99, -3.95, -38.95, -71.1, -20.05, 8.14]
[-0.01, -118.04, -27.19, 6.08, -73.17, -22.11, -5.27, -19.43, -79.85, -84.88, 69.99, -4.41, -40.87, -68.5, -19.38, 8.4]
[-0.0, -118.3, -27.18, 6.79, -70.1, -26.69, -6.78, -19.86, -79.62, -84.84, 69.99, -4.86, -42.85, -65.81, -18.66, 8.65]
[-0.0, -118.3, -27.18, 6.79, -70.1, -26.69, -6.78, -19.86, -80.54, -83.72, 69.98, -4.42, -42.85, -65.81, -18.66, 8.65]
[-0.0, -118.3, -27.18, 6.79, -70.1, -26.69, -6.78, -19.86, -81.45, -82.62, 69.99, -3.99, -42.85, -65.81, -18.66, 8.65]
[-0.0, -118.3, -27.18, 6.79, -70.1, -26.69, -6.78, -19.86, -82.33, -81.53, 69.99, -3.57, -42.85, -65.81, -18.66, 8.65]
[-0.0, -118.3, -27.18, 6.79, -70.1, -26.69, -6.78, -19.86, -83.21, -80.43, 69.98, -3.15, -42.85, -65.81, -18.66, 8.65]
[-0.0, -118.3, -27.18, 6.79, -70.1, -26.69, -6.78, -19.86, -84.05, -79.35, 70.0, -2.74, -42.85, -65.81, -18.66, 8.65]
[-0.0, -118.3, -27.18, 6.79, -70.1, -26.69, -6.78, -19.86, -84.9, -78.25, 69.98, -2.33, -42.85, -65.81, -18.66, 8.65]
[-0.0, -118.3, -27.18, 6.79, -70.1, -26.69, -6.78, -19.86, -85.72, -77.17, 69.99, -1.93, -42.85, -65.81, -18.66, 8.65]
[-0.0, -118.3, -27.18, 6.79, -70.1, -26.69, -6.78, -19.86, -86.53, -76.09, 69.98, -1.54, -42.85, -65.81, -18.66, 8.65]
[-0.0, -118.3, -27.18, 6.79, -70.1, -26.69, -6.78, -19.86, -87.33, -75.01, 69.98, -1.14, -42.85, -65.81, -18.66, 8.65]
[-0.0, -118.3, -27.18, 6.79, -70.1, -26.69, -6.78, -19.86, -88.09, -73.96, 69.99, -0.76, -42.85, -65.81, -18.66, 8.65]
[-0.0, -118.3, -27.18, 6.79, -70.1, -26.69, -6.78, -19.86, -88.86, -72.88, 69.98, -0.38, -42.85, -65.81, -18.66, 8.65]
[-0.0, -118.3, -27.18, 6.79, -70.1, -26.69, -6.78, -19.86, -89.6, -71.83, 69.99, 0.0, -42.85, -65.81, -18.66, 8.65]
[-0.0, -118.3, -27.18, 6.79, -70.1, -26.69, -6.78, -19.86, -90.33, -70.78, 69.99, 0.37, -42.85, -65.81, -18.66, 8.65]
[-0.0, -118.3, -27.18, 6.79, -70.1, -26.69, -6.78, -19.86, -91.04, -69.73, 70.0, 0.74, -42.85, -65.81, -18.66, 8.65]
[-0.0, -118.3, -27.18, 6.79, -70.1, -26.69, -6.78, -19.86, -91.74, -68.68, 70.0, 1.1, -42.85, -65.81, -18.66, 8.65]
[-0.0, -118.3, -27.18, 6.79, -70.1, -26.69, -6.78, -19.86, -92.43, -67.63, 70.0, 1.46, -42.85, -65.81, -18.66, 8.65]
[-0.0, -118.3, -27.18, 6.79, -70.1, -26.69, -6.78, -19.86, -93.67, -65.68, 69.34, 1.81, -42.85, -65.81, -18.66, 8.65]
[-0.0, -118.3, -27.18, 6.79, -70.1, -26.69, -6.78, -19.86, -95.05, -63.48, 68.53, 2.16, -42.85, -65.81, -18.66, 8.65]
[-0.0, -118.3, -27.18, 6.79, -70.1, -26.69, -6.78, -19.86, -96.46, -61.21, 67.67, 2.5, -42.85, -65.81, -18.66, 8.65]
[-0.0, -118.3, -27.18, 6.79, -70.1, -26.69, -6.78, -19.86, -97.91, -58.84, 66.76, 2.84, -42.85, -65.81, -18.66, 8.65]
[-0.0, -118.3, -27.18, 6.79, -70.1, -26.69, -6.78, -19.86, -99.41, -56.38, 65.8, 3.18, -42.85, -65.81, -18.66, 8.65]
[-0.0, -118.3, -27.18, 6.79, -70.1, -26.69, -6.78, -19.86, -100.96, -53.81, 64.78, 3.51, -42.85, -65.81, -18.66, 8.65]
[-0.0, -118.3, -27.18, 6.79, -70.1, -26.69, -6.78, -19.86, -102.57, -51.12, 63.69, 3.83, -42.85, -65.81, -18.66, 8.65]
[-0.0, -118.3, -27.18, 6.79, -70.1, -26.69, -6.78, -19.86, -104.26, -48.27, 62.53, 4.15, -42.85, -65.81, -18.66, 8.65]
[-0.0, -118.3, -27.18, 6.79, -70.1, -26.69, -6.78, -19.86, -106.03, -45.25, 61.28, 4.47, -42.85, -65.81, -18.66, 8.65]
[-0.0, -118.3, -27.18, 6.79, -70.1, -26.69, -6.78, -19.86, -107.91, -42.01, 59.92, 4.79, -42.85, -65.81, -18.66, 8.65]
[-0.0, -118.3, -27.18, 6.79, -70.1, -26.69, -6.78, -19.86, -109.93, -38.51, 58.44, 5.1, -42.85, -65.81, -18.66, 8.65]
[-0.0, -118.3, -27.18, 6.79, -70.1, -26.69, -6.78, -19.86, -112.12, -34.66, 56.78, 5.4, -42.85, -65.81, -18.66, 8.65]
[-0.0, -118.3, -27.18, 6.79, -70.1, -26.69, -6.78, -19.86, -114.57, -30.33, 54.89, 5.7, -42.85, -65.81, -18.66, 8.65]
[-0.0, -118.3, -27.18, 6.79, -70.1, -26.69, -6.78, -19.86, -117.35, -25.34, 52.7, 6.0, -42.85, -65.81, -18.66, 8.65]
[-0.0, -118.3, -27.18, 6.79, -70.01, -26.81, -6.82, -19.86, -117.37, -25.32, 52.69, 6.0, -42.84, -65.82, -18.66, 8.64]
[-0.0, -118.3, -27.18, 6.79, -70.01, -26.81, -6.82, -19.86, -115.52, -28.08, 53.6, 6.0, -42.84, -65.82, -18.66, 8.64]
[-0.0, -118.3, -27.18, 6.79, -70.01, -26.81, -6.82, -19.86, -113.8, -30.58, 54.38, 6.0, -42.84, -65.82, -18.66, 8.64]
[-0.0, -118.3, -27.18, 6.79, -70.01, -26.81, -6.82, -19.86, -112.18, -32.88, 55.06, 6.0, -42.84, -65.82, -18.66, 8.64]
[-0.0, -118.3, -27.18, 6.79, -70.01, -26.81, -6.82, -19.86, -110.65, -35.01, 55.66, 6.0, -42.84, -65.82, -18.66, 8.64]
[-0.0, -118.3, -27.18, 6.79, -70.01, -26.81, -6.82, -19.86, -109.18, -37.01, 56.19, 6.0, -42.84, -65.82, -18.66, 8.64]
[-0.0, -118.3, -27.18, 6.79, -70.01, -26.81, -6.82, -19.86, -107.77, -38.9, 56.66, 6.0, -42.84, -65.82, -18.66, 8.64]
[-0.0, -118.3, -27.18, 6.79, -70.01, -26.81, -6.82, -19.86, -106.4, -40.68, 57.08, 6.0, -42.84, -65.82, -18.66, 8.64]
[-0.0, -118.3, -27.18, 6.79, -70.01, -26.81, -6.82, -19.86, -105.08, -42.38, 57.46, 6.0, -42.84, -65.82, -18.66, 8.64]
[-0.0, -118.3, -27.18, 6.79, -70.01, -26.81, -6.82, -19.86, -103.8, -44.0, 57.79, 6.0, -42.84, -65.82, -18.66, 8.64]
[-0.0, -118.3, -27.18, 6.79, -70.01, -26.81, -6.82, -19.86, -102.54, -45.55, 58.09, 6.0, -42.84, -65.82, -18.66, 8.64]
[-0.0, -118.3, -27.18, 6.79, -70.01, -26.81, -6.82, -19.86, -101.32, -47.03, 58.35, 6.0, -42.84, -65.82, -18.66, 8.64]
[-0.0, -118.3, -27.18, 6.79, -70.01, -26.81, -6.82, -19.86, -100.12, -48.46, 58.58, 6.0, -42.84, -65.82, -18.66, 8.64]
[-0.0, -118.3, -27.18, 6.79, -70.01, -26.81, -6.82, -19.86, -98.94, -49.84, 58.78, 6.0, -42.84, -65.82, -18.66, 8.64]
[-0.0, -118.3, -27.18, 6.79, -70.01, -26.81, -6.82, -19.86, -97.79, -51.17, 58.96, 6.0, -42.84, -65.82, -18.66, 8.64]
[-0.0, -118.3, -27.18, 6.79, -70.01, -26.81, -6.82, -19.86, -96.65, -52.45, 59.1, 6.0, -42.84, -65.82, -18.66, 8.64]
[-0.0, -118.3, -27.18, 6.79, -70.01, -26.81, -6.82, -19.86, -95.53, -53.69, 59.22, 6.0, -42.84, -65.82, -18.66, 8.64]
[-0.0, -118.3, -27.18, 6.79, -70.01, -26.81, -6.82, -19.86, -94.43, -54.89, 59.32, 6.0, -42.84, -65.82, -18.66, 8.64]
[-0.0, -118.3, -27.18, 6.79, -70.01, -26.81, -6.82, -19.86, -93.34, -56.06, 59.4, 6.0, -42.84, -65.82, -18.66, 8.64]
[-0.0, -118.3, -27.18, 6.79, -70.01, -26.81, -6.82, -19.86, -92.27, -57.18, 59.45, 6.0, -42.84, -65.82, -18.66, 8.64]
[-0.0, -118.3, -27.18, 6.79, -70.01, -26.81, -6.82, -19.86, -91.21, -58.28, 59.48, 6.0, -42.84, -65.82, -18.66, 8.64]
[-0.0, -118.3, -27.18, 6.79, -70.01, -26.81, -6.82, -19.86, -90.16, -59.34, 59.5, 6.0, -42.84, -65.82, -18.66, 8.64]
[-0.0, -118.3, -27.18, 6.79, -70.01, -26.81, -6.82, -19.86, -89.12, -60.37, 59.49, 6.0, -42.84, -65.82, -18.66, 8.64]
[-0.0, -118.3, -27.18, 6.79, -70.01, -26.81, -6.82, -19.86, -88.09, -61.37, 59.46, 6.0, -42.84, -65.82, -18.66, 8.64]
[-0.0, -118.3, -27.18, 6.79, -70.01, -26.81, -6.82, -19.86, -87.07, -62.35, 59.42, 6.0, -42.84, -65.82, -18.66, 8.64]
[-0.0, -118.3, -27.18, 6.79, -70.01, -26.81, -6.82, -19.86, -86.07, -63.29, 59.36, 6.0, -42.84, -65.82, -18.66, 8.64]
[-0.0, -118.3, -27.18, 6.79, -70.01, -26.81, -6.82, -19.86, -85.07, -64.21, 59.28, 6.0, -42.84, -65.82, -18.66, 8.64]
[-0.0, -118.3, -27.18, 6.79, -70.01, -26.81, -6.82, -19.86, -84.08, -65.11, 59.18, 6.0, -42.84, -65.82, -18.66, 8.64]
[-0.0, -118.3, -27.18, 6.79, -70.01, -26.81, -6.82, -19.86, -83.09, -65.98, 59.07, 6.0, -42.84, -65.82, -18.66, 8.64]
[-0.0, -118.3, -27.18, 6.79, -70.01, -26.81, -6.82, -19.86, -82.12, -66.82, 58.94, 6.0, -42.84, -65.82, -18.66, 8.64]
[-0.0, -118.3, -27.18, 6.79, -70.01, -26.81, -6.82, -19.86, -81.15, -67.65, 58.8, 6.0, -42.84, -65.82, -18.66, 8.64]
[-0.01, -117.81, -27.2, 7.2, -66.43, -32.13, -8.55, -19.56, -80.67, -68.96, 59.63, 5.75, -43.95, -64.29, -18.25, 8.12]
[-0.01, -117.32, -27.2, 7.61, -63.28, -36.76, -10.03, -19.27, -80.2, -70.25, 60.44, 5.49, -45.1, -62.71, -17.81, 7.6]
[-1.37, -115.82, -27.19, 8.0, -60.42, -40.93, -11.35, -18.96, -79.74, -71.51, 61.25, 5.23, -46.28, -61.07, -17.36, 7.09]
[-3.18, -113.97, -27.15, 8.39, -57.84, -44.67, -12.51, -18.65, -79.31, -72.74, 62.04, 4.96, -47.51, -59.37, -16.88, 6.58]
[-4.97, -112.11, -27.08, 8.76, -55.44, -48.13, -13.57, -18.34, -78.88, -73.95, 62.83, 4.69, -48.78, -57.59, -16.37, 6.08]
[-6.75, -110.22, -26.97, 9.13, -53.18, -51.36, -14.54, -18.02, -78.48, -75.14, 63.61, 4.42, -50.09, -55.74, -15.83, 5.58]
[-8.51, -108.33, -26.84, 9.49, -51.04, -54.41, -15.44, -17.7, -78.08, -76.3, 64.38, 4.14, -51.46, -53.81, -15.27, 5.09]
[-10.26, -106.41, -26.67, 9.84, -48.99, -57.3, -16.28, -17.37, -77.7, -77.44, 65.15, 3.86, -52.88, -51.79, -14.67, 4.6]
[-12.0, -104.47, -26.48, 10.19, -47.02, -60.05, -17.07, -17.03, -77.34, -78.57, 65.91, 3.58, -54.37, -49.66, -14.03, 4.12]
[-13.74, -102.51, -26.26, 10.53, -45.11, -62.69, -17.81, -16.69, -76.99, -79.67, 66.66, 3.29, -55.93, -47.42, -13.36, 3.65]
[-15.47, -100.53, -26.01, 10.85, -43.27, -65.23, -18.5, -16.34, -76.65, -80.75, 67.4, 3.0, -57.58, -45.05, -12.63, 3.18]
[-17.2, -98.52, -25.73, 11.18, -41.48, -67.68, -19.16, -15.99, -76.32, -81.82, 68.14, 2.7, -59.32, -42.53, -11.85, 2.72]
[-18.93, -96.49, -25.42, 11.49, -39.73, -70.04, -19.78, -15.63, -76.01, -82.87, 68.87, 2.4, -61.17, -39.83, -11.0, 2.26]
[-20.66, -94.42, -25.09, 11.8, -38.03, -72.33, -20.36, -15.27, -75.7, -83.9, 69.6, 2.09, -63.17, -36.91, -10.08, 1.81]
[-22.4, -92.32, -24.73, 12.1, -36.36, -74.56, -20.92, -14.89, -75.73, -84.44, 69.99, 1.78, -65.34, -33.72, -9.06, 1.36]
[-24.15, -90.19, -24.34, 12.4, -34.72, -76.72, -21.44, -14.52, -76.1, -84.46, 70.0, 1.46, -67.75, -30.16, -7.91, 0.91]
[-25.9, -88.02, -23.92, 12.69, -33.11, -78.83, -21.94, -14.13, -76.47, -84.47, 70.0, 1.14, -70.41, -26.19, -6.62, 0.48]
[-27.67, -85.8, -23.47, 12.97, -31.52, -80.89, -22.41, -13.74, -76.83, -84.49, 70.0, 0.82, -73.65, -21.36, -5.02, 0.04]
[-29.45, -83.55, -23.0, 13.25, -29.96, -82.89, -22.86, -13.34, -77.19, -84.51, 69.99, 0.49, -77.78, -15.16, -2.96, -0.38]
[-31.25, -81.24, -22.49, 13.52, -28.42, -84.86, -23.28, -12.93, -77.54, -84.52, 69.99, 0.15, -84.45, -5.01, 0.46, -0.81]
[-33.07, -78.88, -21.95, 13.79, -26.9, -86.78, -23.67, -12.52, -77.88, -84.56, 69.99, -0.19, -86.04, -1.91, 1.52, -1.22]
[-34.92, -76.46, -21.38, 14.05, -25.39, -88.66, -24.05, -12.1, -78.21, -84.6, 69.99, -0.53, -85.6, -1.78, 1.56, -1.64]
[-36.8, -73.97, -20.77, 14.3, -23.9, -90.5, -24.4, -11.67, -78.54, -84.64, 69.99, -0.88, -85.77, -0.75, 1.93, -2.04]
[-38.71, -71.41, -20.13, 14.55, -22.42, -92.31, -24.73, -11.24, -78.86, -84.68, 69.98, -1.24, -85.29, -0.66, 1.97, -2.45]
[-40.67, -68.77, -19.45, 14.8, -20.95, -94.09, -25.03, -10.79, -79.16, -84.75, 69.99, -1.6, -84.07, -1.67, 1.65, -2.84]
[-42.67, -66.04, -18.72, 15.04, -19.49, -95.83, -25.32, -10.34, -79.47, -84.81, 69.99, -1.97, -83.47, -1.74, 1.65, -3.24]
[-44.73, -63.21, -17.95, 15.28, -18.04, -97.55, -25.59, -9.88, -79.76, -84.87, 69.99, -2.34, -83.35, -1.07, 1.9, -3.62]
[-46.86, -60.26, -17.13, 15.51, -16.6, -99.23, -25.83, -9.41, -80.06, -84.93, 69.99, -2.72, -82.61, -1.34, 1.85, -4.01]
[-49.07, -57.18, -16.25, 15.74, -15.16, -100.89, -26.06, -8.93, -80.33, -85.01, 69.99, -3.1, -82.54, -0.56, 2.15, -4.39]
[-51.37, -53.93, -15.3, 15.96, -13.74, -102.52, -26.26, -8.45, -80.61, -85.09, 70.0, -3.49, -81.55, -1.15, 1.99, -4.76]
[-53.78, -50.49, -14.28, 16.18, -12.31, -104.13, -26.44, -7.95, -80.88, -85.17, 69.99, -3.89, -81.39, -0.5, 2.26, -5.13]
[-56.34, -46.82, -13.17, 16.4, -10.89, -105.71, -26.61, -7.45, -81.14, -85.25, 69.99, -4.29, -80.26, -1.28, 2.05, -5.5]
[-59.09, -42.86, -11.95, 16.61, -9.48, -107.27, -26.75, -6.93, -81.39, -85.34, 70.0, -4.7, -79.85, -0.96, 2.22, -5.86]
[-62.07, -38.51, -10.59, 16.81, -8.06, -108.81, -26.88, -6.41, -81.64, -85.44, 70.0, -5.11, -78.78, -1.62, 2.06, -6.22]
[-65.39, -33.63, -9.03, 17.02, -6.65, -110.33, -26.98, -5.88, -81.88, -85.53, 69.99, -5.53, -78.23, -1.49, 2.17, -6.57]
[-69.24, -27.94, -7.19, 17.22, -5.24, -111.82, -27.06, -5.34, -82.12, -85.62, 69.99, -5.96, -77.2, -2.05, 2.06, -6.92]
[-73.96, -20.89, -4.87, 17.41, -3.83, -113.3, -27.13, -4.78, -82.35, -85.73, 69.99, -6.39, -76.57, -2.0, 2.16, -7.26]
[-81.08, -10.15, -1.27, 17.61, -2.42, -114.75, -27.17, -4.22, -82.57, -85.84, 69.99, -6.84, -76.38, -1.27, 2.49, -7.6]
[-86.4, -1.3, 1.72, 17.8, -1.01, -116.19, -27.2, -3.65, -82.79, -85.95, 69.99, -7.28, -75.72, -1.25, 2.6, -7.94]
[-85.67, -1.25, 1.75, 17.98, -0.0, -117.31, -27.2, -3.07, -82.99, -86.07, 69.99, -7.74, -74.56, -1.94, 2.47, -8.27]
[-85.16, -0.86, 1.91, 18.16, -0.03, -117.67, -27.2, -2.47, -83.2, -86.19, 70.0, -8.2, -73.86, -1.92, 2.58, -8.6]
[-83.66, -1.94, 1.57, 18.34, -0.03, -118.04, -27.19, -1.87, -83.4, -86.31, 69.99, -8.67, -73.66, -1.14, 2.95, -8.92]
[-83.38, -1.18, 1.86, 18.52, -0.01, -118.42, -27.17, -1.25, -83.6, -86.42, 69.98, -9.15, -73.01, -1.03, 3.11, -9.24]
[-82.25, -1.65, 1.75, 18.7, -0.0, -118.78, -27.15, -0.63, -83.78, -86.55, 69.99, -9.63, -71.82, -1.7, 3.01, -9.56]
[-81.36, -1.78, 1.77, 18.87, -0.01, -119.12, -27.13, 0.01, -83.96, -86.67, 69.98, -10.12, -71.19, -1.51, 3.21, -9.87]
[-81.36, -1.78, 1.77, 18.87, -0.01, -119.12, -27.13, 0.01, -83.96, -86.67, 69.98, -10.12, -73.31, -0.73, 2.6, -9.6]
[-81.36, -1.78, 1.77, 18.87, -0.01, -119.12, -27.13, 0.01, -83.96, -86.67, 69.98, -10.12, -74.18, -1.78, 1.38, -9.33]
[-81.36, -1.78, 1.77, 18.87, -0.01, -119.12, -27.13, 0.01, -83.96, -86.67, 69.98, -10.12, -76.04, -1.3, 0.68, -9.05]
[-81.36, -1.78, 1.77, 18.87, -0.01, -119.12, -27.13, 0.01, -83.96, -86.67, 69.98, -10.12, -77.78, -0.96, -0.04, -8.77]
[-81.36, -1.78, 1.77, 18.87, -0.01, -119.12, -27.13, 0.01, -83.96, -86.67, 69.98, -10.12, -79.18, -1.08, -0.92, -8.49]
[-81.36, -1.78, 1.77, 18.87, -0.01, -119.12, -27.13, 0.01, -83.96, -86.67, 69.98, -10.12, -80.26, -1.66, -1.94, -8.2]
[-81.36, -1.78, 1.77, 18.87, -0.01, -119.12, -27.13, 0.01, -83.96, -86.67, 69.98, -10.12, -82.03, -1.16, -2.58, -7.91]
[-81.36, -1.78, 1.77, 18.87, -0.01, -119.12, -27.13, 0.01, -83.96, -86.67, 69.98, -10.12, -83.33, -1.31, -3.44, -7.62]
[-81.36, -1.78, 1.77, 18.87, -0.01, -119.12, -27.13, 0.01, -83.96, -86.67, 69.98, -10.12, -84.24, -2.02, -4.48, -7.32]
[-81.36, -1.78, 1.77, 18.87, -0.01, -119.12, -27.13, 0.01, -83.96, -86.67, 69.98, -10.12, -85.61, -2.01, -5.27, -7.02]
[-81.36, -1.78, 1.77, 18.87, -0.01, -119.12, -27.13, 0.01, -83.96, -86.67, 69.98, -10.12, -87.43, -1.3, -5.82, -6.71]
[-81.36, -1.78, 1.77, 18.87, -0.01, -119.12, -27.13, 0.01, -83.96, -86.67, 69.98, -10.12, -88.73, -1.34, -6.62, -6.4]
[-81.36, -1.78, 1.77, 18.87, -0.01, -119.12, -27.13, 0.01, -83.96, -86.67, 69.98, -10.12, -89.52, -2.11, -7.66, -6.09]
[-81.36, -1.78, 1.77, 18.87, -0.01, -119.12, -27.13, 0.01, -83.96, -86.67, 69.98, -10.12, -91.74, -0.71, -7.95, -5.77]
[-81.36, -1.78, 1.77, 18.87, -0.01, -119.12, -27.13, 0.01, -83.96, -86.67, 69.98, -10.12, -92.16, -1.97, -9.15, -5.44]
[-81.36, -1.78, 1.77, 18.87, -0.01, -119.12, -27.13, 0.01, -83.96, -86.67, 69.98, -10.12, -94.12, -0.91, -9.56, -5.12]
[-81.36, -1.78, 1.77, 18.87, -0.01, -119.12, -27.13, 0.01, -83.96, -86.67, 69.98, -10.12, -95.45, -0.77, -10.27, -4.78]
[-81.36, -1.78, 1.77, 18.87, -0.01, -119.12, -27.13, 0.01, -83.96, -86.67, 69.98, -10.12, -95.99, -1.78, -11.38, -4.45]
[-81.36, -1.78, 1.77, 18.87, -0.01, -119.12, -27.13, 0.01, -83.96, -86.67, 69.98, -10.12, -97.04, -2.0, -12.21, -4.1]
[-81.36, -1.78, 1.77, 18.87, -0.01, -119.12, -27.13, 0.01, -83.96, -86.67, 69.98, -10.12, -98.39, -1.76, -12.89, -3.76]
[-81.36, -1.78, 1.77, 18.87, -0.01, -119.12, -27.13, 0.01, -83.96, -86.67, 69.98, -10.12, -100.29, -0.66, -13.27, -3.4]
[-81.36, -1.78, 1.77, 18.87, -0.01, -119.12, -27.13, 0.01, -83.96, -86.67, 69.98, -10.12, -101.38, -0.76, -14.06, -3.05]
[-81.36, -1.78, 1.77, 18.87, -0.01, -119.12, -27.13, 0.01, -83.96, -86.67, 69.98, -10.12, -101.79, -1.86, -15.19, -2.69]
[-81.36, -1.78, 1.77, 18.87, -0.01, -119.12, -27.13, 0.01, -83.96, -86.67, 69.98, -10.12, -102.74, -2.11, -16.03, -2.32]
[-81.36, -1.78, 1.77, 18.87, -0.01, -119.12, -27.13, 0.01, -83.96, -86.67, 69.98, -10.12, -104.0, -1.9, -16.71, -1.95]
[-81.36, -1.78, 1.77, 18.87, -0.01, -119.12, -27.13, 0.01, -83.96, -86.67, 69.98, -10.12, -105.75, -0.92, -17.13, -1.57]
[-81.36, -1.78, 1.77, 18.87, -0.01, -119.12, -27.13, 0.01, -83.96, -86.67, 69.98, -10.12, -106.96, -0.73, -17.82, -1.19]
[-81.36, -1.78, 1.77, 18.87, -0.01, -119.12, -27.13, 0.01, -83.96, -86.67, 69.98, -10.12, -102.94, -8.27, -21.18, -0.8]
[-81.36, -1.78, 1.77, 18.87, -0.01, -119.12, -27.13, 0.01, -83.96, -86.67, 69.98, -10.12, -99.71, -14.42, -24.12, -0.41]
[-81.36, -1.78, 1.77, 18.87, -0.01, -119.12, -27.13, 0.01, -83.96, -86.67, 69.98, -10.12, -98.07, -18.18, -26.24, -0.01]
[-81.3, -1.87, 1.73, 18.87, -0.01, -119.12, -27.13, 0.0, -83.96, -86.68, 69.99, -10.12, -97.99, -18.3, -26.29, 0.0]
[-81.3, -1.87, 1.73, 18.87, -0.01, -119.12, -27.13, 0.0, -83.96, -86.68, 69.99, -10.12, -95.28, -21.35, -26.62, 0.0]
[-81.3, -1.87, 1.73, 18.87, -0.01, -119.12, -27.13, 0.0, -83.96, -86.68, 69.99, -10.12, -92.74, -24.12, -26.85, 0.0]
[-81.3, -1.87, 1.73, 18.87, -0.01, -119.12, -27.13, 0.0, -83.96, -86.68, 69.99, -10.12, -90.49, -26.44, -26.92, 0.0]
[-81.3, -1.87, 1.73, 18.87, -0.01, -119.12, -27.13, 0.0, -83.96, -86.68, 69.99, -10.12, -88.41, -28.5, -26.9, 0.0]
[-81.3, -1.87, 1.73, 18.87, -0.01, -119.12, -27.13, 0.0, -83.96, -86.68, 69.99, -10.12, -86.45, -30.35, -26.8, 0.0]
[-81.3, -1.87, 1.73, 18.87, -0.01, -119.12, -27.13, 0.0, -83.96, -86.68, 69.99, -10.12, -84.61, -32.03, -26.64, 0.0]
[-81.3, -1.87, 1.73, 18.87, -0.01, -119.12, -27.13, 0.0, -83.96, -86.68, 69.99, -10.12, -82.86, -33.56, -26.42, 0.0]
[-81.3, -1.87, 1.73, 18.87, -0.01, -119.12, -27.13, 0.0, -83.96, -86.68, 69.99, -10.12, -81.19, -34.96, -26.15, 0.0]
[-81.3, -1.87, 1.73, 18.87, -0.01, -119.12, -27.13, 0.0, -83.96, -86.68, 69.99, -10.12, -79.59, -36.24, -25.84, 0.0]
[-81.3, -1.87, 1.73, 18.87, -0.01, -119.12, -27.13, 0.0, -83.96, -86.68, 69.99, -10.12, -78.06, -37.42, -25.48, 0.0]
[-81.3, -1.87, 1.73, 18.87, -0.01, -119.12, -27.13, 0.0, -83.96, -86.68, 69.99, -10.12, -76.59, -38.51, -25.09, 0.0]
[-81.3, -1.87, 1.73, 18.87, -0.01, -119.12, -27.13, 0.0, -83.96, -86.68, 69.99, -10.12, -75.17, -39.5, -24.67, 0.0]
[-81.3, -1.87, 1.73, 18.87, -0.01, -119.12, -27.13, 0.0, -83.96, -86.68, 69.99, -10.12, -73.8, -40.41, -24.22, 0.0]
[-81.3, -1.87, 1.73, 18.87, -0.01, -119.12, -27.13, 0.0, -83.96, -86.68, 69.99, -10.12, -72.48, -41.25, -23.73, 0.0]
[-81.3, -1.87, 1.73, 18.87, -0.01, -119.12, -27.13, 0.0, -83.96, -86.68, 69.99, -10.12, -71.21, -42.01, -23.22, 0.0]
[-81.3, -1.87, 1.73, 18.87, -0.01, -119.12, -27.13, 0.0, -83.96, -86.68, 69.99, -10.12, -69.98, -42.7, -22.68, 0.0]
[-81.3, -1.87, 1.73, 18.87, -0.01, -119.12, -27.13, 0.0, -83.96, -86.68, 69.99, -10.12, -68.8, -43.32, -22.12, 0.0]
[-81.3, -1.87, 1.73, 18.87, -0.01, -119.12, -27.13, 0.0, -83.96, -86.68, 69.99, -10.12, -67.65, -43.88, -21.53, 0.0]
[-81.3, -1.87, 1.73, 18.87, -0.01, -119.12, -27.13, 0.0, -83.96, -86.68, 69.99, -10.12, -66.55, -44.37, -20.92, 0.0]
[-81.3, -1.87, 1.73, 18.87, -0.01, -119.12, -27.13, 0.0, -83.96, -86.68, 69.99, -10.12, -65.49, -44.8, -20.29, 0.0]
[-81.3, -1.87, 1.73, 18.87, -0.01, -119.12, -27.13, 0.0, -83.96, -86.68, 69.99, -10.12, -64.46, -45.18, -19.64, 0.0]
[-81.3, -1.87, 1.73, 18.87, -0.01, -119.12, -27.13, 0.0, -83.96, -86.68, 69.99, -10.12, -63.47, -45.49, -18.96, 0.0]
[-81.3, -1.87, 1.73, 18.87, -0.01, -119.12, -27.13, 0.0, -83.96, -86.68, 69.99, -10.12, -62.53, -45.74, -18.27, 0.0]
[-81.3, -1.87, 1.73, 18.87, -0.01, -119.12, -27.13, 0.0, -83.96, -86.68, 69.99, -10.12, -61.62, -45.94, -17.56, 0.0]
[-81.3, -1.87, 1.73, 18.87, -0.01, -119.12, -27.13, 0.0, -83.96, -86.68, 69.99, -10.12, -60.74, -46.08, -16.83, 0.0]
[-81.3, -1.87, 1.73, 18.87, -0.01, -119.12, -27.13, 0.0, -83.96, -86.68, 69.99, -10.12, -59.91, -46.17, -16.08, 0.0]
[-81.3, -1.87, 1.73, 18.87, -0.01, -119.12, -27.13, 0.0, -83.96, -86.68, 69.99, -10.12, -59.12, -46.19, -15.31, 0.0]
[-81.3, -1.87, 1.73, 18.87, -0.01, -119.12, -27.13, 0.0, -83.96, -86.68, 69.99, -10.12, -58.36, -46.17, -14.52, 0.0]
[-81.3, -1.87, 1.73, 18.87, -0.01, -119.12, -27.13, 0.0, -83.96, -86.68, 69.99, -10.12, -57.64, -46.08, -13.72, 0.0]
[-81.3, -1.87, 1.73, 18.87, -0.01, -119.12, -27.13, 0.0, -83.96, -86.68, 69.99, -10.12, -56.96, -45.94, -12.9, 0.0]
[-80.82, -1.74, 1.82, 18.48, -0.02, -118.82, -27.15, 0.7, -84.2, -86.87, 70.0, -9.88, -55.48, -48.07, -13.55, -0.49]
[-81.03, -0.56, 2.27, 18.09, -0.01, -118.52, -27.17, 1.39, -84.45, -87.04, 69.98, -9.63, -54.08, -50.08, -14.16, -0.99]
[-79.41, -2.12, 1.8, 17.7, -0.03, -118.2, -27.18, 2.06, -84.68, -87.24, 69.98, -9.37, -52.73, -52.0, -14.73, -1.49]
[-79.33, -1.35, 2.11, 17.32, -0.02, -117.89, -27.19, 2.73, -84.89, -87.47, 70.0, -9.11, -51.45, -53.82, -15.27, -2.0]
[-78.83, -1.2, 2.23, 16.95, -0.03, -117.56, -27.2, 3.39, -85.11, -87.67, 69.99, -8.84, -50.22, -55.57, -15.78, -2.52]
[-77.79, -1.83, 2.09, 16.58, -0.02, -117.23, -27.2, 4.03, -85.32, -87.88, 69.98, -8.57, -49.03, -57.24, -16.27, -3.04]
[-77.24, -1.71, 2.2, 16.21, -1.08, -116.11, -27.2, 4.67, -85.51, -88.12, 69.99, -8.29, -47.89, -58.84, -16.72, -3.56]
[-77.42, -0.5, 2.69, 15.85, -2.34, -114.83, -27.18, 5.3, -85.7, -88.36, 70.0, -8.0, -46.79, -60.37, -17.16, -4.09]
[-75.72, -2.07, 2.24, 15.49, -3.6, -113.54, -27.14, 5.91, -85.88, -88.6, 70.0, -7.71, -45.72, -61.85, -17.57, -4.62]
[-75.63, -1.22, 2.62, 15.14, -4.86, -112.22, -27.08, 6.52, -86.06, -88.84, 70.0, -7.41, -44.7, -63.27, -17.97, -5.16]
[-75.17, -0.92, 2.82, 14.79, -6.13, -110.88, -27.01, 7.12, -86.22, -89.09, 69.99, -7.1, -43.7, -64.64, -18.34, -5.71]
[-74.09, -1.52, 2.72, 14.44, -7.41, -109.51, -26.93, 7.7, -86.39, -89.34, 69.99, -6.79, -42.74, -65.96, -18.7, -6.26]
[-73.63, -1.17, 2.95, 14.1, -8.69, -108.12, -26.82, 8.28, -86.53, -89.61, 69.99, -6.47, -41.81, -67.23, -19.04, -6.81]
[-72.66, -1.57, 2.93, 13.76, -9.98, -106.71, -26.7, 8.85, -86.67, -89.88, 70.0, -6.14, -40.91, -68.45, -19.36, -7.37]
[-72.29, -1.05, 3.23, 13.43, -11.28, -105.28, -26.56, 9.41, -86.81, -90.16, 70.0, -5.8, -40.04, -69.63, -19.67, -7.93]
[-71.4, -1.29, 3.28, 13.1, -12.59, -103.82, -26.41, 9.95, -86.94, -90.44, 70.0, -5.45, -39.19, -70.77, -19.97, -8.5]
[-70.17, -2.02, 3.17, 12.77, -13.9, -102.34, -26.24, 10.49, -87.06, -90.72, 69.99, -5.09, -38.38, -71.87, -20.25, -9.08]
[-69.45, -1.97, 3.32, 12.45, -15.22, -100.83, -26.05, 11.03, -87.17, -91.02, 70.0, -4.73, -37.58, -72.93, -20.51, -9.66]
[-69.3, -1.05, 3.79, 12.13, -16.55, -99.29, -25.84, 11.55, -87.28, -91.3, 69.98, -4.35, -36.82, -73.95, -20.77, -10.24]
[-67.83, -2.08, 3.6, 11.82, -17.88, -97.73, -25.61, 12.06, -87.38, -91.6, 69.98, -3.97, -36.08, -74.93, -21.01, -10.83]
[-67.97, -0.68, 4.23, 11.51, -19.23, -96.13, -25.37, 12.57, -87.47, -91.92, 70.0, -3.57, -35.36, -75.88, -21.24, -11.42]
[-66.58, -1.55, 4.11, 11.2, -20.59, -94.51, -25.11, 13.06, -87.55, -92.23, 69.99, -3.17, -34.67, -76.79, -21.46, -12.02]
[-65.98, -1.22, 4.4, 10.89, -21.96, -92.86, -24.82, 13.55, -87.63, -92.55, 70.0, -2.75, -34.0, -77.67, -21.67, -12.62]
[-65.05, -1.37, 4.55, 10.59, -23.35, -91.17, -24.52, 14.03, -87.69, -92.87, 70.0, -2.32, -33.35, -78.51, -21.87, -13.22]
[-63.87, -1.85, 4.58, 10.3, -24.75, -89.45, -24.2, 14.5, -87.76, -93.19, 69.99, -1.88, -32.73, -79.32, -22.06, -13.83]
[-63.32, -1.36, 4.95, 10.0, -26.16, -87.69, -23.86, 14.97, -87.82, -93.52, 69.98, -1.43, -32.13, -80.1, -22.24, -14.45]
[-62.59, -1.12, 5.25, 9.71, -27.59, -85.9, -23.49, 15.42, -87.86, -93.85, 69.99, -0.97, -31.56, -80.85, -22.4, -15.07]
[-61.62, -1.22, 5.44, 9.43, -29.04, -84.07, -23.11, 15.87, -87.9, -94.19, 69.99, -0.49, -31.0, -81.56, -22.56, -15.69]
[-60.48, -1.55, 5.57, 9.14, -30.51, -82.19, -22.7, 16.31, -87.94, -94.53, 69.98, 0.0, -30.47, -82.24, -22.72, -16.32]
[-62.25, -1.62, 4.54, 8.89, -30.51, -82.19, -22.7, 16.31, -87.94, -94.53, 69.98, 0.0, -30.47, -82.24, -22.72, -16.32]
[-63.88, -1.8, 3.5, 8.63, -30.51, -82.19, -22.7, 16.31, -87.94, -94.53, 69.98, 0.0, -30.47, -82.24, -22.72, -16.32]
[-66.18, -0.93, 2.83, 8.37, -30.51, -82.19, -22.7, 16.31, -87.94, -94.53, 69.98, 0.0, -30.47, -82.24, -22.72, -16.32]
[-68.07, -0.61, 2.0, 8.11, -30.51, -82.19, -22.7, 16.31, -87.94, -94.53, 69.98, 0.0, -30.47, -82.24, -22.72, -16.32]
[-69.07, -1.56, 0.75, 7.85, -30.51, -82.19, -22.7, 16.31, -87.94, -94.53, 69.98, 0.0, -30.47, -82.24, -22.72, -16.32]
[-70.49, -1.82, -0.26, 7.58, -30.51, -82.19, -22.7, 16.31, -87.94, -94.53, 69.98, 0.0, -30.47, -82.24, -22.72, -16.32]
[-72.04, -1.85, -1.17, 7.3, -30.51, -82.19, -22.7, 16.31, -87.94, -94.53, 69.98, 0.0, -30.47, -82.24, -22.72, -16.32]
[-73.61, -1.78, -2.03, 7.03, -30.51, -82.19, -22.7, 16.31, -87.94, -94.53, 69.98, 0.0, -30.47, -82.24, -22.72, -16.32]
[-75.16, -1.71, -2.89, 6.75, -30.51, -82.19, -22.7, 16.31, -87.94, -94.53, 69.98, 0.0, -30.47, -82.24, -22.72, -16.32]
[-76.6, -1.74, -3.77, 6.47, -30.51, -82.19, -22.7, 16.31, -87.94, -94.53, 69.98, 0.0, -30.47, -82.24, -22.72, -16.32]
[-77.91, -1.95, -4.7, 6.18, -30.51, -82.19, -22.7, 16.31, -87.94, -94.53, 69.98, 0.0, -30.47, -82.24, -22.72, -16.32]
[-79.99, -0.95, -5.21, 5.89, -30.51, -82.19, -22.7, 16.31, -87.94, -94.53, 69.98, 0.0, -30.47, -82.24, -22.72, -16.32]
[-80.73, -1.93, -6.39, 5.6, -30.51, -82.19, -22.7, 16.31, -87.94, -94.53, 69.98, 0.0, -30.47, -82.24, -22.72, -16.32]
[-82.17, -1.81, -7.19, 5.3, -30.51, -82.19, -22.7, 16.31, -87.94, -94.53, 69.98, 0.0, -30.47, -82.24, -22.72, -16.32]
[-83.33, -2.09, -8.11, 5.0, -30.51, -82.19, -22.7, 16.31, -87.94, -94.53, 69.98, 0.0, -30.47, -82.24, -22.72, -16.32]
[-84.98, -1.59, -8.77, 4.69, -30.51, -82.19, -22.7, 16.31, -87.94, -94.53, 69.98, 0.0, -30.47, -82.24, -22.72, -16.32]
[-86.29, -1.58, -9.58, 4.39, -30.51, -82.19, -22.7, 16.31, -87.94, -94.53, 69.98, 0.0, -30.47, -82.24, -22.72, -16.32]
[-87.23, -2.09, -10.57, 4.07, -30.51, -82.19, -22.7, 16.31, -87.94, -94.53, 69.98, 0.0, -30.47, -82.24, -22.72, -16.32]
[-88.61, -1.9, -11.32, 3.76, -30.51, -82.19, -22.7, 16.31, -87.94, -94.53, 69.98, 0.0, -30.47, -82.24, -22.72, -16.32]
[-90.75, -0.56, -11.67, 3.44, -30.51, -82.19, -22.7, 16.31, -87.94, -94.53, 69.98, 0.0, -30.47, -82.24, -22.72, -16.32]
[-91.05, -1.95, -12.95, 3.11, -30.51, -82.19, -22.7, 16.31, -87.94, -94.53, 69.98, 0.0, -30.47, -82.24, -22.72, -16.32]
[-93.26, -0.43, -13.23, 2.78, -30.51, -82.19, -22.7, 16.31, -87.94, -94.53, 69.98, 0.0, -30.47, -82.24, -22.72, -16.32]
[-93.51, -1.84, -14.52, 2.45, -30.51, -82.19, -22.7, 16.31, -87.94, -94.53, 69.98, 0.0, -30.47, -82.24, -22.72, -16.32]
[-94.54, -2.05, -15.38, 2.11, -30.51, -82.19, -22.7, 16.31, -87.94, -94.53, 69.98, 0.0, -30.47, -82.24, -22.72, -16.32]
[-95.98, -1.63, -16.04, 1.77, -30.51, -82.19, -22.7, 16.31, -87.94, -94.53, 69.98, 0.0, -30.47, -82.24, -22.72, -16.32]
[-96.99, -1.81, -16.89, 1.43, -30.51, -82.19, -22.7, 16.31, -87.94, -94.53, 69.98, 0.0, -30.47, -82.24, -22.72, -16.32]
[-98.51, -1.22, -17.49, 1.08, -30.51, -82.19, -22.7, 16.31, -87.94, -94.53, 69.98, 0.0, -30.47, -82.24, -22.72, -16.32]
[-99.52, -1.35, -18.33, 0.72, -30.51, -82.19, -22.7, 16.31, -87.94, -94.53, 69.98, 0.0, -30.47, -82.24, -22.72, -16.32]
[-100.14, -2.06, -19.36, 0.36, -30.51, -82.19, -22.7, 16.31, -87.94, -94.53, 69.98, 0.0, -30.47, -82.24, -22.72, -16.32]
[-101.23, -2.04, -20.15, -0.0, -30.51, -82.19, -22.7, 16.31, -87.94, -94.53, 69.98, 0.0, -30.47, -82.24, -22.72, -16.32]
[-101.69, -1.36, -19.92, -0.0, -30.49, -82.21, -22.71, 16.31, -87.94, -94.54, 69.99, 0.0, -30.48, -82.24, -22.71, -16.31]
[-101.8, -0.49, -18.89, -0.0, -30.49, -82.21, -22.71, 16.31, -87.94, -94.54, 69.99, 0.0, -30.48, -82.24, -22.71, -16.31]
[-100.49, -1.74, -18.59, -0.0, -30.49, -82.21, -22.71, 16.31, -87.94, -94.54, 69.99, 0.0, -30.48, -82.24, -22.71, -16.31]
[-100.45, -1.07, -17.63, -0.0, -30.49, -82.21, -22.71, 16.31, -87.94, -94.54, 69.99, 0.0, -30.48, -82.24, -22.71, -16.31]
[-99.39, -1.92, -17.19, -0.0, -30.49, -82.21, -22.71, 16.31, -87.94, -94.54, 69.99, 0.0, -30.48, -82.24, -22.71, -16.31]
[-99.34, -1.25, -16.23, -0.0, -30.49, -82.21, -22.71, 16.31, -87.94, -94.54, 69.99, 0.0, -30.48, -82.24, -22.71, -16.31]
[-98.34, -1.97, -15.74, -0.0, -30.49, -82.21, -22.71, 16.31, -87.94, -94.54, 69.99, 0.0, -30.48, -82.24, -22.71, -16.31]
[-98.31, -1.23, -14.77, -0.0, -30.49, -82.21, -22.71, 16.31, -87.94, -94.54, 69.99, 0.0, -30.48, -82.24, -22.71, -16.31]
[-97.33, -1.91, -14.27, -0.0, -30.49, -82.21, -22.71, 16.31, -87.94, -94.54, 69.99, 0.0, -30.48, -82.24, -22.71, -16.31]
[-97.36, -1.05, -13.25, -0.0, -30.49, -82.21, -22.71, 16.31, -87.94, -94.54, 69.99, 0.0, -30.48, -82.24, -22.71, -16.31]
[-96.34, -1.76, -12.77, -0.0, -30.49, -82.21, -22.71, 16.31, -87.94, -94.54, 69.99, 0.0, -30.48, -82.24, -22.71, -16.31]
[-96.52, -0.63, -11.66, -0.0, -30.49, -82.21, -22.71, 16.31, -87.94, -94.54, 69.99, 0.0, -30.48, -82.24, -22.71, -16.31]
[-95.38, -1.5, -11.24, -0.0, -30.49, -82.21, -22.71, 16.31, -87.94, -94.54, 69.99, 0.0, -30.48, -82.24, -22.71, -16.31]
[-94.45, -2.02, -10.69, -0.0, -30.49, -82.21, -22.71, 16.31, -87.94, -94.54, 69.99, 0.0, -30.48, -82.24, -22.71, -16.31]
[-94.46, -1.13, -9.66, -0.0, -30.49, -82.21, -22.71, 16.31, -87.94, -94.54, 69.99, 0.0, -30.48, -82.24, -22.71, -16.31]
[-93.45, -1.74, -9.15, -0.0, -30.49, -82.21, -22.71, 16.31, -87.94, -94.54, 69.99, 0.0, -30.48, -82.24, -22.71, -16.31]
[-93.74, -0.4, -7.97, -0.0, -30.49, -82.21, -22.71, 16.31, -87.94, -94.54, 69.99, 0.0, -30.48, -82.24, -22.71, -16.31]
[-92.47, -1.38, -7.58, -0.0, -30.49, -82.21, -22.71, 16.31, -87.94, -94.54, 69.99, 0.0, -30.48, -82.24, -22.71, -16.31]
[-91.49, -1.9, -7.04, -0.0, -30.49, -82.21, -22.71, 16.31, -87.94, -94.54, 69.99, 0.0, -30.48, -82.24, -22.71, -16.31]
[-91.56, -0.86, -5.97, -0.0, -30.49, -82.21, -22.71, 16.31, -87.94, -94.54, 69.99, 0.0, -30.48, -82.24, -22.71, -16.31]
[-90.43, -1.57, -5.49, -0.0, -30.49, -82.21, -22.71, 16.31, -87.94, -94.54, 69.99, 0.0, -30.48, -82.24, -22.71, -16.31]
[-89.46, -2.05, -4.93, -0.0, -30.49, -82.21, -22.71, 16.31, -87.94, -94.54, 69.99, 0.0, -30.48, -82.24, -22.71, -16.31]
[-89.38, -1.16, -3.91, -0.0, -30.49, -82.21, -22.71, 16.31, -87.94, -94.54, 69.99, 0.0, -30.48, -82.24, -22.71, -16.31]
[-88.31, -1.77, -3.4, -0.0, -30.49, -82.21, -22.71, 16.31, -87.94, -94.54, 69.99, 0.0, -30.48, -82.24, -22.71, -16.31]
[-88.45, -0.52, -2.26, -0.0, -30.49, -82.21, -22.71, 16.31, -87.94, -94.54, 69.99, 0.0, -30.48, -82.24, -22.71, -16.31]
[-87.15, -1.44, -1.85, -0.0, -30.49, -82.21, -22.71, 16.31, -87.94, -94.54, 69.99, 0.0, -30.48, -82.24, -22.71, -16.31]
[-86.09, -1.96, -1.3, -0.0, -30.49, -82.21, -22.71, 16.31, -87.94, -94.54, 69.99, 0.0, -30.48, -82.24, -22.71, -16.31]
[-86.01, -1.0, -0.26, -0.0, -30.49, -82.21, -22.71, 16.31, -87.94, -94.54, 69.99, 0.0, -30.48, -82.24, -22.71, -16.31]
[-84.84, -1.67, 0.24, -0.0, -30.49, -82.21, -22.71, 16.31, -87.94, -94.54, 69.99, 0.0, -30.48, -82.24, -22.71, -16.31]
[-83.8, -2.12, 0.8, -0.0, -30.49, -82.21, -22.71, 16.31, -87.94, -94.54, 69.99, 0.0, -30.48, -82.24, -22.71, -16.31]
[-83.62, -1.27, 1.82, -0.0, -30.49, -82.21, -22.71, 16.31, -87.94, -94.54, 69.99, 0.0, -30.48, -82.24, -22.71, -16.31]
[-84.79, -1.25, 1.78, -0.0, -29.74, -83.17, -22.92, 15.45, -87.88, -93.98, 69.98, -0.0, -29.73, -83.2, -22.92, -15.45]
[-86.19, -0.85, 1.88, -0.0, -29.04, -84.07, -23.11, 14.58, -87.81, -93.45, 69.99, -0.0, -29.02, -84.1, -23.12, -14.58]
[-85.92, -2.93, 1.17, -0.0, -28.37, -84.92, -23.29, 13.7, -87.71, -92.93, 69.99, -0.0, -28.35, -84.94, -23.3, -13.7]
[-72.83, -22.65, -5.45, -0.0, -27.74, -85.71, -23.45, 12.82, -87.6, -92.44, 70.0, -0.0, -27.73, -85.73, -23.46, -12.82]
[-66.34, -32.26, -8.59, -0.0, -27.16, -86.44, -23.6, 11.93, -87.48, -91.94, 69.99, -0.0, -27.15, -86.46, -23.61, -11.93]
[-61.33, -39.61, -10.93, -0.0, -26.62, -87.11, -23.74, 11.04, -87.33, -91.47, 69.99, -0.0, -26.61, -87.14, -23.75, -11.04]
[-57.07, -45.79, -12.85, 0.0, -26.13, -87.74, -23.87, 10.14, -87.17, -91.01, 70.0, -0.0, -26.12, -87.75, -23.87, -10.14]
[-53.24, -51.28, -14.52, 0.0, -25.67, -88.3, -23.98, 9.23, -87.0, -90.56, 69.99, -0.0, -25.66, -88.32, -23.98, -9.23]
[-49.72, -56.28, -15.99, 0.0, -25.26, -88.81, -24.08, 8.32, -86.81, -90.13, 69.99, -0.0, -25.25, -88.83, -24.08, -8.32]
[-46.4, -60.91, -17.31, 0.0, -24.89, -89.27, -24.17, 7.41, -86.59, -89.72, 69.99, -0.0, -24.88, -89.29, -24.17, -7.41]
[-43.25, -65.26, -18.51, 0.0, -24.56, -89.68, -24.24, 6.49, -86.38, -89.31, 69.98, -0.0, -24.56, -89.69, -24.25, -6.49]
[-40.23, -69.38, -19.6, 0.0, -24.28, -90.03, -24.31, 5.57, -86.13, -88.92, 69.98, -0.0, -24.28, -90.04, -24.31, -5.57]
[-37.31, -73.31, -20.61, 0.0, -24.04, -90.32, -24.36, 4.65, -85.87, -88.55, 69.98, -0.0, -24.04, -90.33, -24.37, -4.65]
[-34.46, -77.08, -21.53, 0.0, -23.84, -90.56, -24.41, 3.72, -85.58, -88.22, 70.0, -0.0, -23.84, -90.57, -24.41, -3.72]
[-31.67, -80.71, -22.37, 0.0, -23.69, -90.75, -24.44, 2.79, -85.29, -87.87, 69.99, -0.0, -23.69, -90.76, -24.45, -2.79]
[-28.92, -84.23, -23.14, 0.0, -23.58, -90.89, -24.47, 1.86, -84.99, -87.54, 69.98, -0.0, -23.58, -90.89, -24.47, -1.86]
[-26.21, -87.64, -23.85, 0.0, -23.51, -90.97, -24.48, 0.93, -84.65, -87.24, 69.99, -0.0, -23.52, -90.97, -24.49, -0.93]
[-23.52, -90.97, -24.49, 0.0, -23.49, -90.99, -24.49, 0.0, -84.3, -86.95, 70.0, -0.0, -23.5, -90.99, -24.49, 0.0]