[2.86, -98.48, 2.38, 0.0, 2.86, -98.48, 2.38, 0.0, 2.86, -98.48, 2.38, 0.0, 2.86, -98.48, 2.38, 0.0]
[4.97, -100.5, 1.91, 0.0, 4.97, -100.5, 1.91, 0.0, 4.97, -100.5, 1.91, 0.0, 4.97, -100.5, 1.91, 0.0]
[5.0, -101.06, 1.38, 0.0, 5.0, -101.06, 1.38, 0.0, 5.0, -101.06, 1.38, 0.0, 5.0, -101.06, 1.38, 0.0]
[4.98, -101.59, 0.84, 0.0, 4.98, -101.59, 0.84, 0.0, 4.98, -101.59, 0.84, 0.0, 4.98, -101.59, 0.84, 0.0]
[4.99, -102.13, 0.31, 0.0, 4.99, -102.13, 0.31, 0.0, 4.99, -102.13, 0.31, 0.0, 4.99, -102.13, 0.31, 0.0]
[4.99, -102.67, -0.23, 0.0, 4.99, -102.67, -0.23, 0.0, 4.99, -102.67, -0.23, 0.0, 4.99, -102.67, -0.23, 0.0]
[4.98, -103.2, -0.76, 0.0, 4.98, -103.2, -0.76, 0.0, 4.98, -103.2, -0.76, 0.0, 4.98, -103.2, -0.76, 0.0]
[4.96, -103.71, -1.3, 0.0, 4.96, -103.71, -1.3, 0.0, 4.96, -103.71, -1.3, 0.0, 4.96, -103.71, -1.3, 0.0]
[4.97, -104.25, -1.84, 0.0, 4.97, -104.25, -1.84, 0.0, 4.97, -104.25, -1.84, 0.0, 4.97, -104.25, -1.84, 0.0]
[4.97, -104.77, -2.38, 0.0, 4.97, -104.77, -2.38, 0.0, 4.97, -104.77, -2.38, 0.0, 4.97, -104.77, -2.38, 0.0]
[4.99, -105.32, -2.91, 0.0, 4.99, -105.32, -2.91, 0.0, 4.99, -105.32, -2.91, 0.0, 4.99, -105.32, -2.91, 0.0]
[4.97, -105.83, -3.45, 0.0, 4.97, -105.83, -3.45, 0.0, 4.97, -105.83, -3.45, 0.0, 4.97, -105.83, -3.45, 0.0]
[4.98, -106.35, -4.0, 0.0, 4.98, -106.35, -4.0, 0.0, 4.98, -106.35, -4.0, 0.0, 4.98, -106.35, -4.0, 0.0]
[4.97, -106.87, -4.54, 0.0, 4.97, -106.87, -4.54, 0.0, 4.97, -106.87, -4.54, 0.0, 4.97, -106.87, -4.54, 0.0]
[4.99, -107.4, -5.08, 0.0, 4.99, -107.4, -5.08, 0.0, 4.99, -107.4, -5.08, 0.0, 4.99, -107.4, -5.08, 0.0]
[5.0, -107.93, -5.63, 0.0, 5.0, -107.93, -5.63, 0.0, 5.0, -107.93, -5.63, 0.0, 5.0, -107.93, -5.63, 0.0]
[5.0, -108.44, -6.17, 0.0, 5.0, -108.44, -6.17, 0.0, 5.0, -108.44, -6.17, 0.0, 5.0, -108.44, -6.17, 0.0]
[4.99, -108.95, -6.72, 0.0, 4.99, -108.95, -6.72, 0.0, 4.99, -108.95, -6.72, 0.0, 4.99, -108.95, -6.72, 0.0]
[4.97, -109.45, -7.27, 0.0, 4.97, -109.45, -7.27, 0.0, 4.97, -109.45, -7.27, 0.0, 4.97, -109.45, -7.27, 0.0]
[4.97, -109.96, -7.82, 0.0, 4.97, -109.96, -7.82, 0.0, 4.97, -109.96, -7.82, 0.0, 4.97, -109.96, -7.82, 0.0]
[4.96, -110.47, -8.37, 0.0, 4.96, -110.47, -8.37, 0.0, 4.96, -110.47, -8.37, 0.0, 4.96, -110.47, -8.37, 0.0]
[4.98, -110.99, -8.92, 0.0, 4.98, -110.99, -8.92, 0.0, 4.98, -110.99, -8.92, 0.0, 4.98, -110.99, -8.92, 0.0]
[4.99, -111.5, -9.48, 0.0, 4.99, -111.5, -9.48, 0.0, 4.99, -111.5, -9.48, 0.0, 4.99, -111.5, -9.48, 0.0]
[4.99, -112.01, -10.04, 0.0, 4.99, -112.01, -10.04, 0.0, 4.99, -112.01, -10.04, 0.0, 4.99, -112.01, -10.04, 0.0]
[4.98, -112.5, -10.6, 0.0, 4.98, -112.5, -10.6, 0.0, 4.98, -112.5, -10.6, 0.0, 4.98, -112.5, -10.6, 0.0]
[4.99, -113.01, -11.15, 0.0, 4.99, -113.01, -11.15, 0.0, 4.99, -113.01, -11.15, 0.0, 4.99, -113.01, -11.15, 0.0]
[4.99, -113.52, -11.72, 0.0, 4.99, -113.52, -11.72, 0.0, 4.99, -113.52, -11.72, 0.0, 4.99, -113.52, -11.72, 0.0]
[4.98, -114.01, -12.28, 0.0, 4.98, -114.01, -12.28, 0.0, 4.98, -114.01, -12.28, 0.0, 4.98, -114.01, -12.28, 0.0]
[5.0, -114.52, -12.85, 0.0, 5.0, -114.52, -12.85, 0.0, 5.0, -114.52, -12.85, 0.0, 5.0, -114.52, -12.85, 0.0]
[5.0, -115.02, -13.41, 0.0, 5.0, -115.02, -13.41, 0.0, 5.0, -115.02, -13.41, 0.0, 5.0, -115.02, -13.41, 0.0]
[4.99, -115.51, -13.98, 0.0, 4.99, -115.51, -13.98, 0.0, 4.99, -115.51, -13.98, 0.0, 4.99, -115.51, -13.98, 0.0]
[4.97, -116.0, -14.56, 0.0, 4.97, -116.0, -14.56, 0.0, 4.97, -116.0, -14.56, 0.0, 4.97, -116.0, -14.56, 0.0]
[4.97, -116.49, -15.13, 0.0, 4.97, -116.49, -15.13, 0.0, 4.97, -116.49, -15.13, 0.0, 4.97, -116.49, -15.13, 0.0]
[4.97, -116.98, -15.71, 0.0, 4.97, -116.98, -15.71, 0.0, 4.97, -116.98, -15.71, 0.0, 4.97, -116.98, -15.71, 0.0]
[4.98, -117.49, -16.28, 0.0, 4.98, -117.49, -16.28, 0.0, 4.98, -117.49, -16.28, 0.0, 4.98, -117.49, -16.28, 0.0]
[4.99, -117.98, -16.87, 0.0, 4.99, -117.98, -16.87, 0.0, 4.99, -117.98, -16.87, 0.0, 4.99, -117.98, -16.87, 0.0]
[4.98, -118.47, -17.45, 0.0, 4.98, -118.47, -17.45, 0.0, 4.98, -118.47, -17.45, 0.0, 4.98, -118.47, -17.45, 0.0]
[5.0, -118.97, -18.03, 0.0, 5.0, -118.97, -18.03, 0.0, 5.0, -118.97, -18.03, 0.0, 5.0, -118.97, -18.03, 0.0]
[4.96, -119.44, -18.62, 0.0, 4.96, -119.44, -18.62, 0.0, 4.96, -119.44, -18.62, 0.0, 4.96, -119.44, -18.62, 0.0]
[4.99, -119.95, -19.21, 0.0, 4.99, -119.95, -19.21, 0.0, 4.99, -119.95, -19.21, 0.0, 4.99, -119.95, -19.21, 0.0]
[4.97, -120.42, -19.81, 0.0, 4.97, -120.42, -19.81, 0.0, 4.97, -120.42, -19.81, 0.0, 4.97, -120.42, -19.81, 0.0]
[4.97, -120.9, -20.4, 0.0, 4.97, -120.9, -20.4, 0.0, 4.97, -120.9, -20.4, 0.0, 4.97, -120.9, -20.4, 0.0]
[5.0, -121.41, -21.0, 0.0, 5.0, -121.41, -21.0, 0.0, 5.0, -121.41, -21.0, 0.0, 5.0, -121.41, -21.0, 0.0]
[4.97, -121.88, -21.6, 0.0, 4.97, -121.88, -21.6, 0.0, 4.97, -121.88, -21.6, 0.0, 4.97, -121.88, -21.6, 0.0]
[4.97, -122.36, -22.21, 0.0, 4.97, -122.36, -22.21, 0.0, 4.97, -122.36, -22.21, 0.0, 4.97, -122.36, -22.21, 0.0]
[4.99, -122.86, -22.81, 0.0, 4.99, -122.86, -22.81, 0.0, 4.99, -122.86, -22.81, 0.0, 4.99, -122.86, -22.81, 0.0]
[5.0, -123.34, -23.42, 0.0, 5.0, -123.34, -23.42, 0.0, 5.0, -123.34, -23.42, 0.0, 5.0, -123.34, -23.42, 0.0]
[4.99, -123.82, -24.04, 0.0, 4.99, -123.82, -24.04, 0.0, 4.99, -123.82, -24.04, 0.0, 4.99, -123.82, -24.04, 0.0]
[4.97, -124.29, -24.66, 0.0, 4.97, -124.29, -24.66, 0.0, 4.97, -124.29, -24.66, 0.0, 4.97, -124.29, -24.66, 0.0]
[4.97, -124.77, -25.28, 0.0, 4.97, -124.77, -25.28, 0.0, 4.97, -124.77, -25.28, 0.0, 4.97, -124.77, -25.28, 0.0]
[4.62, -125.0, -25.91, 0.0, 4.62, -125.0, -25.91, 0.0, 4.62, -125.0, -25.91, 0.0, 4.62, -125.0, -25.91, 0.0]
[3.9, -124.98, -26.56, 0.0, 3.9, -124.98, -26.56, 0.0, 3.9, -124.98, -26.56, 0.0, 3.9, -124.98, -26.56, 0.0]