[-0.81, -95.83, 2.36, 0.0, -0.81, -95.83, 2.36, 0.0, -0.81, -95.83, 2.36, 0.0, -0.81, -95.83, 2.36, 0.0]
[-0.0, -96.97, 1.82, 0.0, -0.0, -96.97, 1.82, 0.0, -0.0, -96.97, 1.82, 0.0, -0.0, -96.97, 1.82, 0.0]
[-0.01, -97.51, 1.28, 0.0, -0.01, -97.51, 1.28, 0.0, -0.01, -97.51, 1.28, 0.0, -0.01, -97.51, 1.28, 0.0]
[-0.03, -98.04, 0.74, 0.0, -0.03, -98.04, 0.74, 0.0, -0.03, -98.04, 0.74, 0.0, -0.03, -98.04, 0.74, 0.0]
[-0.02, -98.59, 0.19, 0.0, -0.02, -98.59, 0.19, 0.0, -0.02, -98.59, 0.19, 0.0, -0.02, -98.59, 0.19, 0.0]
[-0.02, -99.14, -0.35, 0.0, -0.02, -99.14, -0.35, 0.0, -0.02, -99.14, -0.35, 0.0, -0.02, -99.14, -0.35, 0.0]
[-0.0, -99.69, -0.89, 0.0, -0.0, -99.69, -0.89, 0.0, -0.0, -99.69, -0.89, 0.0, -0.0, -99.69, -0.89, 0.0]
[-0.02, -100.22, -1.44, 0.0, -0.02, -100.22, -1.44, 0.0, -0.02, -100.22, -1.44, 0.0, -0.02, -100.22, -1.44, 0.0]
[-0.02, -100.76, -1.98, 0.0, -0.02, -100.76, -1.98, 0.0, -0.02, -100.76, -1.98, 0.0, -0.02, -100.76, -1.98, 0.0]
[-0.03, -101.29, -2.53, 0.0, -0.03, -101.29, -2.53, 0.0, -0.03, -101.29, -2.53, 0.0, -0.03, -101.29, -2.53, 0.0]
[-0.0, -101.83, -3.07, 0.0, -0.0, -101.83, -3.07, 0.0, -0.0, -101.83, -3.07, 0.0, -0.0, -101.83, -3.07, 0.0]
[-0.03, -102.35, -3.62, 0.0, -0.03, -102.35, -3.62, 0.0, -0.03, -102.35, -3.62, 0.0, -0.03, -102.35, -3.62, 0.0]
[-0.03, -102.88, -4.17, 0.0, -0.03, -102.88, -4.17, 0.0, -0.03, -102.88, -4.17, 0.0, -0.03, -102.88, -4.17, 0.0]
[-0.01, -103.42, -4.72, 0.0, -0.01, -103.42, -4.72, 0.0, -0.01, -103.42, -4.72, 0.0, -0.01, -103.42, -4.72, 0.0]
[-0.03, -103.93, -5.27, 0.0, -0.03, -103.93, -5.27, 0.0, -0.03, -103.93, -5.27, 0.0, -0.03, -103.93, -5.27, 0.0]
[-0.02, -104.46, -5.83, 0.0, -0.02, -104.46, -5.83, 0.0, -0.02, -104.46, -5.83, 0.0, -0.02, -104.46, -5.83, 0.0]
[-0.03, -104.98, -6.38, 0.0, -0.03, -104.98, -6.38, 0.0, -0.03, -104.98, -6.38, 0.0, -0.03, -104.98, -6.38, 0.0]
[-0.01, -105.52, -6.94, 0.0, -0.01, -105.52, -6.94, 0.0, -0.01, -105.52, -6.94, 0.0, -0.01, -105.52, -6.94, 0.0]
[-0.0, -106.04, -7.49, 0.0, -0.0, -106.04, -7.49, 0.0, -0.0, -106.04, -7.49, 0.0, -0.0, -106.04, -7.49, 0.0]
[-0.0, -106.56, -8.05, 0.0, -0.0, -106.56, -8.05, 0.0, -0.0, -106.56, -8.05, 0.0, -0.0, -106.56, -8.05, 0.0]
[-0.02, -107.07, -8.61, 0.0, -0.02, -107.07, -8.61, 0.0, -0.02, -107.07, -8.61, 0.0, -0.02, -107.07, -8.61, 0.0]
[-0.0, -107.59, -9.18, 0.0, -0.0, -107.59, -9.18, 0.0, -0.0, -107.59, -9.18, 0.0, -0.0, -107.59, -9.18, 0.0]
[-0.0, -108.11, -9.74, 0.0, -0.0, -108.11, -9.74, 0.0, -0.0, -108.11, -9.74, 0.0, -0.0, -108.11, -9.74, 0.0]
[-0.01, -108.61, -10.31, 0.0, -0.01, -108.61, -10.31, 0.0, -0.01, -108.61, -10.31, 0.0, -0.01, -108.61, -10.31, 0.0]
[-0.0, -109.13, -10.87, 0.0, -0.0, -109.13, -10.87, 0.0, -0.0, -109.13, -10.87, 0.0, -0.0, -109.13, -10.87, 0.0]
[-0.0, -109.65, -11.44, 0.0, -0.0, -109.65, -11.44, 0.0, -0.0, -109.65, -11.44, 0.0, -0.0, -109.65, -11.44, 0.0]
[-0.01, -110.15, -12.01, 0.0, -0.01, -110.15, -12.01, 0.0, -0.01, -110.15, -12.01, 0.0, -0.01, -110.15, -12.01, 0.0]
[-0.03, -110.64, -12.59, 0.0, -0.03, -110.64, -12.59, 0.0, -0.03, -110.64, -12.59, 0.0, -0.03, -110.64, -12.59, 0.0]
[-0.02, -111.15, -13.16, 0.0, -0.02, -111.15, -13.16, 0.0, -0.02, -111.15, -13.16, 0.0, -0.02, -111.15, -13.16, 0.0]
[-0.03, -111.65, -13.74, 0.0, -0.03, -111.65, -13.74, 0.0, -0.03, -111.65, -13.74, 0.0, -0.03, -111.65, -13.74, 0.0]
[-0.01, -112.17, -14.32, 0.0, -0.01, -112.17, -14.32, 0.0, -0.01, -112.17, -14.32, 0.0, -0.01, -112.17, -14.32, 0.0]
[-0.01, -112.68, -14.9, 0.0, -0.01, -112.68, -14.9, 0.0, -0.01, -112.68, -14.9, 0.0, -0.01, -112.68, -14.9, 0.0]
[-0.01, -113.17, -15.48, 0.0, -0.01, -113.17, -15.48, 0.0, -0.01, -113.17, -15.48, 0.0, -0.01, -113.17, -15.48, 0.0]
[-0.0, -113.69, -16.07, 0.0, -0.0, -113.69, -16.07, 0.0, -0.0, -113.69, -16.07, 0.0, -0.0, -113.69, -16.07, 0.0]
[-0.0, -114.19, -16.66, 0.0, -0.0, -114.19, -16.66, 0.0, -0.0, -114.19, -16.66, 0.0, -0.0, -114.19, -16.66, 0.0]
[-0.01, -114.68, -17.25, 0.0, -0.01, -114.68, -17.25, 0.0, -0.01, -114.68, -17.25, 0.0, -0.01, -114.68, -17.25, 0.0]
[-0.03, -115.17, -17.84, 0.0, -0.03, -115.17, -17.84, 0.0, -0.03, -115.17, -17.84, 0.0, -0.03, -115.17, -17.84, 0.0]
[-0.03, -115.66, -18.44, 0.0, -0.03, -115.66, -18.44, 0.0, -0.03, -115.66, -18.44, 0.0, -0.03, -115.66, -18.44, 0.0]
[-0.0, -116.18, -19.03, 0.0, -0.0, -116.18, -19.03, 0.0, -0.0, -116.18, -19.03, 0.0, -0.0, -116.18, -19.03, 0.0]
[-0.02, -116.66, -19.63, 0.0, -0.02, -116.66, -19.63, 0.0, -0.02, -116.66, -19.63, 0.0, -0.02, -116.66, -19.63, 0.0]
[-0.02, -117.15, -20.24, 0.0, -0.02, -117.15, -20.24, 0.0, -0.02, -117.15, -20.24, 0.0, -0.02, -117.15, -20.24, 0.0]
[-0.0, -117.66, -20.85, 0.0, -0.0, -117.66, -20.85, 0.0, -0.0, -117.66, -20.85, 0.0, -0.0, -117.66, -20.85, 0.0]
[-0.03, -118.13, -21.45, 0.0, -0.03, -118.13, -21.45, 0.0, -0.03, -118.13, -21.45, 0.0, -0.03, -118.13, -21.45, 0.0]
[-0.0, -118.65, -22.07, 0.0, -0.0, -118.65, -22.07, 0.0, -0.0, -118.65, -22.07, 0.0, -0.0, -118.65, -22.07, 0.0]
[-0.02, -119.12, -22.68, 0.0, -0.02, -119.12, -22.68, 0.0, -0.02, -119.12, -22.68, 0.0, -0.02, -119.12, -22.68, 0.0]
[-0.02, -119.62, -23.3, 0.0, -0.02, -119.62, -23.3, 0.0, -0.02, -119.62, -23.3, 0.0, -0.02, -119.62, -23.3, 0.0]
[-0.03, -120.1, -23.92, 0.0, -0.03, -120.1, -23.92, 0.0, -0.03, -120.1, -23.92, 0.0, -0.03, -120.1, -23.92, 0.0]
[-0.02, -120.6, -24.55, 0.0, -0.02, -120.6, -24.55, 0.0, -0.02, -120.6, -24.55, 0.0, -0.02, -120.6, -24.55, 0.0]
[-0.02, -121.08, -25.18, 0.0, -0.02, -121.08, -25.18, 0.0, -0.02, -121.08, -25.18, 0.0, -0.02, -121.08, -25.18, 0.0]
[-0.0, -121.58, -25.81, 0.0, -0.0, -121.58, -25.81, 0.0, -0.0, -121.58, -25.81, 0.0, -0.0, -121.58, -25.81, 0.0]
[-0.0, -122.07, -26.44, 0.0, -0.0, -122.07, -26.44, 0.0, -0.0, -122.07, -26.44, 0.0, -0.0, -122.07, -26.44, 0.0]
[-0.01, -122.55, -27.08, 0.0, -0.01, -122.55, -27.08, 0.0, -0.01, -122.55, -27.08, 0.0, -0.01, -122.55, -27.08, 0.0]
[-0.0, -123.04, -27.72, 0.0, -0.0, -123.04, -27.72, 0.0, -0.0, -123.04, -27.72, 0.0, -0.0, -123.04, -27.72, 0.0]
[-0.01, -123.52, -28.37, 0.0, -0.01, -123.52, -28.37, 0.0, -0.01, -123.52, -28.37, 0.0, -0.01, -123.52, -28.37, 0.0]
[-0.0, -124.01, -29.02, 0.0, -0.0, -124.01, -29.02, 0.0, -0.0, -124.01, -29.02, 0.0, -0.0, -124.01, -29.02, 0.0]
[-0.01, -124.49, -29.67, 0.0, -0.01, -124.49, -29.67, 0.0, -0.01, -124.49, -29.67, 0.0, -0.01, -124.49, -29.67, 0.0]
[-0.02, -124.96, -30.33, 0.0, -0.02, -124.96, -30.33, 0.0, -0.02, -124.96, -30.33, 0.0, -0.02, -124.96, -30.33, 0.0]
[-0.64, -124.99, -30.99, 0.0, -0.64, -124.99, -30.99, 0.0, -0.64, -124.99, -30.99, 0.0, -0.64, -124.99, -30.99, 0.0]
[-1.31, -124.98, -31.65, 0.0, -1.31, -124.98, -31.65, 0.0, -1.31, -124.98, -31.65, 0.0, -1.31, -124.98, -31.65, 0.0]
[-1.96, -124.99, -32.32, 0.0, -1.96, -124.99, -32.32, 0.0, -1.96, -124.99, -32.32, 0.0, -1.96, -124.99, -32.32, 0.0]
[-2.62, -124.98, -32.98, 0.0, -2.62, -124.98, -32.98, 0.0, -2.62, -124.98, -32.98, 0.0, -2.62, -124.98, -32.98, 0.0]
[-3.25, -124.99, -33.64, 0.0, -3.25, -124.99, -33.64, 0.0, -3.25, -124.99, -33.64, 0.0, -3.25, -124.99, -33.64, 0.0]
[-3.9, -124.99, -34.3, 0.0, -3.9, -124.99, -34.3, 0.0, -3.9, -124.99, -34.3, 0.0, -3.9, -124.99, -34.3, 0.0]
[-4.53, -125.0, -34.97, 0.0, -4.53, -125.0, -34.97, 0.0, -4.53, -125.0, -34.97, 0.0, -4.53, -125.0, -34.97, 0.0]
[-5.17, -124.99, -35.64, 0.0, -5.17, -124.99, -35.64, 0.0, -5.17, -124.99, -35.64, 0.0, -5.17, -124.99, -35.64, 0.0]
[-5.82, -124.98, -36.3, 0.0, -5.82, -124.98, -36.3, 0.0, -5.82, -124.98, -36.3, 0.0, -5.82, -124.98, -36.3, 0.0]
[-6.45, -124.98, -36.97, 0.0, -6.45, -124.98, -36.97, 0.0, -6.45, -124.98, -36.97, 0.0, -6.45, -124.98, -36.97, 0.0]
[-7.06, -124.99, -37.64, 0.0, -7.06, -124.99, -37.64, 0.0, -7.06, -124.99, -37.64, 0.0, -7.06, -124.99, -37.64, 0.0]
[-7.68, -124.99, -38.32, 0.0, -7.68, -124.99, -38.32, 0.0, -7.68, -124.99, -38.32, 0.0, -7.68, -124.99, -38.32, 0.0]
[-8.32, -124.98, -38.99, 0.0, -8.32, -124.98, -38.99, 0.0, -8.32, -124.98, -38.99, 0.0, -8.32, -124.98, -38.99, 0.0]
[-8.93, -124.98, -39.66, 0.0, -8.93, -124.98, -39.66, 0.0, -8.93, -124.98, -39.66, 0.0, -8.93, -124.98, -39.66, 0.0]
[-9.52, -124.99, -40.34, 0.0, -9.52, -124.99, -40.34, 0.0, -9.52, -124.99, -40.34, 0.0, -9.52, -124.99, -40.34, 0.0]
[-10.13, -124.99, -41.02, 0.0, -10.13, -124.99, -41.02, 0.0, -10.13, -124.99, -41.02, 0.0, -10.13, -124.99, -41.02, 0.0]
[-10.75, -124.98, -41.7, 0.0, -10.75, -124.98, -41.7, 0.0, -10.75, -124.98, -41.7, 0.0, -10.75, -124.98, -41.7, 0.0]
[-11.35, -124.98, -42.38, 0.0, -11.35, -124.98, -42.38, 0.0, -11.35, -124.98, -42.38, 0.0, -11.35, -124.98, -42.38, 0.0]
[-11.94, -125.0, -43.07, 0.0, -11.94, -125.0, -43.07, 0.0, -11.94, -125.0, -43.07, 0.0, -11.94, -125.0, -43.07, 0.0]
[-12.53, -125.0, -43.76, 0.0, -12.53, -125.0, -43.76, 0.0, -12.53, -125.0, -43.76, 0.0, -12.53, -125.0, -43.76, 0.0]
[-13.14, -124.99, -44.44, 0.0, -13.14, -124.99, -44.44, 0.0, -13.14, -124.99, -44.44, 0.0, -13.14, -124.99, -44.44, 0.0]
[-13.73, -124.99, -45.13, 0.0, -13.73, -124.99, -45.13, 0.0, -13.73, -124.99, -45.13, 0.0, -13.73, -124.99, -45.13, 0.0]
[-14.3, -125.0, -45.83, 0.0, -14.3, -125.0, -45.83, 0.0, -14.3, -125.0, -45.83, 0.0, -14.3, -125.0, -45.83, 0.0]
[-14.89, -125.0, -46.53, 0.0, -14.89, -125.0, -46.53, 0.0, -14.89, -125.0, -46.53, 0.0, -14.89, -125.0, -46.53, 0.0]
[-15.49, -124.98, -47.22, 0.0, -15.49, -124.98, -47.22, 0.0, -15.49, -124.98, -47.22, 0.0, -15.49, -124.98, -47.22, 0.0]
[-16.07, -124.98, -47.92, 0.0, -16.07, -124.98, -47.92, 0.0, -16.07, -124.98, -47.92, 0.0, -16.07, -124.98, -47.92, 0.0]
[-16.64, -124.99, -48.63, 0.0, -16.64, -124.99, -48.63, 0.0, -16.64, -124.99, -48.63, 0.0, -16.64, -124.99, -48.63, 0.0]
[-17.22, -124.99, -49.33, 0.0, -17.22, -124.99, -49.33, 0.0, -17.22, -124.99, -49.33, 0.0, -17.22, -124.99, -49.33, 0.0]
[-17.79, -124.99, -50.04, 0.0, -17.79, -124.99, -50.04, 0.0, -17.79, -124.99, -50.04, 0.0, -17.79, -124.99, -50.04, 0.0]
[-18.36, -124.99, -50.76, 0.0, -18.36, -124.99, -50.76, 0.0, -18.36, -124.99, -50.76, 0.0, -18.36, -124.99, -50.76, 0.0]
[-18.93, -124.99, -51.47, 0.0, -18.93, -124.99, -51.47, 0.0, -18.93, -124.99, -51.47, 0.0, -18.93, -124.99, -51.47, 0.0]
[-19.5, -124.98, -52.19, 0.0, -19.5, -124.98, -52.19, 0.0, -19.5, -124.98, -52.19, 0.0, -19.5, -124.98, -52.19, 0.0]
[-20.06, -124.98, -52.91, 0.0, -20.06, -124.98, -52.91, 0.0, -20.06, -124.98, -52.91, 0.0, -20.06, -124.98, -52.91, 0.0]
[-20.61, -124.99, -53.64, 0.0, -20.61, -124.99, -53.64, 0.0, -20.61, -124.99, -53.64, 0.0, -20.61, -124.99, -53.64, 0.0]
[-21.17, -124.99, -54.37, 0.0, -21.17, -124.99, -54.37, 0.0, -21.17, -124.99, -54.37, 0.0, -21.17, -124.99, -54.37, 0.0]
[-21.72, -124.99, -55.1, 0.0, -21.72, -124.99, -55.1, 0.0, -21.72, -124.99, -55.1, 0.0, -21.72, -124.99, -55.1, 0.0]
[-22.28, -124.99, -55.83, 0.0, -22.28, -124.99, -55.83, 0.0, -22.28, -124.99, -55.83, 0.0, -22.28, -124.99, -55.83, 0.0]
[-22.83, -124.99, -56.57, 0.0, -22.83, -124.99, -56.57, 0.0, -22.83, -124.99, -56.57, 0.0, -22.83, -124.99, -56.57, 0.0]
[-23.36, -125.0, -57.32, 0.0, -23.36, -125.0, -57.32, 0.0, -23.36, -125.0, -57.32, 0.0, -23.36, -125.0, -57.32, 0.0]
[-23.91, -124.99, -58.06, 0.0, -23.91, -124.99, -58.06, 0.0, -23.91, -124.99, -58.06, 0.0, -23.91, -124.99, -58.06, 0.0]
[-24.45, -125.0, -58.81, 0.0, -24.45, -125.0, -58.81, 0.0, -24.45, -125.0, -58.81, 0.0, -24.45, -125.0, -58.81, 0.0]
[-25.0, -124.99, -59.56, 0.0, -25.0, -124.99, -59.56, 0.0, -25.0, -124.99, -59.56, 0.0, -25.0, -124.99, -59.56, 0.0]
[-25.54, -124.99, -60.32, 0.0, -25.54, -124.99, -60.32, 0.0, -25.54, -124.99, -60.32, 0.0, -25.54, -124.99, -60.32, 0.0]
[-26.14, -124.92, -61.06, 0.0, -26.14, -124.92, -61.06, 0.0, -26.14, -124.92, -61.06, 0.0, -26.14, -124.92, -61.06, 0.0]
[-27.24, -124.41, -61.66, 0.0, -27.24, -124.41, -61.66, 0.0, -27.24, -124.41, -61.66, 0.0, -27.24, -124.41, -61.66, 0.0]
[-28.37, -123.87, -62.24, 0.0, -28.37, -123.87, -62.24, 0.0, -28.37, -123.87, -62.24, 0.0, -28.37, -123.87, -62.24, 0.0]
[-29.49, -123.31, -62.81, 0.0, -29.49, -123.31, -62.81, 0.0, -29.49, -123.31, -62.81, 0.0, -29.49, -123.31, -62.81, 0.0]
[-30.61, -122.75, -63.37, 0.0, -30.61, -122.75, -63.37, 0.0, -30.61, -122.75, -63.37, 0.0, -30.61, -122.75, -63.37, 0.0]
[-31.73, -122.18, -63.92, 0.0, -31.73, -122.18, -63.92, 0.0, -31.73, -122.18, -63.92, 0.0, -31.73, -122.18, -63.92, 0.0]
[-32.85, -121.6, -64.46, 0.0, -32.85, -121.6, -64.46, 0.0, -32.85, -121.6, -64.46, 0.0, -32.85, -121.6, -64.46, 0.0]
[-33.97, -121.02, -64.99, 0.0, -33.97, -121.02, -64.99, 0.0, -33.97, -121.02, -64.99, 0.0, -33.97, -121.02, -64.99, 0.0]
[-35.08, -120.42, -65.51, 0.0, -35.08, -120.42, -65.51, 0.0, -35.08, -120.42, -65.51, 0.0, -35.08, -120.42, -65.51, 0.0]
[-36.19, -119.82, -66.02, 0.0, -36.19, -119.82, -66.02, 0.0, -36.19, -119.82, -66.02, 0.0, -36.19, -119.82, -66.02, 0.0]
[-37.3, -119.21, -66.52, 0.0, -37.3, -119.21, -66.52, 0.0, -37.3, -119.21, -66.52, 0.0, -37.3, -119.21, -66.52, 0.0]
[-38.41, -118.59, -67.01, 0.0, -38.41, -118.59, -67.01, 0.0, -38.41, -118.59, -67.01, 0.0, -38.41, -118.59, -67.01, 0.0]
[-39.52, -117.97, -67.49, 0.0, -39.52, -117.97, -67.49, 0.0, -39.52, -117.97, -67.49, 0.0, -39.52, -117.97, -67.49, 0.0]
[-40.62, -117.33, -67.95, 0.0, -40.62, -117.33, -67.95, 0.0, -40.62, -117.33, -67.95, 0.0, -40.62, -117.33, -67.95, 0.0]
[-41.72, -116.69, -68.41, 0.0, -41.72, -116.69, -68.41, 0.0, -41.72, -116.69, -68.41, 0.0, -41.72, -116.69, -68.41, 0.0]
[-42.81, -116.04, -68.86, 0.0, -42.81, -116.04, -68.86, 0.0, -42.81, -116.04, -68.86, 0.0, -42.81, -116.04, -68.86, 0.0]
[-43.91, -115.39, -69.3, 0.0, -43.91, -115.39, -69.3, 0.0, -43.91, -115.39, -69.3, 0.0, -43.91, -115.39, -69.3, 0.0]
[-45.0, -114.72, -69.73, 0.0, -45.0, -114.72, -69.73, 0.0, -45.0, -114.72, -69.73, 0.0, -45.0, -114.72, -69.73, 0.0]
[-46.36, -113.76, -69.99, 0.0, -46.36, -113.76, -69.99, 0.0, -46.36, -113.76, -69.99, 0.0, -46.36, -113.76, -69.99, 0.0]
[-48.15, -112.34, -70.0, 0.0, -48.15, -112.34, -70.0, 0.0, -48.15, -112.34, -70.0, 0.0, -48.15, -112.34, -70.0, 0.0]
[-49.9, -110.94, -70.0, 0.0, -49.9, -110.94, -70.0, 0.0, -49.9, -110.94, -70.0, 0.0, -49.9, -110.94, -70.0, 0.0]
[-51.59, -109.58, -70.0, 0.0, -51.59, -109.58, -70.0, 0.0, -51.59, -109.58, -70.0, 0.0, -51.59, -109.58, -70.0, 0.0]
[-53.25, -108.24, -69.99, 0.0, -53.25, -108.24, -69.99, 0.0, -53.25, -108.24, -69.99, 0.0, -53.25, -108.24, -69.99, 0.0]
[-54.83, -106.95, -70.0, 0.0, -54.83, -106.95, -70.0, 0.0, -54.83, -106.95, -70.0, 0.0, -54.83, -106.95, -70.0, 0.0]
[-56.41, -105.66, -69.99, 0.0, -56.41, -105.66, -69.99, 0.0, -56.41, -105.66, -69.99, 0.0, -56.41, -105.66, -69.99, 0.0]
[-57.93, -104.41, -69.99, 0.0, -57.93, -104.41, -69.99, 0.0, -57.93, -104.41, -69.99, 0.0, -57.93, -104.41, -69.99, 0.0]
[-59.43, -103.17, -69.99, 0.0, -59.43, -103.17, -69.99, 0.0, -59.43, -103.17, -69.99, 0.0, -59.43, -103.17, -69.99, 0.0]
[-60.88, -101.97, -70.0, 0.0, -60.88, -101.97, -70.0, 0.0, -60.88, -101.97, -70.0, 0.0, -60.88, -101.97, -70.0, 0.0]
[-62.32, -100.76, -69.99, 0.0, -62.32, -100.76, -69.99, 0.0, -62.32, -100.76, -69.99, 0.0, -62.32, -100.76, -69.99, 0.0]
[-63.72, -99.58, -69.99, 0.0, -63.72, -99.58, -69.99, 0.0, -63.72, -99.58, -69.99, 0.0, -63.72, -99.58, -69.99, 0.0]
[-65.09, -98.42, -70.0, 0.0, -65.09, -98.42, -70.0, 0.0, -65.09, -98.42, -70.0, 0.0, -65.09, -98.42, -70.0, 0.0]
[-66.44, -97.27, -70.0, 0.0, -66.44, -97.27, -70.0, 0.0, -66.44, -97.27, -70.0, 0.0, -66.44, -97.27, -70.0, 0.0]
[-67.79, -96.11, -69.99, 0.0, -67.79, -96.11, -69.99, 0.0, -67.79, -96.11, -69.99, 0.0, -67.79, -96.11, -69.99, 0.0]
[-69.1, -94.99, -69.99, 0.0, -69.1, -94.99, -69.99, 0.0, -69.1, -94.99, -69.99, 0.0, -69.1, -94.99, -69.99, 0.0]
[-70.41, -93.86, -69.99, 0.0, -70.41, -93.86, -69.99, 0.0, -70.41, -93.86, -69.99, 0.0, -70.41, -93.86, -69.99, 0.0]
[-71.67, -92.76, -69.99, 0.0, -71.67, -92.76, -69.99, 0.0, -71.67, -92.76, -69.99, 0.0, -71.67, -92.76, -69.99, 0.0]
[-72.94, -91.65, -69.99, 0.0, -72.94, -91.65, -69.99, 0.0, -72.94, -91.65, -69.99, 0.0, -72.94, -91.65, -69.99, 0.0]
[-74.19, -90.55, -69.99, 0.0, -74.19, -90.55, -69.99, 0.0, -74.19, -90.55, -69.99, 0.0, -74.19, -90.55, -69.99, 0.0]
[-75.42, -89.46, -69.99, 0.0, -75.42, -89.46, -69.99, 0.0, -75.42, -89.46, -69.99, 0.0, -75.42, -89.46, -69.99, 0.0]
[-76.63, -88.38, -69.99, 0.0, -76.63, -88.38, -69.99, 0.0, -76.63, -88.38, -69.99, 0.0, -76.63, -88.38, -69.99, 0.0]
[-77.82, -87.31, -70.0, 0.0, -77.82, -87.31, -70.0, 0.0, -77.82, -87.31, -70.0, 0.0, -77.82, -87.31, -70.0, 0.0]
[-79.02, -86.23, -69.99, 0.0, -79.02, -86.23, -69.99, 0.0, -79.02, -86.23, -69.99, 0.0, -79.02, -86.23, -69.99, 0.0]
[-80.19, -85.16, -69.99, 0.0, -80.19, -85.16, -69.99, 0.0, -80.19, -85.16, -69.99, 0.0, -80.19, -85.16, -69.99, 0.0]
[-81.36, -84.1, -69.99, 0.0, -81.36, -84.1, -69.99, 0.0, -81.36, -84.1, -69.99, 0.0, -81.36, -84.1, -69.99, 0.0]
[-82.51, -83.05, -70.0, 0.0, -82.51, -83.05, -70.0, 0.0, -82.51, -83.05, -70.0, 0.0, -82.51, -83.05, -70.0, 0.0]
[-83.65, -81.98, -69.99, 0.0, -83.65, -81.98, -69.99, 0.0, -83.65, -81.98, -69.99, 0.0, -83.65, -81.98, -69.99, 0.0]
[-84.79, -80.93, -69.99, 0.0, -84.79, -80.93, -69.99, 0.0, -84.79, -80.93, -69.99, 0.0, -84.79, -80.93, -69.99, 0.0]
[-85.91, -79.88, -69.99, 0.0, -85.91, -79.88, -69.99, 0.0, -85.91, -79.88, -69.99, 0.0, -85.91, -79.88, -69.99, 0.0]
[-87.04, -78.81, -69.99, 0.0, -87.04, -78.81, -69.99, 0.0, -87.04, -78.81, -69.99, 0.0, -87.04, -78.81, -69.99, 0.0]
[-88.13, -77.78, -70.0, 0.0, -88.13, -77.78, -70.0, 0.0, -88.13, -77.78, -70.0, 0.0, -88.13, -77.78, -70.0, 0.0]
[-89.23, -76.73, -70.0, 0.0, -89.23, -76.73, -70.0, 0.0, -89.23, -76.73, -70.0, 0.0, -89.23, -76.73, -70.0, 0.0]
[-90.34, -75.67, -69.99, 0.0, -90.34, -75.67, -69.99, 0.0, -90.34, -75.67, -69.99, 0.0, -90.34, -75.67, -69.99, 0.0]
[-91.41, -74.63, -69.99, 0.0, -91.41, -74.63, -69.99, 0.0, -91.41, -74.63, -69.99, 0.0, -91.41, -74.63, -69.99, 0.0]
[-92.49, -73.58, -69.99, 0.0, -92.49, -73.58, -69.99, 0.0, -92.49, -73.58, -69.99, 0.0, -92.49, -73.58, -69.99, 0.0]
[-93.56, -72.53, -69.99, 0.0, -93.56, -72.53, -69.99, 0.0, -93.56, -72.53, -69.99, 0.0, -93.56, -72.53, -69.99, 0.0]
[-94.62, -71.48, -70.0, 0.0, -94.62, -71.48, -70.0, 0.0, -94.62, -71.48, -70.0, 0.0, -94.62, -71.48, -70.0, 0.0]
[-95.68, -70.42, -69.99, 0.0, -95.68, -70.42, -69.99, 0.0, -95.68, -70.42, -69.99, 0.0, -95.68, -70.42, -69.99, 0.0]
[-96.74, -69.37, -69.99, 0.0, -96.74, -69.37, -69.99, 0.0, -96.74, -69.37, -69.99, 0.0, -96.74, -69.37, -69.99, 0.0]
[-97.79, -68.31, -70.0, 0.0, -97.79, -68.31, -70.0, 0.0, -97.79, -68.31, -70.0, 0.0, -97.79, -68.31, -70.0, 0.0]
[-98.84, -67.24, -69.99, 0.0, -98.84, -67.24, -69.99, 0.0, -98.84, -67.24, -69.99, 0.0, -98.84, -67.24, -69.99, 0.0]
[-99.87, -66.2, -70.0, 0.0, -99.87, -66.2, -70.0, 0.0, -99.87, -66.2, -70.0, 0.0, -99.87, -66.2, -70.0, 0.0]
[-100.9, -65.13, -70.0, 0.0, -100.9, -65.13, -70.0, 0.0, -100.9, -65.13, -70.0, 0.0, -100.9, -65.13, -70.0, 0.0]
[-101.95, -64.04, -69.99, 0.0, -101.95, -64.04, -69.99, 0.0, -101.95, -64.04, -69.99, 0.0, -101.95, -64.04, -69.99, 0.0]
[-102.97, -62.98, -69.99, 0.0, -102.97, -62.98, -69.99, 0.0, -102.97, -62.98, -69.99, 0.0, -102.97, -62.98, -69.99, 0.0]
[-104.0, -61.89, -69.99, 0.0, -104.0, -61.89, -69.99, 0.0, -104.0, -61.89, -69.99, 0.0, -104.0, -61.89, -69.99, 0.0]
[-105.03, -60.8, -69.99, 0.0, -105.03, -60.8, -69.99, 0.0, -105.03, -60.8, -69.99, 0.0, -105.03, -60.8, -69.99, 0.0]
[-106.05, -59.72, -69.99, 0.0, -106.05, -59.72, -69.99, 0.0, -106.05, -59.72, -69.99, 0.0, -106.05, -59.72, -69.99, 0.0]
[-107.06, -58.63, -69.99, 0.0, -107.06, -58.63, -69.99, 0.0, -107.06, -58.63, -69.99, 0.0, -107.06, -58.63, -69.99, 0.0]
[-108.07, -57.54, -70.0, 0.0, -108.07, -57.54, -70.0, 0.0, -108.07, -57.54, -70.0, 0.0, -108.07, -57.54, -70.0, 0.0]
[-109.09, -56.42, -69.99, 0.0, -109.09, -56.42, -69.99, 0.0, -109.09, -56.42, -69.99, 0.0, -109.09, -56.42, -69.99, 0.0]
[-110.1, -55.3, -69.99, 0.0, -110.1, -55.3, -69.99, 0.0, -110.1, -55.3, -69.99, 0.0, -110.1, -55.3, -69.99, 0.0]
[-111.12, -54.17, -69.98, 0.0, -111.12, -54.17, -69.98, 0.0, -111.12, -54.17, -69.98, 0.0, -111.12, -54.17, -69.98, 0.0]