[-0.81, -95.83, 2.36, 0.0, -0.81, -95.83, 2.36, 0.0, -0.81, -95.83, 2.36, 0.0, -0.81, -95.83, 2.36, 0.0]
[-0.01, -96.03, 2.21, -0.41, -0.03, -96.2, 2.28, 0.8, -0.01, -96.79, 2.51, 0.42, -0.01, -96.6, 2.44, -0.82]
[-0.01, -95.64, 2.07, -0.81, -0.0, -96.02, 2.2, 1.6, -0.02, -97.14, 2.68, 0.86, -0.01, -96.79, 2.51, -1.64]
[-0.03, -95.22, 1.94, -1.2, -0.0, -95.8, 2.13, 2.38, -0.0, -97.5, 2.85, 1.3, -0.0, -96.97, 2.59, -2.48]
[-0.01, -94.82, 1.82, -1.58, -0.03, -95.57, 2.05, 3.15, -0.03, -97.83, 3.04, 1.76, -0.02, -97.12, 2.67, -3.33]
[-0.03, -94.38, 1.71, -1.94, -0.0, -95.35, 1.97, 3.9, -0.02, -98.16, 3.23, 2.24, -0.03, -97.27, 2.75, -4.2]
[-0.02, -93.96, 1.6, -2.3, -0.0, -95.12, 1.9, 4.65, -0.03, -98.48, 3.42, 2.73, -0.0, -97.45, 2.82, -5.07]
[-0.02, -93.51, 1.51, -2.65, -0.03, -94.85, 1.83, 5.38, -0.0, -98.81, 3.63, 3.23, -0.0, -97.6, 2.9, -5.95]
[-0.02, -93.06, 1.42, -2.99, -0.0, -94.62, 1.76, 6.1, -0.02, -99.1, 3.84, 3.75, -0.03, -97.71, 2.97, -6.85]
[-0.02, -92.59, 1.35, -3.32, -0.0, -94.36, 1.69, 6.81, -0.01, -99.39, 4.07, 4.28, -0.02, -97.85, 3.04, -7.76]
[-0.03, -92.11, 1.28, -3.64, -0.02, -94.08, 1.63, 7.51, -0.02, -99.67, 4.29, 4.84, -0.0, -97.99, 3.11, -8.67]
[-0.01, -91.64, 1.23, -3.96, -0.02, -93.8, 1.57, 8.2, -0.03, -99.93, 4.53, 5.41, -0.02, -98.09, 3.18, -9.6]
[-0.03, -91.12, 1.18, -4.26, -0.01, -93.52, 1.51, 8.87, -0.02, -100.2, 4.77, 5.99, -0.0, -98.22, 3.25, -10.53]
[-0.01, -90.63, 1.14, -4.56, -0.02, -93.22, 1.45, 9.54, -0.02, -100.45, 5.02, 6.6, -0.01, -98.31, 3.31, -11.48]
[-0.0, -90.11, 1.12, -4.85, -0.01, -92.92, 1.4, 10.19, -0.03, -100.69, 5.27, 7.23, -0.03, -98.4, 3.37, -12.43]
[-0.03, -89.56, 1.1, -5.14, -0.01, -92.6, 1.35, 10.83, -0.02, -100.93, 5.54, 7.87, -0.0, -98.51, 3.43, -13.39]
[-0.03, -89.02, 1.09, -5.41, -0.01, -92.29, 1.3, 11.46, -0.02, -101.15, 5.8, 8.54, -0.01, -98.59, 3.48, -14.36]
[-1.53, -87.37, 1.1, -5.69, -0.01, -91.95, 1.26, 12.08, -0.0, -101.38, 6.08, 9.23, -0.02, -98.66, 3.53, -15.34]
[-3.56, -85.29, 1.15, -5.95, -0.0, -91.62, 1.22, 12.69, -0.0, -101.58, 6.35, 9.95, -0.03, -98.72, 3.58, -16.32]
[-5.59, -83.18, 1.23, -6.21, -0.01, -91.27, 1.19, 13.29, -0.02, -101.77, 6.63, 10.69, -0.0, -98.8, 3.62, -17.32]
[-7.64, -81.01, 1.35, -6.46, -0.0, -90.92, 1.16, 13.87, -0.01, -101.96, 6.92, 11.45, -0.01, -98.85, 3.66, -18.31]
[-9.71, -78.78, 1.51, -6.71, -0.0, -90.55, 1.14, 14.45, -0.02, -102.12, 7.21, 12.24, -0.02, -98.9, 3.7, -19.32]
[-11.79, -76.5, 1.71, -6.95, -0.02, -90.16, 1.12, 15.02, -0.02, -102.3, 7.51, 13.06, -0.0, -98.96, 3.73, -20.32]
[-13.89, -74.15, 1.95, -7.18, -0.02, -89.77, 1.1, 15.58, -0.0, -102.47, 7.8, 13.91, -0.02, -98.99, 3.76, -21.33]
[-16.03, -71.73, 2.24, -7.42, -0.0, -89.39, 1.09, 16.12, -0.01, -102.62, 8.1, 14.78, -0.0, -99.04, 3.78, -22.35]
[-18.2, -69.24, 2.57, -7.64, -0.0, -88.99, 1.09, 16.66, -0.03, -102.74, 8.4, 15.69, -0.02, -99.05, 3.8, -23.37]
[-20.4, -66.66, 2.94, -7.86, -1.19, -87.72, 1.1, 17.19, -0.01, -102.89, 8.71, 16.63, -0.01, -99.08, 3.82, -24.39]
[-22.66, -63.98, 3.37, -8.08, -2.71, -86.16, 1.12, 17.71, -0.01, -103.02, 9.01, 17.61, -0.03, -99.08, 3.83, -25.41]
[-24.02, -62.88, 3.1, -7.57, -2.71, -86.16, 1.12, 17.71, -0.01, -103.02, 9.01, 17.61, -0.03, -99.08, 3.83, -25.41]
[-25.42, -61.73, 2.85, -7.07, -2.71, -86.16, 1.12, 17.71, -0.01, -103.02, 9.01, 17.61, -0.03, -99.08, 3.83, -25.41]
[-26.86, -60.51, 2.63, -6.58, -2.71, -86.16, 1.12, 17.71, -0.01, -103.02, 9.01, 17.61, -0.03, -99.08, 3.83, -25.41]
[-28.34, -59.22, 2.44, -6.09, -2.71, -86.16, 1.12, 17.71, -0.01, -103.02, 9.01, 17.61, -0.03, -99.08, 3.83, -25.41]
[-29.85, -57.87, 2.27, -5.61, -2.71, -86.16, 1.12, 17.71, -0.01, -103.02, 9.01, 17.61, -0.03, -99.08, 3.83, -25.41]
[-31.42, -56.45, 2.14, -5.14, -2.71, -86.16, 1.12, 17.71, -0.01, -103.02, 9.01, 17.61, -0.03, -99.08, 3.83, -25.41]
[-33.02, -54.95, 2.03, -4.67, -2.71, -86.16, 1.12, 17.71, -0.01, -103.02, 9.01, 17.61, -0.03, -99.08, 3.83, -25.41]
[-34.68, -53.36, 1.96, -4.21, -2.71, -86.16, 1.12, 17.71, -0.01, -103.02, 9.01, 17.61, -0.03, -99.08, 3.83, -25.41]
[-36.39, -51.69, 1.93, -3.76, -2.71, -86.16, 1.12, 17.71, -0.01, -103.02, 9.01, 17.61, -0.03, -99.08, 3.83, -25.41]
[-38.15, -49.92, 1.93, -3.31, -2.71, -86.16, 1.12, 17.71, -0.01, -103.02, 9.01, 17.61, -0.03, -99.08, 3.83, -25.41]
[-39.98, -48.04, 1.98, -2.87, -2.71, -86.16, 1.12, 17.71, -0.01, -103.02, 9.01, 17.61, -0.03, -99.08, 3.83, -25.41]
[-41.88, -46.05, 2.07, -2.43, -2.71, -86.16, 1.12, 17.71, -0.01, -103.02, 9.01, 17.61, -0.03, -99.08, 3.83, -25.41]
[-43.87, -43.92, 2.22, -2.0, -2.71, -86.16, 1.12, 17.71, -0.01, -103.02, 9.01, 17.61, -0.03, -99.08, 3.83, -25.41]
[-45.94, -41.63, 2.43, -1.58, -2.71, -86.16, 1.12, 17.71, -0.01, -103.02, 9.01, 17.61, -0.03, -99.08, 3.83, -25.41]
[-48.12, -39.17, 2.7, -1.16, -2.71, -86.16, 1.12, 17.71, -0.01, -103.02, 9.01, 17.61, -0.03, -99.08, 3.83, -25.41]
[-50.44, -36.5, 3.06, -0.75, -2.71, -86.16, 1.12, 17.71, -0.01, -103.02, 9.01, 17.61, -0.03, -99.08, 3.83, -25.41]
[-52.92, -33.57, 3.52, -0.34, -2.71, -86.16, 1.12, 17.71, -0.01, -103.02, 9.01, 17.61, -0.03, -99.08, 3.83, -25.41]
[-55.55, -30.37, 4.07, 0.06, -2.71, -86.16, 1.12, 17.71, -0.01, -103.02, 9.01, 17.61, -0.03, -99.08, 3.83, -25.41]
[-58.52, -26.66, 4.81, 0.46, -2.71, -86.16, 1.12, 17.71, -0.01, -103.02, 9.01, 17.61, -0.03, -99.08, 3.83, -25.41]
[-61.93, -22.26, 5.79, 0.85, -2.71, -86.16, 1.12, 17.71, -0.01, -103.02, 9.01, 17.61, -0.03, -99.08, 3.83, -25.41]
[-66.13, -16.66, 7.2, 1.23, -2.71, -86.16, 1.12, 17.71, -0.01, -103.02, 9.01, 17.61, -0.03, -99.08, 3.83, -25.41]
[-72.04, -8.39, 9.53, 1.61, -2.71, -86.16, 1.12, 17.71, -0.01, -103.02, 9.01, 17.61, -0.03, -99.08, 3.83, -25.41]
[-77.15, -0.75, 11.73, 1.98, -2.71, -86.16, 1.12, 17.71, -0.01, -103.02, 9.01, 17.61, -0.03, -99.08, 3.83, -25.41]
[-76.12, -2.08, 10.91, 2.35, -2.71, -86.16, 1.12, 17.71, -0.01, -103.02, 9.01, 17.61, -0.03, -99.08, 3.83, -25.41]
[-76.93, -0.64, 11.04, 2.72, -2.71, -86.16, 1.12, 17.71, -0.01, -103.02, 9.01, 17.61, -0.03, -99.08, 3.83, -25.41]
[-76.16, -1.55, 10.38, 3.08, -2.71, -86.16, 1.12, 17.71, -0.01, -103.02, 9.01, 17.61, -0.03, -99.08, 3.83, -25.41]
[-76.26, -1.14, 10.17, 3.43, -2.71, -86.16, 1.12, 17.71, -0.01, -103.02, 9.01, 17.61, -0.03, -99.08, 3.83, -25.41]
[-75.98, -1.29, 9.78, 3.78, -2.71, -86.16, 1.12, 17.71, -0.01, -103.02, 9.01, 17.61, -0.03, -99.08, 3.83, -25.41]
[-75.38, -1.88, 9.24, 4.12, -2.71, -86.16, 1.12, 17.71, -0.01, -103.02, 9.01, 17.61, -0.03, -99.08, 3.83, -25.41]
[-75.39, -1.56, 9.01, 4.46, -2.71, -86.16, 1.12, 17.71, -0.01, -103.02, 9.01, 17.61, -0.03, -99.08, 3.83, -25.41]
[-75.07, -1.71, 8.64, 4.8, -2.71, -86.16, 1.12, 17.71, -0.01, -103.02, 9.01, 17.61, -0.03, -99.08, 3.83, -25.41]
[-75.5, -0.72, 8.65, 5.13, -2.71, -86.16, 1.12, 17.71, -0.01, -103.02, 9.01, 17.61, -0.03, -99.08, 3.83, -25.41]
[-74.35, -2.06, 7.88, 5.45, -2.71, -86.16, 1.12, 17.71, -0.01, -103.02, 9.01, 17.61, -0.03, -99.08, 3.83, -25.41]
[-74.94, -0.8, 7.99, 5.77, -2.71, -86.16, 1.12, 17.71, -0.01, -103.02, 9.01, 17.61, -0.03, -99.08, 3.83, -25.41]
[-74.0, -1.8, 7.35, 6.09, -2.71, -86.16, 1.12, 17.71, -0.01, -103.02, 9.01, 17.61, -0.03, -99.08, 3.83, -25.41]
[-73.75, -1.75, 7.07, 6.4, -2.71, -86.16, 1.12, 17.71, -0.01, -103.02, 9.01, 17.61, -0.03, -99.08, 3.83, -25.41]
[-74.35, -0.41, 7.23, 6.71, -2.71, -86.16, 1.12, 17.71, -0.01, -103.02, 9.01, 17.61, -0.03, -99.08, 3.83, -25.41]
[-73.07, -1.87, 6.45, 7.02, -2.71, -86.16, 1.12, 17.71, -0.01, -103.02, 9.01, 17.61, -0.03, -99.08, 3.83, -25.41]
[-72.63, -2.04, 6.12, 7.32, -2.71, -86.16, 1.12, 17.71, -0.01, -103.02, 9.01, 17.61, -0.03, -99.08, 3.83, -25.41]
[-72.68, -1.48, 6.04, 7.61, -2.71, -86.16, 1.12, 17.71, -0.01, -103.02, 9.01, 17.61, -0.03, -99.08, 3.83, -25.41]
[-72.37, -1.42, 5.79, 7.91, -2.71, -86.16, 1.12, 17.71, -0.01, -103.02, 9.01, 17.61, -0.03, -99.08, 3.83, -25.41]
[-71.68, -1.92, 5.36, 8.19, -2.71, -86.16, 1.12, 17.71, -0.01, -103.02, 9.01, 17.61, -0.03, -99.08, 3.83, -25.41]
[-71.48, -1.66, 5.2, 8.48, -2.71, -86.16, 1.12, 17.71, -0.01, -103.02, 9.01, 17.61, -0.03, -99.08, 3.83, -25.41]
[-70.92, -1.92, 4.87, 8.76, -2.71, -86.16, 1.12, 17.71, -0.01, -103.02, 9.01, 17.61, -0.03, -99.08, 3.83, -25.41]
[-70.84, -1.44, 4.79, 9.04, -2.71, -86.16, 1.12, 17.71, -0.01, -103.02, 9.01, 17.61, -0.03, -99.08, 3.83, -25.41]
[-70.38, -1.53, 4.54, 9.31, -2.71, -86.16, 1.12, 17.71, -0.01, -103.02, 9.01, 17.61, -0.03, -99.08, 3.83, -25.41]
[-70.82, -0.23, 4.76, 9.58, -2.71, -86.16, 1.12, 17.71, -0.01, -103.02, 9.01, 17.61, -0.03, -99.08, 3.83, -25.41]
[-69.2, -2.0, 3.94, 9.85, -2.71, -86.16, 1.12, 17.71, -0.01, -103.02, 9.01, 17.61, -0.03, -99.08, 3.83, -25.41]
[-69.4, -1.03, 4.07, 10.11, -2.71, -86.16, 1.12, 17.71, -0.01, -103.02, 9.01, 17.61, -0.03, -99.08, 3.83, -25.41]
[-68.23, -2.07, 3.52, 10.37, -2.71, -86.16, 1.12, 17.71, -0.01, -103.02, 9.01, 17.61, -0.03, -99.08, 3.83, -25.41]
[-68.59, -0.83, 3.75, 10.62, -2.71, -86.16, 1.12, 17.71, -0.01, -103.02, 9.01, 17.61, -0.03, -99.08, 3.83, -25.41]
[-67.45, -1.79, 3.24, 10.88, -2.71, -86.16, 1.12, 17.71, -0.01, -103.02, 9.01, 17.61, -0.03, -99.08, 3.83, -25.41]
[-66.94, -1.78, 3.07, 11.13, -2.71, -86.16, 1.12, 17.71, -0.01, -103.02, 9.01, 17.61, -0.03, -99.08, 3.83, -25.41]
[-67.08, -0.79, 3.25, 11.37, -2.71, -86.16, 1.12, 17.71, -0.01, -103.02, 9.01, 17.61, -0.03, -99.08, 3.83, -25.41]
[-65.73, -2.02, 2.68, 11.62, -2.71, -86.16, 1.12, 17.71, -0.01, -103.02, 9.01, 17.61, -0.03, -99.08, 3.83, -25.41]
[-65.97, -0.83, 2.93, 11.86, -2.71, -86.16, 1.12, 17.71, -0.01, -103.02, 9.01, 17.61, -0.03, -99.08, 3.83, -25.41]
[-64.76, -1.79, 2.47, 12.09, -2.71, -86.16, 1.12, 17.71, -0.01, -103.02, 9.01, 17.61, -0.03, -99.08, 3.83, -25.41]
[-64.2, -1.75, 2.36, 12.33, -2.71, -86.16, 1.12, 17.71, -0.01, -103.02, 9.01, 17.61, -0.03, -99.08, 3.83, -25.41]
[-64.41, -0.55, 2.65, 12.56, -2.71, -86.16, 1.12, 17.71, -0.01, -103.02, 9.01, 17.61, -0.03, -99.08, 3.83, -25.41]
[-62.96, -1.79, 2.12, 12.79, -2.71, -86.16, 1.12, 17.71, -0.01, -103.02, 9.01, 17.61, -0.03, -99.08, 3.83, -25.41]
[-62.97, -1.77, 2.13, 12.79, -2.72, -86.16, 1.12, 17.71, -0.01, -103.02, 9.01, 17.61, -0.02, -99.08, 3.83, -25.41]
[-62.04, -1.99, 2.79, 12.79, -2.72, -86.16, 1.12, 17.71, -0.01, -103.02, 9.01, 17.61, -0.02, -99.08, 3.83, -25.41]
[-61.22, -2.0, 3.53, 12.79, -2.72, -86.16, 1.12, 17.71, -0.01, -103.02, 9.01, 17.61, -0.02, -99.08, 3.83, -25.41]
[-60.55, -1.79, 4.35, 12.79, -2.72, -86.16, 1.12, 17.71, -0.01, -103.02, 9.01, 17.61, -0.02, -99.08, 3.83, -25.41]
[-60.11, -1.19, 5.31, 12.79, -2.72, -86.16, 1.12, 17.71, -0.01, -103.02, 9.01, 17.61, -0.02, -99.08, 3.83, -25.41]
[-58.98, -1.6, 5.93, 12.79, -2.72, -86.16, 1.12, 17.71, -0.01, -103.02, 9.01, 17.61, -0.02, -99.08, 3.83, -25.41]
[-58.12, -1.58, 6.71, 12.79, -2.72, -86.16, 1.12, 17.71, -0.01, -103.02, 9.01, 17.61, -0.02, -99.08, 3.83, -25.41]
[-57.58, -1.04, 7.66, 12.79, -2.72, -86.16, 1.12, 17.71, -0.01, -103.02, 9.01, 17.61, -0.02, -99.08, 3.83, -25.41]
[-56.39, -1.44, 8.3, 12.79, -2.72, -86.16, 1.12, 17.71, -0.01, -103.02, 9.01, 17.61, -0.02, -99.08, 3.83, -25.41]
[-55.62, -1.2, 9.17, 12.79, -2.72, -86.16, 1.12, 17.71, -0.01, -103.02, 9.01, 17.61, -0.02, -99.08, 3.83, -25.41]
[-54.34, -1.67, 9.81, 12.79, -2.72, -86.16, 1.12, 17.71, -0.01, -103.02, 9.01, 17.61, -0.02, -99.08, 3.83, -25.41]
[-53.5, -1.46, 10.68, 12.79, -2.72, -86.16, 1.12, 17.71, -0.01, -103.02, 9.01, 17.61, -0.02, -99.08, 3.83, -25.41]
[-52.3, -1.74, 11.4, 12.79, -2.72, -86.16, 1.12, 17.71, -0.01, -103.02, 9.01, 17.61, -0.02, -99.08, 3.83, -25.41]
[-51.61, -1.23, 12.39, 12.79, -2.72, -86.16, 1.12, 17.71, -0.01, -103.02, 9.01, 17.61, -0.02, -99.08, 3.83, -25.41]
[-50.7, -1.01, 13.3, 12.79, -2.72, -86.16, 1.12, 17.71, -0.01, -103.02, 9.01, 17.61, -0.02, -99.08, 3.83, -25.41]
[-49.54, -1.11, 14.1, 12.79, -2.72, -86.16, 1.12, 17.71, -0.01, -103.02, 9.01, 17.61, -0.02, -99.08, 3.83, -25.41]
[-48.26, -1.34, 14.88, 12.79, -2.72, -86.16, 1.12, 17.71, -0.01, -103.02, 9.01, 17.61, -0.02, -99.08, 3.83, -25.41]
[-46.98, -1.53, 15.68, 12.79, -2.72, -86.16, 1.12, 17.71, -0.01, -103.02, 9.01, 17.61, -0.02, -99.08, 3.83, -25.41]
[-45.77, -1.56, 16.55, 12.79, -2.72, -86.16, 1.12, 17.71, -0.01, -103.02, 9.01, 17.61, -0.02, -99.08, 3.83, -25.41]
[-44.71, -1.31, 17.53, 12.79, -2.72, -86.16, 1.12, 17.71, -0.01, -103.02, 9.01, 17.61, -0.02, -99.08, 3.83, -25.41]
[-43.17, -1.71, 18.31, 12.79, -2.72, -86.16, 1.12, 17.71, -0.01, -103.02, 9.01, 17.61, -0.02, -99.08, 3.83, -25.41]
[-42.0, -1.5, 19.31, 12.79, -2.72, -86.16, 1.12, 17.71, -0.01, -103.02, 9.01, 17.61, -0.02, -99.08, 3.83, -25.41]
[-40.65, -1.49, 20.27, 12.79, -2.72, -86.16, 1.12, 17.71, -0.01, -103.02, 9.01, 17.61, -0.02, -99.08, 3.83, -25.41]
[-39.27, -1.44, 21.26, 12.79, -2.72, -86.16, 1.12, 17.71, -0.01, -103.02, 9.01, 17.61, -0.02, -99.08, 3.83, -25.41]
[-38.1, -0.99, 22.4, 12.79, -2.72, -86.16, 1.12, 17.71, -0.01, -103.02, 9.01, 17.61, -0.02, -99.08, 3.83, -25.41]
[-36.61, -0.91, 23.46, 12.79, -2.72, -86.16, 1.12, 17.71, -0.01, -103.02, 9.01, 17.61, -0.02, -99.08, 3.83, -25.41]
[-35.19, -0.63, 24.61, 12.79, -2.72, -86.16, 1.12, 17.71, -0.01, -103.02, 9.01, 17.61, -0.02, -99.08, 3.83, -25.41]
[-33.29, -0.94, 25.6, 12.79, -2.72, -86.16, 1.12, 17.71, -0.01, -103.02, 9.01, 17.61, -0.02, -99.08, 3.83, -25.41]
[-31.65, -0.71, 26.82, 12.79, -2.72, -86.16, 1.12, 17.71, -0.01, -103.02, 9.01, 17.61, -0.02, -99.08, 3.83, -25.41]
[-29.28, -1.4, 27.78, 12.79, -2.72, -86.16, 1.12, 17.71, -0.01, -103.02, 9.01, 17.61, -0.02, -99.08, 3.83, -25.41]
[-27.92, -0.38, 29.37, 12.79, -2.72, -86.16, 1.12, 17.71, -0.01, -103.02, 9.01, 17.61, -0.02, -99.08, 3.83, -25.41]
[-29.71, -0.64, 28.59, 13.04, -1.29, -87.61, 1.1, 17.11, -0.03, -102.86, 8.66, 16.7, -0.02, -99.11, 3.84, -24.34]
[-31.15, -1.23, 27.77, 13.3, -0.03, -88.92, 1.09, 16.5, -0.03, -102.7, 8.32, 15.83, -0.03, -99.12, 3.85, -23.26]
[-32.95, -1.12, 27.23, 13.57, -0.0, -89.32, 1.09, 15.88, -0.02, -102.54, 7.97, 14.99, -0.01, -99.14, 3.86, -22.18]
[-34.46, -1.29, 26.64, 13.84, -0.03, -89.67, 1.1, 15.25, -0.0, -102.39, 7.63, 14.18, -0.03, -99.13, 3.86, -21.1]
[-35.98, -1.35, 26.14, 14.11, -0.0, -90.04, 1.11, 14.61, -0.0, -102.21, 7.3, 13.4, -0.02, -99.13, 3.86, -20.02]
[-38.03, -0.5, 25.97, 14.39, -0.03, -90.37, 1.13, 13.96, -0.01, -102.01, 6.97, 12.65, -0.02, -99.13, 3.85, -18.94]
[-39.12, -0.99, 25.38, 14.67, -0.01, -90.72, 1.15, 13.3, -0.0, -101.81, 6.65, 11.93, -0.02, -99.1, 3.84, -17.86]
[-40.15, -1.47, 24.82, 14.95, -0.01, -91.05, 1.17, 12.63, -0.01, -101.59, 6.34, 11.24, -0.03, -99.07, 3.82, -16.78]
[-41.59, -1.27, 24.52, 15.24, -0.03, -91.35, 1.2, 11.94, -0.03, -101.35, 6.03, 10.57, -0.01, -99.05, 3.8, -15.71]
[-42.51, -1.76, 24.01, 15.53, -0.0, -91.68, 1.23, 11.25, -0.02, -101.11, 5.73, 9.93, -0.0, -99.03, 3.77, -14.64]
[-44.27, -0.96, 23.96, 15.82, -0.03, -91.95, 1.26, 10.54, -0.0, -100.88, 5.43, 9.31, -0.03, -98.96, 3.74, -13.58]
[-45.13, -1.43, 23.5, 16.12, -0.01, -92.26, 1.3, 9.83, -0.02, -100.61, 5.15, 8.71, -0.03, -98.91, 3.7, -12.52]
[-46.81, -0.63, 23.49, 16.43, -0.02, -92.53, 1.34, 9.1, -0.02, -100.34, 4.87, 8.13, -0.0, -98.87, 3.66, -11.47]
[-47.14, -1.78, 22.84, 16.73, -0.01, -92.81, 1.38, 8.37, -0.03, -100.05, 4.6, 7.58, -0.01, -98.8, 3.61, -10.42]
[-48.96, -0.66, 22.96, 17.05, -0.0, -93.08, 1.42, 7.62, -0.0, -99.77, 4.34, 7.04, -0.03, -98.71, 3.56, -9.38]
[-49.28, -1.73, 22.37, 17.36, -0.01, -93.32, 1.47, 6.86, -0.03, -99.45, 4.09, 6.52, -0.01, -98.65, 3.51, -8.35]
[-50.96, -0.73, 22.49, 17.68, -0.01, -93.57, 1.52, 6.09, -0.02, -99.14, 3.85, 6.01, -0.03, -98.54, 3.45, -7.33]
[-51.97, -0.69, 22.3, 18.01, -0.0, -93.81, 1.56, 5.31, -0.03, -98.81, 3.61, 5.53, -0.01, -98.46, 3.39, -6.31]
[-52.2, -1.78, 21.74, 18.34, -0.02, -94.02, 1.61, 4.52, -0.0, -98.49, 3.39, 5.06, -0.0, -98.36, 3.33, -5.31]
[-53.53, -1.19, 21.76, 18.67, -0.03, -94.23, 1.67, 3.71, -0.02, -98.12, 3.18, 4.6, -0.0, -98.26, 3.26, -4.31]
[-54.1, -1.7, 21.43, 19.01, -0.03, -94.44, 1.72, 2.9, -0.01, -97.77, 2.97, 4.16, -0.0, -98.15, 3.19, -3.33]
[-55.83, -0.43, 21.7, 19.36, -0.03, -94.64, 1.77, 2.08, -0.0, -97.4, 2.78, 3.73, -0.0, -98.02, 3.11, -2.36]
[-56.28, -1.06, 21.35, 19.71, -0.01, -94.84, 1.82, 1.24, -0.0, -97.02, 2.59, 3.32, -0.0, -97.9, 3.04, -1.39]
[-56.87, -1.43, 21.09, 20.06, -0.0, -95.04, 1.87, 0.4, -0.0, -96.62, 2.42, 2.92, -0.0, -97.76, 2.96, -0.44]
[-57.48, -1.75, 20.86, 20.42, -0.02, -95.2, 1.93, -0.45, -0.01, -96.2, 2.25, 2.53, -0.0, -97.62, 2.88, 0.5]
[-59.04, -0.62, 21.13, 20.78, -0.03, -95.36, 1.98, -1.32, -0.03, -95.77, 2.1, 2.15, -0.03, -97.44, 2.8, 1.43]
[-59.29, -1.42, 20.75, 21.15, -0.03, -95.51, 2.03, -2.19, -0.01, -95.35, 1.95, 1.79, -0.02, -97.29, 2.72, 2.34]
[-60.8, -0.32, 21.04, 21.53, -0.0, -95.69, 2.08, -3.07, -0.0, -94.92, 1.82, 1.43, -0.0, -97.13, 2.64, 3.24]
[-60.65, -1.67, 20.49, 21.91, -0.0, -95.83, 2.13, -3.96, -0.03, -94.44, 1.7, 1.08, -0.02, -96.93, 2.55, 4.13]
[-61.54, -1.44, 20.5, 22.29, -0.0, -95.97, 2.18, -4.86, -0.02, -93.98, 1.59, 0.75, -0.03, -96.74, 2.47, 5.01]
[-62.26, -1.44, 20.43, 22.68, -0.0, -96.1, 2.22, -5.77, -0.02, -93.5, 1.49, 0.42, -0.0, -96.56, 2.39, 5.87]
[-62.78, -1.7, 20.28, 23.08, -0.0, -96.22, 2.27, -6.69, -0.03, -93.01, 1.4, 0.11, -0.0, -96.36, 2.3, 6.72]
[-64.17, -0.65, 20.58, 23.48, -0.03, -96.31, 2.31, -7.61, -0.03, -92.51, 1.32, -0.2, -0.03, -96.12, 2.22, 7.56]
[-64.11, -1.75, 20.16, 23.89, -0.02, -96.42, 2.35, -8.55, -0.0, -92.01, 1.25, -0.5, -0.01, -95.91, 2.14, 8.39]
[-64.88, -1.58, 20.18, 24.31, -0.01, -96.52, 2.39, -9.49, -0.02, -91.47, 1.19, -0.79, -0.03, -95.67, 2.06, 9.2]
[-65.42, -1.73, 20.1, 24.73, -0.0, -96.61, 2.43, -10.43, -0.0, -90.95, 1.15, -1.08, -0.03, -95.43, 1.98, 10.0]
[-66.83, -0.56, 20.47, 25.15, -0.03, -96.67, 2.46, -11.38, -0.02, -90.38, 1.11, -1.35, -0.02, -95.18, 1.9, 10.78]
[-66.66, -1.74, 20.05, 25.58, -0.02, -96.75, 2.49, -12.34, -0.01, -89.83, 1.09, -1.62, -0.0, -94.94, 1.82, 11.55]
[-67.35, -1.61, 20.08, 26.02, -0.02, -96.81, 2.52, -13.3, -0.0, -89.26, 1.08, -1.89, -0.01, -94.66, 1.75, 12.31]
[-67.79, -1.83, 20.0, 26.47, -0.01, -96.87, 2.54, -14.27, -0.91, -88.01, 1.08, -2.14, -0.01, -94.39, 1.68, 13.06]
[-63.64, -8.64, 17.74, 26.92, -0.01, -96.93, 2.56, -15.24, -3.08, -85.81, 1.12, -2.39, -0.03, -94.09, 1.61, 13.79]
[-63.64, -8.64, 17.74, 26.92, -0.01, -96.93, 2.56, -15.24, -3.08, -85.81, 1.12, -2.39, -0.01, -94.4, 1.01, 13.09]
[-63.64, -8.64, 17.74, 26.92, -0.01, -96.93, 2.56, -15.24, -3.08, -85.81, 1.12, -2.39, -0.0, -94.7, 0.41, 12.4]
[-63.64, -8.64, 17.74, 26.92, -0.01, -96.93, 2.56, -15.24, -3.08, -85.81, 1.12, -2.39, -0.02, -94.97, -0.19, 11.72]
[-63.64, -8.64, 17.74, 26.92, -0.01, -96.93, 2.56, -15.24, -3.08, -85.81, 1.12, -2.39, -0.0, -95.26, -0.78, 11.06]
[-63.64, -8.64, 17.74, 26.92, -0.01, -96.93, 2.56, -15.24, -3.08, -85.81, 1.12, -2.39, -0.01, -95.51, -1.38, 10.4]
[-63.64, -8.64, 17.74, 26.92, -0.01, -96.93, 2.56, -15.24, -3.08, -85.81, 1.12, -2.39, -0.02, -95.76, -1.97, 9.75]
[-63.64, -8.64, 17.74, 26.92, -0.01, -96.93, 2.56, -15.24, -3.08, -85.81, 1.12, -2.39, -0.02, -96.0, -2.56, 9.12]
[-63.64, -8.64, 17.74, 26.92, -0.01, -96.93, 2.56, -15.24, -3.08, -85.81, 1.12, -2.39, -0.01, -96.23, -3.14, 8.49]
[-63.64, -8.64, 17.74, 26.92, -0.01, -96.93, 2.56, -15.24, -3.08, -85.81, 1.12, -2.39, -0.03, -96.43, -3.72, 7.87]
[-63.64, -8.64, 17.74, 26.92, -0.01, -96.93, 2.56, -15.24, -3.08, -85.81, 1.12, -2.39, -0.01, -96.65, -4.3, 7.27]
[-63.64, -8.64, 17.74, 26.92, -0.01, -96.93, 2.56, -15.24, -3.08, -85.81, 1.12, -2.39, -0.01, -96.84, -4.88, 6.67]
[-63.64, -8.64, 17.74, 26.92, -0.01, -96.93, 2.56, -15.24, -3.08, -85.81, 1.12, -2.39, -0.0, -97.03, -5.45, 6.08]
[-63.64, -8.64, 17.74, 26.92, -0.01, -96.93, 2.56, -15.24, -3.08, -85.81, 1.12, -2.39, -0.03, -97.18, -6.01, 5.5]
[-63.64, -8.64, 17.74, 26.92, -0.01, -96.93, 2.56, -15.24, -3.08, -85.81, 1.12, -2.39, -0.0, -97.36, -6.57, 4.93]
[-63.64, -8.64, 17.74, 26.92, -0.01, -96.93, 2.56, -15.24, -3.08, -85.81, 1.12, -2.39, -0.0, -97.51, -7.13, 4.38]
[-63.64, -8.64, 17.74, 26.92, -0.01, -96.93, 2.56, -15.24, -3.08, -85.81, 1.12, -2.39, -0.14, -97.54, -7.68, 3.83]
[-63.64, -8.64, 17.74, 26.92, -0.01, -96.93, 2.56, -15.24, -3.08, -85.81, 1.12, -2.39, -1.69, -96.53, -8.22, 3.29]
[-63.64, -8.64, 17.74, 26.92, -0.01, -96.93, 2.56, -15.24, -3.08, -85.81, 1.12, -2.39, -3.25, -95.48, -8.74, 2.75]
[-63.64, -8.64, 17.74, 26.92, -0.01, -96.93, 2.56, -15.24, -3.08, -85.81, 1.12, -2.39, -4.84, -94.39, -9.23, 2.23]
[-63.64, -8.64, 17.74, 26.92, -0.01, -96.93, 2.56, -15.24, -3.08, -85.81, 1.12, -2.39, -6.45, -93.25, -9.7, 1.72]
[-63.64, -8.64, 17.74, 26.92, -0.01, -96.93, 2.56, -15.24, -3.08, -85.81, 1.12, -2.39, -8.07, -92.07, -10.15, 1.21]
[-63.64, -8.64, 17.74, 26.92, -0.01, -96.93, 2.56, -15.24, -3.08, -85.81, 1.12, -2.39, -9.72, -90.85, -10.57, 0.71]
[-63.64, -8.64, 17.74, 26.92, -0.01, -96.93, 2.56, -15.24, -3.08, -85.81, 1.12, -2.39, -11.38, -89.59, -10.97, 0.22]
[-63.64, -8.64, 17.74, 26.92, -0.01, -96.93, 2.56, -15.24, -3.08, -85.81, 1.12, -2.39, -13.05, -88.28, -11.34, -0.26]
[-63.64, -8.64, 17.74, 26.92, -0.01, -96.93, 2.56, -15.24, -3.08, -85.81, 1.12, -2.39, -14.75, -86.93, -11.68, -0.73]
[-63.64, -8.64, 17.74, 26.92, -0.01, -96.93, 2.56, -15.24, -3.08, -85.81, 1.12, -2.39, -16.47, -85.53, -12.0, -1.19]
[-63.64, -8.64, 17.74, 26.92, -0.01, -96.93, 2.56, -15.24, -3.08, -85.81, 1.12, -2.39, -18.2, -84.08, -12.28, -1.65]
[-63.64, -8.64, 17.74, 26.92, -0.01, -96.93, 2.56, -15.24, -3.08, -85.81, 1.12, -2.39, -19.95, -82.59, -12.54, -2.1]
[-63.64, -8.64, 17.74, 26.92, -0.01, -96.93, 2.56, -15.24, -3.08, -85.81, 1.12, -2.39, -21.72, -81.04, -12.77, -2.54]
[-63.64, -8.64, 17.74, 26.92, -0.01, -96.93, 2.56, -15.24, -3.08, -85.81, 1.12, -2.39, -23.52, -79.44, -12.96, -2.98]
[-63.64, -8.64, 17.74, 26.92, -0.01, -96.93, 2.56, -15.24, -3.08, -85.81, 1.12, -2.39, -25.33, -77.79, -13.13, -3.41]
[-63.64, -8.64, 17.74, 26.92, -0.01, -96.93, 2.56, -15.24, -3.08, -85.81, 1.12, -2.39, -27.17, -76.08, -13.26, -3.83]
[-63.64, -8.64, 17.74, 26.92, -0.01, -96.93, 2.56, -15.24, -3.08, -85.81, 1.12, -2.39, -29.04, -74.31, -13.35, -4.24]
[-63.64, -8.64, 17.74, 26.92, -0.01, -96.93, 2.56, -15.24, -3.08, -85.81, 1.12, -2.39, -30.93, -72.48, -13.41, -4.65]
[-63.64, -8.64, 17.74, 26.92, -0.01, -96.93, 2.56, -15.24, -3.08, -85.81, 1.12, -2.39, -32.86, -70.58, -13.44, -5.05]
[-63.64, -8.64, 17.74, 26.92, -0.01, -96.93, 2.56, -15.24, -3.08, -85.81, 1.12, -2.39, -34.81, -68.61, -13.42, -5.44]
[-63.64, -8.64, 17.74, 26.92, -0.01, -96.93, 2.56, -15.24, -3.08, -85.81, 1.12, -2.39, -36.8, -66.56, -13.37, -5.83]
[-63.64, -8.64, 17.74, 26.92, -0.01, -96.93, 2.56, -15.24, -3.08, -85.81, 1.12, -2.39, -38.84, -64.43, -13.27, -6.21]
[-63.64, -8.64, 17.74, 26.92, -0.01, -96.93, 2.56, -15.24, -3.08, -85.81, 1.12, -2.39, -40.92, -62.21, -13.13, -6.58]
[-63.64, -8.64, 17.74, 26.92, -0.01, -96.93, 2.56, -15.24, -3.08, -85.81, 1.12, -2.39, -43.05, -59.88, -12.93, -6.95]
[-63.64, -8.64, 17.74, 26.92, -0.01, -96.93, 2.56, -15.24, -3.08, -85.81, 1.12, -2.39, -45.23, -57.45, -12.69, -7.31]
[-63.64, -8.64, 17.74, 26.92, -0.01, -96.93, 2.56, -15.24, -3.08, -85.81, 1.12, -2.39, -47.49, -54.9, -12.39, -7.67]
[-63.64, -8.64, 17.74, 26.92, -0.01, -96.93, 2.56, -15.24, -3.08, -85.81, 1.12, -2.39, -49.82, -52.2, -12.03, -8.02]
[-63.64, -8.64, 17.74, 26.92, -0.01, -96.93, 2.56, -15.24, -3.08, -85.81, 1.12, -2.39, -52.25, -49.34, -11.59, -8.37]
[-63.64, -8.64, 17.74, 26.92, -0.01, -96.93, 2.56, -15.24, -3.08, -85.81, 1.12, -2.39, -54.79, -46.28, -11.08, -8.71]
[-63.64, -8.64, 17.74, 26.92, -0.01, -96.93, 2.56, -15.24, -3.08, -85.81, 1.12, -2.39, -57.47, -42.99, -10.47, -9.04]
[-63.64, -8.64, 17.74, 26.92, -0.01, -96.93, 2.56, -15.24, -3.08, -85.81, 1.12, -2.39, -60.33, -39.42, -9.74, -9.37]
[-63.64, -8.64, 17.74, 26.92, -0.01, -96.93, 2.56, -15.24, -3.08, -85.81, 1.12, -2.39, -63.41, -35.46, -8.88, -9.7]
[-63.64, -8.64, 17.74, 26.92, -0.01, -96.93, 2.56, -15.24, -3.08, -85.81, 1.12, -2.39, -66.83, -30.99, -7.82, -10.01]
[-63.64, -8.64, 17.74, 26.92, -0.01, -96.93, 2.56, -15.24, -3.08, -85.81, 1.12, -2.39, -70.75, -25.73, -6.48, -10.33]
[-63.64, -8.64, 17.74, 26.92, -0.01, -96.93, 2.56, -15.24, -3.08, -85.81, 1.12, -2.39, -75.5, -19.16, -4.67, -10.64]
[-63.64, -8.64, 17.74, 26.92, -0.01, -96.93, 2.56, -15.24, -3.08, -85.81, 1.12, -2.39, -82.59, -8.99, -1.62, -10.94]
[-63.64, -8.64, 17.74, 26.92, -0.01, -96.93, 2.56, -15.24, -3.08, -85.81, 1.12, -2.39, -87.68, -1.1, 0.69, -11.24]
[-63.64, -8.64, 17.74, 26.92, -0.01, -96.93, 2.56, -15.24, -3.08, -85.81, 1.12, -2.39, -87.01, -1.65, 0.16, -11.54]
[-63.64, -8.64, 17.74, 26.92, -0.01, -96.93, 2.56, -15.24, -3.08, -85.81, 1.12, -2.39, -86.85, -1.41, -0.11, -11.83]
[-63.64, -8.64, 17.74, 26.92, -0.01, -96.93, 2.56, -15.24, -3.08, -85.81, 1.12, -2.39, -86.18, -1.92, -0.62, -12.11]
[-63.64, -8.64, 17.74, 26.92, -0.01, -96.93, 2.56, -15.24, -3.08, -85.81, 1.12, -2.39, -85.92, -1.8, -0.91, -12.39]
[-63.64, -8.64, 17.74, 26.92, -0.01, -96.93, 2.56, -15.24, -3.08, -85.81, 1.12, -2.39, -86.21, -0.83, -0.9, -12.67]
[-63.64, -8.64, 17.74, 26.92, -0.01, -96.93, 2.56, -15.24, -3.08, -85.81, 1.12, -2.39, -85.85, -0.84, -1.22, -12.94]
[-63.64, -8.64, 17.74, 26.92, -0.01, -96.93, 2.56, -15.24, -3.08, -85.81, 1.12, -2.39, -84.82, -1.82, -1.86, -13.21]
[-63.08, -9.44, 17.48, 26.91, -0.03, -96.91, 2.56, -15.24, -3.08, -85.81, 1.12, -2.39, -85.18, -1.28, -1.68, -13.21]
[-63.08, -9.44, 17.48, 26.91, -0.03, -96.91, 2.56, -15.24, -3.08, -85.81, 1.12, -2.39, -84.24, -1.64, -1.08, -13.21]
[-63.08, -9.44, 17.48, 26.91, -0.03, -96.91, 2.56, -15.24, -3.08, -85.81, 1.12, -2.39, -83.32, -1.93, -0.46, -13.21]
[-63.08, -9.44, 17.48, 26.91, -0.03, -96.91, 2.56, -15.24, -3.08, -85.81, 1.12, -2.39, -83.64, -0.36, 0.8, -13.21]
[-63.08, -9.44, 17.48, 26.91, -0.03, -96.91, 2.56, -15.24, -3.08, -85.81, 1.12, -2.39, -82.44, -1.04, 1.29, -13.21]
[-63.08, -9.44, 17.48, 26.91, -0.03, -96.91, 2.56, -15.24, -3.08, -85.81, 1.12, -2.39, -81.45, -1.41, 1.89, -13.21]
[-63.08, -9.44, 17.48, 26.91, -0.03, -96.91, 2.56, -15.24, -3.08, -85.81, 1.12, -2.39, -80.51, -1.67, 2.52, -13.21]
[-63.08, -9.44, 17.48, 26.91, -0.03, -96.91, 2.56, -15.24, -3.08, -85.81, 1.12, -2.39, -79.61, -1.86, 3.19, -13.21]
[-63.08, -9.44, 17.48, 26.91, -0.03, -96.91, 2.56, -15.24, -3.08, -85.81, 1.12, -2.39, -78.73, -2.0, 3.87, -13.21]
[-63.08, -9.44, 17.48, 26.91, -0.03, -96.91, 2.56, -15.24, -3.08, -85.81, 1.12, -2.39, -77.88, -2.08, 4.57, -13.21]
[-63.08, -9.44, 17.48, 26.91, -0.03, -96.91, 2.56, -15.24, -3.08, -85.81, 1.12, -2.39, -77.04, -2.11, 5.29, -13.21]
[-63.08, -9.44, 17.48, 26.91, -0.03, -96.91, 2.56, -15.24, -3.08, -85.81, 1.12, -2.39, -76.24, -2.08, 6.03, -13.21]
[-63.08, -9.44, 17.48, 26.91, -0.03, -96.91, 2.56, -15.24, -3.08, -85.81, 1.12, -2.39, -75.48, -1.97, 6.8, -13.21]
[-63.08, -9.44, 17.48, 26.91, -0.03, -96.91, 2.56, -15.24, -3.08, -85.81, 1.12, -2.39, -74.77, -1.76, 7.61, -13.21]
[-63.08, -9.44, 17.48, 26.91, -0.03, -96.91, 2.56, -15.24, -3.08, -85.81, 1.12, -2.39, -74.16, -1.38, 8.48, -13.21]
[-63.08, -9.44, 17.48, 26.91, -0.03, -96.91, 2.56, -15.24, -3.08, -85.81, 1.12, -2.39, -73.86, -0.51, 9.52, -13.21]
[-63.08, -9.44, 17.48, 26.91, -0.03, -96.91, 2.56, -15.24, -3.08, -85.81, 1.12, -2.39, -72.25, -1.59, 9.9, -13.21]
[-63.08, -9.44, 17.48, 26.91, -0.03, -96.91, 2.56, -15.24, -3.08, -85.81, 1.12, -2.39, -71.05, -2.04, 10.5, -13.21]
[-63.08, -9.44, 17.48, 26.91, -0.03, -96.91, 2.56, -15.24, -3.08, -85.81, 1.12, -2.39, -70.93, -0.84, 11.66, -13.21]
[-63.08, -9.44, 17.48, 26.91, -0.03, -96.91, 2.56, -15.24, -3.08, -85.81, 1.12, -2.39, -69.93, -0.93, 12.38, -13.21]
[-63.08, -9.44, 17.48, 26.91, -0.03, -96.91, 2.56, -15.24, -3.08, -85.81, 1.12, -2.39, -69.31, -0.42, 13.32, -13.21]
[-63.08, -9.44, 17.48, 26.91, -0.03, -96.91, 2.56, -15.24, -3.08, -85.81, 1.12, -2.39, -67.5, -1.69, 13.66, -13.21]
[-63.08, -9.44, 17.48, 26.91, -0.03, -96.91, 2.56, -15.24, -3.08, -85.81, 1.12, -2.39, -67.42, -0.34, 14.88, -13.21]
[-63.08, -9.44, 17.48, 26.91, -0.03, -96.91, 2.56, -15.24, -3.08, -85.81, 1.12, -2.39, -66.17, -0.69, 15.54, -13.21]
[-63.08, -9.44, 17.48, 26.91, -0.03, -96.91, 2.56, -15.24, -3.08, -85.81, 1.12, -2.39, -64.32, -1.93, 15.9, -13.21]
[-63.08, -9.44, 17.48, 26.91, -0.03, -96.91, 2.56, -15.24, -3.08, -85.81, 1.12, -2.39, -63.81, -1.14, 16.96, -13.21]
[-63.08, -9.44, 17.48, 26.91, -0.03, -96.91, 2.56, -15.24, -3.08, -85.81, 1.12, -2.39, -62.71, -1.19, 17.73, -13.21]
[-63.08, -9.44, 17.48, 26.91, -0.03, -96.91, 2.56, -15.24, -3.08, -85.81, 1.12, -2.39, -61.11, -1.97, 18.27, -13.21]
[-63.08, -9.44, 17.48, 26.91, -0.03, -96.91, 2.56, -15.24, -3.08, -85.81, 1.12, -2.39, -60.99, -0.5, 19.57, -13.21]
[-63.08, -9.44, 17.48, 26.91, -0.03, -96.91, 2.56, -15.24, -3.08, -85.81, 1.12, -2.39, -59.12, -1.6, 20.02, -13.21]
[-63.08, -9.44, 17.48, 26.91, -0.03, -96.91, 2.56, -15.24, -3.08, -85.81, 1.12, -2.39, -57.98, -1.57, 20.85, -13.21]
[-56.08, -19.68, 14.25, 26.66, -0.0, -96.55, 2.4, -15.56, -4.27, -84.58, 1.16, -1.8, -59.04, -1.35, 20.8, -13.01]
[-51.33, -26.44, 12.24, 26.4, -0.01, -96.16, 2.24, -15.87, -5.48, -83.31, 1.21, -1.23, -59.87, -1.45, 20.66, -12.81]
[-47.49, -31.8, 10.71, 26.13, -0.03, -95.75, 2.1, -16.17, -6.71, -82.01, 1.28, -0.66, -60.47, -1.86, 20.42, -12.6]
[-44.2, -36.33, 9.48, 25.86, -0.01, -95.36, 1.96, -16.46, -7.97, -80.67, 1.36, -0.11, -61.63, -1.4, 20.49, -12.4]
[-41.22, -40.35, 8.43, 25.58, -0.02, -94.92, 1.84, -16.75, -9.24, -79.3, 1.46, 0.44, -62.5, -1.35, 20.43, -12.18]
[-38.48, -44.01, 7.51, 25.3, -0.01, -94.51, 1.72, -17.03, -10.54, -77.89, 1.57, 0.98, -63.03, -1.78, 20.21, -11.97]
[-35.9, -47.39, 6.7, 25.02, -0.03, -94.05, 1.61, -17.3, -11.86, -76.43, 1.7, 1.52, -64.09, -1.41, 20.28, -11.74]
[-33.46, -50.55, 5.99, 24.73, -0.02, -93.61, 1.52, -17.56, -13.21, -74.94, 1.85, 2.05, -64.76, -1.59, 20.17, -11.52]
[-31.13, -53.53, 5.34, 24.43, -0.01, -93.16, 1.43, -17.82, -14.58, -73.4, 2.02, 2.57, -66.05, -0.81, 20.4, -11.29]
[-28.89, -56.35, 4.76, 24.13, -0.0, -92.69, 1.35, -18.07, -15.97, -71.81, 2.21, 3.08, -66.79, -0.84, 20.35, -11.06]
[-26.72, -59.04, 4.24, 23.82, -0.0, -92.22, 1.28, -18.31, -17.4, -70.18, 2.42, 3.58, -66.98, -1.67, 20.05, -10.82]
[-24.62, -61.61, 3.77, 23.5, -0.0, -91.73, 1.22, -18.55, -18.85, -68.49, 2.66, 4.08, -67.73, -1.64, 20.05, -10.58]
[-22.58, -64.08, 3.35, 23.18, -0.0, -91.23, 1.18, -18.78, -20.34, -66.75, 2.91, 4.57, -64.6, -7.24, 18.19, -10.34]
[-20.58, -66.45, 2.97, 22.86, -0.0, -90.71, 1.14, -19.0, -21.86, -64.94, 3.19, 5.05, -56.57, -19.02, 14.44, -10.09]
[-18.62, -68.75, 2.63, 22.53, -0.0, -90.19, 1.11, -19.22, -23.42, -63.08, 3.5, 5.53, -51.6, -26.08, 12.32, -9.84]
[-16.7, -70.97, 2.33, 22.19, -0.01, -89.65, 1.09, -19.44, -25.02, -61.14, 3.84, 6.0, -47.75, -31.47, 10.78, -9.58]
[-14.81, -73.12, 2.07, 21.84, -0.02, -89.1, 1.08, -19.64, -26.66, -59.12, 4.21, 6.46, -44.41, -36.07, 9.53, -9.32]
[-12.94, -75.22, 1.84, 21.49, -1.31, -87.6, 1.09, -19.85, -28.36, -57.03, 4.61, 6.91, -41.4, -40.15, 8.46, -9.05]
[-11.11, -77.25, 1.64, 21.13, -3.35, -85.53, 1.13, -20.05, -30.11, -54.84, 5.05, 7.36, -38.62, -43.86, 7.53, -8.78]
[-9.29, -79.23, 1.48, 20.76, -5.39, -83.41, 1.21, -20.24, -31.92, -52.55, 5.54, 7.8, -36.01, -47.28, 6.71, -8.5]
[-7.5, -81.16, 1.34, 20.39, -7.44, -81.24, 1.33, -20.43, -33.8, -50.14, 6.06, 8.24, -33.55, -50.47, 5.99, -8.22]
[-5.72, -83.05, 1.24, 20.01, -9.5, -79.02, 1.49, -20.62, -35.76, -47.59, 6.64, 8.67, -31.19, -53.48, 5.34, -7.93]
[-3.95, -84.89, 1.16, 19.62, -11.59, -76.74, 1.68, -20.8, -37.82, -44.89, 7.28, 9.09, -28.93, -56.32, 4.75, -7.63]
[-2.2, -86.69, 1.11, 19.22, -13.69, -74.4, 1.92, -20.98, -40.0, -42.01, 7.99, 9.5, -26.74, -59.04, 4.22, -7.33]
[-0.46, -88.45, 1.09, 18.81, -15.82, -71.99, 2.2, -21.15, -42.32, -38.89, 8.79, 9.92, -24.62, -61.63, 3.75, -7.03]
[-0.01, -89.24, 1.09, 18.4, -17.98, -69.5, 2.52, -21.32, -44.82, -35.49, 9.68, 10.32, -22.56, -64.12, 3.32, -6.72]
[-0.02, -89.7, 1.1, 17.98, -20.18, -66.93, 2.89, -21.49, -47.56, -31.72, 10.72, 10.72, -20.54, -66.52, 2.94, -6.4]
[-0.03, -90.15, 1.12, 17.54, -22.38, -64.31, 3.3, -21.65, -50.64, -27.41, 11.94, 11.11, -18.56, -68.84, 2.6, -6.08]
[-0.01, -90.6, 1.14, 17.1, -24.68, -61.54, 3.78, -21.81, -54.19, -22.37, 13.43, 11.5, -16.62, -71.08, 2.3, -5.75]
[-0.01, -91.03, 1.17, 16.65, -27.03, -58.65, 4.31, -21.96, -58.87, -15.63, 15.5, 11.88, -14.71, -73.26, 2.03, -5.41]
[-0.01, -91.45, 1.21, 16.19, -29.47, -55.63, 4.9, -22.12, -66.2, -4.67, 19.04, 12.25, -12.83, -75.37, 1.8, -5.07]
[-0.03, -91.85, 1.25, 15.73, -31.99, -52.44, 5.57, -22.27, -67.99, -1.15, 20.22, 12.62, -10.98, -77.42, 1.61, -4.72]
[-0.01, -92.27, 1.3, 15.25, -34.63, -49.05, 6.32, -22.41, -66.76, -2.07, 19.92, 12.99, -9.14, -79.42, 1.44, -4.36]
[-0.01, -92.66, 1.36, 14.76, -37.41, -45.43, 7.16, -22.56, -67.08, -0.65, 20.42, 13.35, -7.32, -81.37, 1.31, -4.0]
[-0.02, -93.04, 1.42, 14.26, -40.37, -41.5, 8.13, -22.7, -65.81, -1.61, 20.12, 13.7, -5.52, -83.28, 1.21, -3.63]
[-0.01, -93.42, 1.49, 13.74, -43.57, -37.18, 9.24, -22.83, -65.25, -1.47, 20.19, 14.05, -3.74, -85.13, 1.13, -3.25]
[-0.0, -93.79, 1.56, 13.22, -47.13, -32.3, 10.56, -22.97, -64.34, -1.84, 20.11, 14.39, -1.97, -86.95, 1.09, -2.86]
[-0.01, -94.15, 1.64, 12.69, -51.24, -26.56, 12.19, -23.1, -63.96, -1.39, 20.3, 14.73, -0.2, -88.73, 1.07, -2.47]
[-0.0, -94.51, 1.73, 12.14, -56.31, -19.32, 14.36, -23.23, -63.25, -1.43, 20.34, 15.07, -0.03, -89.34, 1.07, -2.06]
[-0.0, -94.85, 1.82, 11.59, -64.38, -7.43, 18.13, -23.36, -62.23, -1.89, 20.24, 15.39, -0.01, -89.82, 1.08, -1.65]
[-0.01, -95.17, 1.92, 11.02, -67.98, -1.05, 20.26, -23.48, -61.76, -1.52, 20.43, 15.72, -0.0, -90.28, 1.1, -1.23]
[-0.0, -95.5, 2.02, 10.43, -67.09, -1.2, 20.23, -23.61, -61.01, -1.54, 20.5, 16.04, -0.0, -90.73, 1.13, -0.8]
[-0.0, -95.81, 2.13, 9.84, -65.74, -2.0, 19.98, -23.73, -60.02, -1.9, 20.46, 16.35, -0.01, -91.16, 1.16, -0.36]
[-0.02, -96.11, 2.24, 9.23, -65.94, -0.47, 20.53, -23.84, -59.6, -1.39, 20.72, 16.66, -0.02, -91.57, 1.2, 0.09]
[-0.01, -96.41, 2.35, 8.61, -64.31, -1.65, 20.18, -23.96, -59.0, -1.13, 20.91, 16.97, -0.01, -92.0, 1.24, 0.55]
[-0.02, -96.68, 2.47, 7.97, -63.42, -1.69, 20.22, -24.07, -58.13, -1.23, 20.98, 17.27, -0.01, -92.41, 1.3, 1.01]
[-0.01, -96.97, 2.6, 7.32, -63.15, -0.8, 20.6, -24.19, -57.07, -1.59, 20.98, 17.57, -0.02, -92.8, 1.35, 1.49]
[-0.02, -97.24, 2.72, 6.66, -62.66, -0.19, 20.88, -24.29, -56.95, -0.53, 21.46, 17.86, -0.0, -93.2, 1.42, 1.98]
[-0.01, -97.51, 2.86, 5.98, -61.25, -0.95, 20.72, -24.4, -55.4, -1.56, 21.25, 18.15, -0.03, -93.56, 1.49, 2.48]
[-0.02, -97.76, 2.99, 5.29, -59.79, -1.74, 20.55, -24.51, -54.87, -1.06, 21.57, 18.44, -0.0, -93.96, 1.57, 2.99]
[-0.01, -98.01, 3.13, 4.58, -59.01, -1.49, 20.76, -24.61, -54.59, -0.14, 22.04, 18.72, -0.02, -94.31, 1.65, 3.52]
[-0.01, -98.24, 3.27, 3.86, -58.01, -1.53, 20.87, -24.71, -52.67, -1.65, 21.7, 19.0, -0.01, -94.66, 1.74, 4.05]
[-0.0, -98.48, 3.41, 3.12, -56.85, -1.78, 20.93, -24.82, -52.01, -1.24, 22.02, 19.27, -0.01, -95.01, 1.84, 4.6]
[-0.02, -98.69, 3.55, 2.36, -56.52, -0.77, 21.43, -24.91, -51.8, -0.12, 22.6, 19.54, -0.03, -95.33, 1.94, 5.15]
[-0.02, -98.91, 3.7, 1.59, -55.01, -1.47, 21.37, -25.01, -50.05, -1.25, 22.42, 19.81, -0.02, -95.66, 2.05, 5.73]
[-0.0, -99.12, 3.85, 0.8, -53.64, -1.93, 21.4, -25.11, -48.87, -1.51, 22.56, 20.07, -0.02, -95.97, 2.16, 6.31]
[-0.01, -99.32, 4.0, -0.0, -53.1, -1.11, 21.88, -25.2, -47.92, -1.38, 22.84, 20.33, -0.01, -96.29, 2.28, 6.91]
[-0.01, -99.32, 4.0, -0.0, -53.1, -1.11, 21.88, -25.2, -50.25, -0.56, 22.41, 20.13, -0.01, -96.29, 2.28, 6.91]
[-0.01, -99.32, 4.0, -0.0, -53.1, -1.11, 21.88, -25.2, -51.29, -1.58, 21.39, 19.93, -0.01, -96.29, 2.28, 6.91]
[-0.01, -99.32, 4.0, -0.0, -53.1, -1.11, 21.88, -25.2, -52.98, -1.54, 20.75, 19.73, -0.01, -96.29, 2.28, 6.91]
[-0.01, -99.32, 4.0, -0.0, -53.1, -1.11, 21.88, -25.2, -55.05, -0.87, 20.36, 19.52, -0.01, -96.29, 2.28, 6.91]
[-0.01, -99.32, 4.0, -0.0, -53.1, -1.11, 21.88, -25.2, -56.19, -1.51, 19.54, 19.31, -0.01, -96.29, 2.28, 6.91]
[-0.01, -99.32, 4.0, -0.0, -53.1, -1.11, 21.88, -25.2, -57.41, -1.99, 18.8, 19.1, -0.01, -96.29, 2.28, 6.91]
[-0.01, -99.32, 4.0, -0.0, -53.1, -1.11, 21.88, -25.2, -59.21, -1.54, 18.4, 18.88, -0.01, -96.29, 2.28, 6.91]
[-0.01, -99.32, 4.0, -0.0, -53.1, -1.11, 21.88, -25.2, -60.73, -1.44, 17.89, 18.66, -0.01, -96.29, 2.28, 6.91]
[-0.01, -99.32, 4.0, -0.0, -53.1, -1.11, 21.88, -25.2, -61.84, -1.91, 17.21, 18.44, -0.01, -96.29, 2.28, 6.91]
[-0.01, -99.32, 4.0, -0.0, -53.1, -1.11, 21.88, -25.2, -63.27, -1.86, 16.72, 18.21, -0.01, -96.29, 2.28, 6.91]
[-0.01, -99.32, 4.0, -0.0, -53.1, -1.11, 21.88, -25.2, -64.96, -1.37, 16.4, 17.98, -0.01, -96.29, 2.28, 6.91]
[-0.01, -99.32, 4.0, -0.0, -53.1, -1.11, 21.88, -25.2, -65.95, -1.89, 15.75, 17.75, -0.01, -96.29, 2.28, 6.91]
[-0.01, -99.32, 4.0, -0.0, -53.1, -1.11, 21.88, -25.2, -68.15, -0.55, 15.74, 17.51, -0.01, -96.29, 2.28, 6.91]
[-0.01, -99.32, 4.0, -0.0, -53.1, -1.11, 21.88, -25.2, -69.14, -1.0, 15.15, 17.27, -0.01, -96.29, 2.28, 6.91]
[-0.01, -99.32, 4.0, -0.0, -53.1, -1.11, 21.88, -25.2, -70.2, -1.3, 14.61, 17.03, -0.01, -96.29, 2.28, 6.91]
[-0.01, -99.32, 4.0, -0.0, -53.1, -1.11, 21.88, -25.2, -71.23, -1.63, 14.08, 16.78, -0.01, -96.29, 2.28, 6.91]
[-0.01, -99.32, 4.0, -0.0, -53.1, -1.11, 21.88, -25.2, -72.18, -2.03, 13.54, 16.52, -0.01, -96.29, 2.28, 6.91]
[-0.01, -99.32, 4.0, -0.0, -53.1, -1.11, 21.88, -25.2, -73.82, -1.37, 13.37, 16.27, -0.01, -96.29, 2.28, 6.91]
[-0.01, -99.32, 4.0, -0.0, -53.1, -1.11, 21.88, -25.2, -75.4, -0.77, 13.19, 16.0, -0.01, -96.29, 2.28, 6.91]
[-0.01, -99.32, 4.0, -0.0, -53.1, -1.11, 21.88, -25.2, -72.05, -7.39, 10.59, 15.74, -0.01, -96.29, 2.28, 6.91]
[-0.01, -99.32, 4.0, -0.0, -53.1, -1.11, 21.88, -25.2, -63.65, -20.36, 6.01, 15.47, -0.01, -96.29, 2.28, 6.91]
[-0.01, -99.32, 4.0, -0.0, -53.1, -1.11, 21.88, -25.2, -58.87, -27.85, 3.3, 15.19, -0.01, -96.29, 2.28, 6.91]
[-0.01, -99.32, 4.0, -0.0, -53.1, -1.11, 21.88, -25.2, -55.19, -33.65, 1.16, 14.91, -0.01, -96.29, 2.28, 6.91]
[-0.01, -99.32, 4.0, -0.0, -53.1, -1.11, 21.88, -25.2, -52.07, -38.61, -0.67, 14.63, -0.01, -96.29, 2.28, 6.91]
[-0.01, -99.32, 4.0, -0.0, -53.1, -1.11, 21.88, -25.2, -49.32, -43.0, -2.31, 14.34, -0.01, -96.29, 2.28, 6.91]
[-0.01, -99.32, 4.0, -0.0, -53.1, -1.11, 21.88, -25.2, -46.78, -47.05, -3.83, 14.04, -0.01, -96.29, 2.28, 6.91]
[-0.01, -99.32, 4.0, -0.0, -53.1, -1.11, 21.88, -25.2, -44.49, -50.73, -5.22, 13.74, -0.01, -96.29, 2.28, 6.91]
[-0.01, -99.32, 4.0, -0.0, -53.1, -1.11, 21.88, -25.2, -42.35, -54.18, -6.53, 13.44, -0.01, -96.29, 2.28, 6.91]
[-0.01, -99.32, 4.0, -0.0, -53.1, -1.11, 21.88, -25.2, -40.35, -57.42, -7.77, 13.12, -0.01, -96.29, 2.28, 6.91]
[-0.01, -99.32, 4.0, -0.0, -53.1, -1.11, 21.88, -25.2, -38.45, -60.5, -8.94, 12.81, -0.01, -96.29, 2.28, 6.91]
[-0.01, -99.32, 4.0, -0.0, -53.1, -1.11, 21.88, -25.2, -36.64, -63.43, -10.07, 12.49, -0.01, -96.29, 2.28, 6.91]
[-0.01, -99.32, 4.0, -0.0, -53.1, -1.11, 21.88, -25.2, -34.92, -66.23, -11.15, 12.16, -0.01, -96.29, 2.28, 6.91]
[-0.01, -99.32, 4.0, -0.0, -53.1, -1.11, 21.88, -25.2, -33.27, -68.93, -12.2, 11.82, -0.01, -96.29, 2.28, 6.91]
[-0.01, -99.32, 4.0, -0.0, -53.1, -1.11, 21.88, -25.2, -31.68, -71.53, -13.21, 11.49, -0.01, -96.29, 2.28, 6.91]
[-0.01, -99.32, 4.0, -0.0, -53.1, -1.11, 21.88, -25.2, -30.14, -74.04, -14.19, 11.14, -0.01, -96.29, 2.28, 6.91]
[-0.01, -99.32, 4.0, -0.0, -53.1, -1.11, 21.88, -25.2, -28.66, -76.47, -15.14, 10.79, -0.01, -96.29, 2.28, 6.91]
[-0.01, -99.32, 4.0, -0.0, -53.1, -1.11, 21.88, -25.2, -27.23, -78.83, -16.06, 10.43, -0.01, -96.29, 2.28, 6.91]
[-0.01, -99.32, 4.0, -0.0, -53.1, -1.11, 21.88, -25.2, -25.84, -81.13, -16.96, 10.06, -0.01, -96.29, 2.28, 6.91]
[-0.01, -99.32, 4.0, -0.0, -53.1, -1.11, 21.88, -25.2, -24.48, -83.36, -17.85, 9.69, -0.01, -96.29, 2.28, 6.91]
[-0.01, -99.32, 4.0, -0.0, -53.1, -1.11, 21.88, -25.2, -23.17, -85.54, -18.71, 9.31, -0.01, -96.29, 2.28, 6.91]
[-0.01, -99.32, 4.0, -0.0, -53.1, -1.11, 21.88, -25.2, -21.89, -87.66, -19.55, 8.93, -0.01, -96.29, 2.28, 6.91]
[-0.01, -99.32, 4.0, -0.0, -53.1, -1.11, 21.88, -25.2, -20.65, -89.73, -20.38, 8.53, -0.01, -96.29, 2.28, 6.91]
[-0.01, -99.32, 4.0, -0.0, -53.1, -1.11, 21.88, -25.2, -19.43, -91.76, -21.19, 8.13, -0.01, -96.29, 2.28, 6.91]
[-0.01, -99.32, 4.0, -0.0, -53.1, -1.11, 21.88, -25.2, -18.25, -93.74, -21.99, 7.72, -0.01, -96.29, 2.28, 6.91]
[-0.01, -99.32, 4.0, -0.0, -53.1, -1.11, 21.88, -25.2, -17.09, -95.69, -22.78, 7.31, -0.01, -96.29, 2.28, 6.91]
[-0.01, -99.32, 4.0, -0.0, -53.1, -1.11, 21.88, -25.2, -15.96, -97.59, -23.55, 6.88, -0.01, -96.29, 2.28, 6.91]
[-0.01, -99.32, 4.0, -0.0, -53.1, -1.11, 21.88, -25.2, -14.86, -99.45, -24.31, 6.45, -0.01, -96.29, 2.28, 6.91]
[-0.01, -99.32, 4.0, -0.0, -53.1, -1.11, 21.88, -25.2, -13.78, -101.28, -25.06, 6.01, -0.01, -96.29, 2.28, 6.91]
[-0.01, -99.32, 4.0, -0.0, -53.1, -1.11, 21.88, -25.2, -12.72, -103.08, -25.8, 5.56, -0.01, -96.29, 2.28, 6.91]
[-0.01, -99.32, 4.0, -0.0, -53.1, -1.11, 21.88, -25.2, -11.7, -104.84, -26.54, 5.1, -0.01, -96.29, 2.28, 6.91]
[-0.01, -99.32, 4.0, -0.0, -53.1, -1.11, 21.88, -25.2, -10.69, -106.57, -27.26, 4.63, -0.01, -96.29, 2.28, 6.91]
[-0.01, -99.32, 4.0, -0.0, -53.1, -1.11, 21.88, -25.2, -9.71, -108.27, -27.98, 4.16, -0.01, -96.29, 2.28, 6.91]
[-0.01, -99.32, 4.0, -0.0, -53.1, -1.11, 21.88, -25.2, -8.75, -109.93, -28.69, 3.67, -0.01, -96.29, 2.28, 6.91]
[-0.01, -99.32, 4.0, -0.0, -53.1, -1.11, 21.88, -25.2, -7.82, -111.57, -29.39, 3.18, -0.01, -96.29, 2.28, 6.91]
[-0.01, -99.32, 4.0, -0.0, -53.1, -1.11, 21.88, -25.2, -6.91, -113.18, -30.09, 2.67, -0.01, -96.29, 2.28, 6.91]
[-0.01, -99.32, 4.0, -0.0, -53.1, -1.11, 21.88, -25.2, -6.03, -114.75, -30.78, 2.16, -0.01, -96.29, 2.28, 6.91]
[-0.01, -99.32, 4.0, -0.0, -53.1, -1.11, 21.88, -25.2, -5.16, -116.3, -31.47, 1.63, -0.01, -96.29, 2.28, 6.91]
[-0.01, -99.32, 4.0, -0.0, -53.1, -1.11, 21.88, -25.2, -4.33, -117.83, -32.15, 1.1, -0.01, -96.29, 2.28, 6.91]
[-0.01, -99.32, 4.0, -0.0, -53.1, -1.11, 21.88, -25.2, -3.51, -119.32, -32.83, 0.55, -0.01, -96.29, 2.28, 6.91]
[-0.01, -99.32, 4.0, -0.0, -53.1, -1.11, 21.88, -25.2, -2.73, -120.79, -33.51, -0.01, -0.01, -96.29, 2.28, 6.91]
[-0.03, -99.31, 4.0, -0.0, -53.4, -0.65, 22.03, -25.2, -2.74, -120.77, -33.51, -0.01, -0.01, -96.29, 2.28, 6.91]
[-0.03, -99.31, 4.0, -0.0, -53.4, -0.65, 22.03, -25.2, -1.4, -120.84, -32.24, -0.01, -0.01, -96.29, 2.28, 6.91]
[-0.03, -99.31, 4.0, -0.0, -53.4, -0.65, 22.03, -25.2, -0.11, -120.86, -30.97, -0.01, -0.01, -96.29, 2.28, 6.91]
[-0.03, -99.31, 4.0, -0.0, -53.4, -0.65, 22.03, -25.2, -0.0, -120.01, -29.7, -0.01, -0.01, -96.29, 2.28, 6.91]
[-0.03, -99.31, 4.0, -0.0, -53.4, -0.65, 22.03, -25.2, -0.02, -119.06, -28.45, -0.01, -0.01, -96.29, 2.28, 6.91]
[-0.03, -99.31, 4.0, -0.0, -53.4, -0.65, 22.03, -25.2, -0.0, -118.15, -27.21, -0.01, -0.01, -96.29, 2.28, 6.91]
[-0.03, -99.31, 4.0, -0.0, -53.4, -0.65, 22.03, -25.2, -0.03, -117.19, -25.97, -0.01, -0.01, -96.29, 2.28, 6.91]
[-0.03, -99.31, 4.0, -0.0, -53.4, -0.65, 22.03, -25.2, -0.0, -116.27, -24.75, -0.01, -0.01, -96.29, 2.28, 6.91]
[-0.03, -99.31, 4.0, -0.0, -53.4, -0.65, 22.03, -25.2, -0.03, -115.3, -23.54, -0.01, -0.01, -96.29, 2.28, 6.91]
[-0.03, -99.31, 4.0, -0.0, -53.4, -0.65, 22.03, -25.2, -0.0, -114.37, -22.34, -0.01, -0.01, -96.29, 2.28, 6.91]
[-0.03, -99.31, 4.0, -0.0, -53.4, -0.65, 22.03, -25.2, -0.02, -113.4, -21.15, -0.01, -0.01, -96.29, 2.28, 6.91]
[-0.03, -99.31, 4.0, -0.0, -53.4, -0.65, 22.03, -25.2, -0.02, -112.43, -19.96, -0.01, -0.01, -96.29, 2.28, 6.91]
[-0.03, -99.31, 4.0, -0.0, -53.4, -0.65, 22.03, -25.2, -0.03, -111.46, -18.79, -0.01, -0.01, -96.29, 2.28, 6.91]
[-0.03, -99.31, 4.0, -0.0, -53.4, -0.65, 22.03, -25.2, -0.02, -110.49, -17.62, -0.01, -0.01, -96.29, 2.28, 6.91]
[-0.03, -99.31, 4.0, -0.0, -53.4, -0.65, 22.03, -25.2, -0.02, -109.52, -16.46, -0.01, -0.01, -96.29, 2.28, 6.91]
[-0.03, -99.31, 4.0, -0.0, -53.4, -0.65, 22.03, -25.2, -0.03, -108.52, -15.31, -0.01, -0.01, -96.29, 2.28, 6.91]
[-0.03, -99.31, 4.0, -0.0, -53.4, -0.65, 22.03, -25.2, -0.01, -107.55, -14.16, -0.01, -0.01, -96.29, 2.28, 6.91]
[-0.03, -99.31, 4.0, -0.0, -53.4, -0.65, 22.03, -25.2, -0.0, -106.55, -13.02, -0.01, -0.01, -96.29, 2.28, 6.91]
[-0.03, -99.31, 4.0, -0.0, -53.4, -0.65, 22.03, -25.2, -0.0, -105.55, -11.89, -0.01, -0.01, -96.29, 2.28, 6.91]
[-0.03, -99.31, 4.0, -0.0, -53.4, -0.65, 22.03, -25.2, -0.01, -104.53, -10.76, -0.01, -0.01, -96.29, 2.28, 6.91]
[-0.03, -99.31, 4.0, -0.0, -53.4, -0.65, 22.03, -25.2, -0.03, -103.51, -9.64, -0.01, -0.01, -96.29, 2.28, 6.91]
[-0.03, -99.31, 4.0, -0.0, -53.4, -0.65, 22.03, -25.2, -0.01, -102.49, -8.52, -0.01, -0.01, -96.29, 2.28, 6.91]
[-0.03, -99.31, 4.0, -0.0, -53.4, -0.65, 22.03, -25.2, -0.0, -101.47, -7.41, -0.01, -0.01, -96.29, 2.28, 6.91]
[-0.03, -99.31, 4.0, -0.0, -53.4, -0.65, 22.03, -25.2, -0.0, -100.43, -6.3, -0.01, -0.01, -96.29, 2.28, 6.91]
[-0.03, -99.31, 4.0, -0.0, -53.4, -0.65, 22.03, -25.2, -0.01, -99.38, -5.19, -0.01, -0.01, -96.29, 2.28, 6.91]
[-0.03, -99.31, 4.0, -0.0, -53.4, -0.65, 22.03, -25.2, -0.02, -98.32, -4.09, -0.01, -0.01, -96.29, 2.28, 6.91]
[-0.03, -99.31, 4.0, -0.0, -53.4, -0.65, 22.03, -25.2, -0.0, -97.27, -2.99, -0.01, -0.01, -96.29, 2.28, 6.91]
[-0.03, -99.31, 4.0, -0.0, -53.4, -0.65, 22.03, -25.2, -0.02, -96.19, -1.9, -0.01, -0.01, -96.29, 2.28, 6.91]
[-0.03, -99.31, 4.0, -0.0, -53.4, -0.65, 22.03, -25.2, -0.01, -95.12, -0.8, -0.01, -0.01, -96.29, 2.28, 6.91]
[-0.03, -99.31, 4.0, -0.0, -53.4, -0.65, 22.03, -25.2, -0.0, -94.04, 0.29, -0.01, -0.01, -96.29, 2.28, 6.91]
[-0.03, -99.31, 4.0, -0.0, -53.4, -0.65, 22.03, -25.2, -0.03, -92.91, 1.38, -0.01, -0.01, -96.29, 2.28, 6.91]
[-0.01, -99.21, 3.92, -1.05, -52.85, -0.1, 22.4, -24.85, -0.02, -93.08, 1.4, 0.83, -0.03, -96.72, 2.46, 6.74]
[-0.03, -99.07, 3.83, -2.09, -50.94, -1.55, 22.1, -24.5, -0.0, -93.24, 1.43, 1.67, -0.01, -97.16, 2.65, 6.56]
[-0.02, -98.96, 3.74, -3.12, -50.87, -0.19, 22.76, -24.15, -0.02, -93.37, 1.46, 2.51, -0.03, -97.57, 2.86, 6.37]
[-0.01, -98.83, 3.65, -4.13, -48.74, -1.88, 22.41, -23.81, -0.0, -93.52, 1.48, 3.37, -0.01, -97.99, 3.08, 6.17]
[-0.0, -98.69, 3.55, -5.13, -48.05, -1.38, 22.81, -23.47, -0.01, -93.63, 1.51, 4.23, -0.03, -98.37, 3.32, 5.97]
[-0.03, -98.52, 3.45, -6.11, -46.99, -1.39, 23.06, -23.14, -0.02, -93.74, 1.53, 5.09, -0.01, -98.76, 3.56, 5.76]
[-0.02, -98.37, 3.35, -7.08, -45.62, -1.79, 23.19, -22.81, -0.03, -93.84, 1.55, 5.97, -0.02, -99.12, 3.82, 5.54]
[-0.01, -98.21, 3.25, -8.03, -44.75, -1.41, 23.6, -22.49, -0.03, -93.94, 1.57, 6.84, -0.0, -99.49, 4.09, 5.31]
[-0.0, -98.05, 3.15, -8.97, -43.79, -1.11, 24.0, -22.17, -0.03, -94.03, 1.59, 7.73, -0.02, -99.81, 4.37, 5.08]
[-0.03, -97.85, 3.04, -9.9, -42.88, -0.68, 24.47, -21.85, -0.03, -94.11, 1.61, 8.61, -0.0, -100.16, 4.67, 4.83]
[-0.01, -97.67, 2.94, -10.81, -41.07, -1.5, 24.54, -21.54, -0.03, -94.18, 1.63, 9.5, -0.02, -100.46, 4.98, 4.58]
[-0.02, -97.46, 2.83, -11.7, -39.66, -1.66, 24.85, -21.24, -0.03, -94.25, 1.65, 10.4, -0.0, -100.77, 5.3, 4.32]
[-0.0, -97.27, 2.73, -12.58, -38.63, -1.2, 25.4, -20.94, -0.03, -94.31, 1.66, 11.3, -0.02, -101.05, 5.64, 4.04]
[-0.01, -97.05, 2.63, -13.45, -37.57, -0.69, 26.0, -20.64, -0.02, -94.36, 1.67, 12.2, -0.01, -101.34, 5.98, 3.75]
[-0.0, -96.83, 2.52, -14.3, -35.69, -1.29, 26.25, -20.34, -0.02, -94.4, 1.68, 13.1, -0.0, -101.61, 6.34, 3.45]
[-0.03, -96.58, 2.42, -15.13, -34.32, -1.03, 26.83, -20.05, -0.02, -94.43, 1.69, 14.01, -0.03, -101.84, 6.71, 3.14]
[-0.01, -96.35, 2.32, -15.95, -33.18, -0.31, 27.6, -19.76, -0.01, -94.46, 1.7, 14.92, -0.02, -102.09, 7.09, 2.81]
[-0.01, -96.09, 2.22, -16.75, -30.69, -1.46, 27.79, -19.48, -0.01, -94.48, 1.7, 15.83, -0.02, -102.32, 7.49, 2.47]
[-0.01, -95.83, 2.13, -17.54, -29.58, -0.4, 28.77, -19.2, -0.01, -94.49, 1.7, 16.73, -0.02, -102.53, 7.89, 2.11]
[-0.03, -95.54, 2.04, -18.32, -27.18, -1.04, 29.25, -18.93, -0.01, -94.49, 1.7, 17.64, -0.03, -102.73, 8.31, 1.73]
[-0.0, -95.28, 1.94, -19.08, -25.02, -1.11, 30.0, -18.65, -0.0, -94.49, 1.7, 18.55, -0.0, -102.93, 8.74, 1.34]
[-0.0, -94.99, 1.86, -19.82, -23.11, -0.49, 31.08, -18.39, -0.0, -94.47, 1.7, 19.46, -0.02, -103.1, 9.18, 0.92]
[-0.02, -94.68, 1.77, -20.55, -20.25, -0.88, 31.96, -18.12, -0.0, -94.45, 1.69, 20.37, -0.0, -103.27, 9.63, 0.48]
[-0.03, -94.36, 1.69, -21.27, -17.33, -0.77, 33.18, -17.86, -0.0, -94.42, 1.68, 21.28, -0.03, -103.4, 10.09, 0.02]
[-0.03, -94.36, 1.69, -21.27, -21.79, -0.6, 31.26, -17.67, -0.0, -94.42, 1.68, 21.28, -0.03, -103.4, 10.09, 0.02]
[-0.03, -94.36, 1.69, -21.27, -25.17, -0.96, 29.51, -17.48, -0.0, -94.42, 1.68, 21.28, -0.03, -103.4, 10.09, 0.02]
[-0.03, -94.36, 1.69, -21.27, -28.39, -0.9, 28.11, -17.28, -0.0, -94.42, 1.68, 21.28, -0.03, -103.4, 10.09, 0.02]
[-0.03, -94.36, 1.69, -21.27, -30.83, -1.52, 26.64, -17.08, -0.0, -94.42, 1.68, 21.28, -0.03, -103.4, 10.09, 0.02]
[-0.03, -94.36, 1.69, -21.27, -33.88, -0.91, 25.68, -16.88, -0.0, -94.42, 1.68, 21.28, -0.03, -103.4, 10.09, 0.02]
[-0.03, -94.36, 1.69, -21.27, -36.57, -0.53, 24.74, -16.68, -0.0, -94.42, 1.68, 21.28, -0.03, -103.4, 10.09, 0.02]
[-0.03, -94.36, 1.69, -21.27, -38.84, -0.57, 23.74, -16.47, -0.0, -94.42, 1.68, 21.28, -0.03, -103.4, 10.09, 0.02]
[-0.03, -94.36, 1.69, -21.27, -40.44, -1.42, 22.52, -16.27, -0.0, -94.42, 1.68, 21.28, -0.03, -103.4, 10.09, 0.02]
[-0.03, -94.36, 1.69, -21.27, -42.44, -1.52, 21.61, -16.05, -0.0, -94.42, 1.68, 21.28, -0.03, -103.4, 10.09, 0.02]
[-0.03, -94.36, 1.69, -21.27, -45.12, -0.46, 21.13, -15.84, -0.0, -94.42, 1.68, 21.28, -0.03, -103.4, 10.09, 0.02]
[-0.03, -94.36, 1.69, -21.27, -46.65, -0.98, 20.16, -15.62, -0.0, -94.42, 1.68, 21.28, -0.03, -103.4, 10.09, 0.02]
[-0.03, -94.36, 1.69, -21.27, -47.95, -1.75, 19.14, -15.4, -0.0, -94.42, 1.68, 21.28, -0.03, -103.4, 10.09, 0.02]
[-0.03, -94.36, 1.69, -21.27, -50.28, -0.9, 18.7, -15.18, -0.0, -94.42, 1.68, 21.28, -0.03, -103.4, 10.09, 0.02]
[-0.03, -94.36, 1.69, -21.27, -51.52, -1.57, 17.77, -14.95, -0.0, -94.42, 1.68, 21.28, -0.03, -103.4, 10.09, 0.02]
[-0.03, -94.36, 1.69, -21.27, -53.29, -1.37, 17.17, -14.73, -0.0, -94.42, 1.68, 21.28, -0.03, -103.4, 10.09, 0.02]
[-0.03, -94.36, 1.69, -21.27, -54.53, -1.91, 16.34, -14.49, -0.0, -94.42, 1.68, 21.28, -0.03, -103.4, 10.09, 0.02]
[-0.03, -94.36, 1.69, -21.27, -56.73, -0.93, 16.04, -14.26, -0.0, -94.42, 1.68, 21.28, -0.03, -103.4, 10.09, 0.02]
[-0.03, -94.36, 1.69, -21.27, -57.93, -1.41, 15.27, -14.02, -0.0, -94.42, 1.68, 21.28, -0.03, -103.4, 10.09, 0.02]
[-0.03, -94.36, 1.69, -21.27, -59.04, -1.94, 14.5, -13.78, -0.0, -94.42, 1.68, 21.28, -0.03, -103.4, 10.09, 0.02]
[-0.03, -94.36, 1.69, -21.27, -60.67, -1.65, 14.03, -13.53, -0.0, -94.42, 1.68, 21.28, -0.03, -103.4, 10.09, 0.02]
[-0.03, -94.36, 1.69, -21.27, -61.95, -1.84, 13.41, -13.28, -0.0, -94.42, 1.68, 21.28, -0.03, -103.4, 10.09, 0.02]
[-0.03, -94.36, 1.69, -21.27, -63.59, -1.45, 13.01, -13.03, -0.0, -94.42, 1.68, 21.28, -0.03, -103.4, 10.09, 0.02]
[-0.03, -94.36, 1.69, -21.27, -64.67, -1.84, 12.35, -12.77, -0.0, -94.42, 1.68, 21.28, -0.03, -103.4, 10.09, 0.02]
[-0.03, -94.36, 1.69, -21.27, -65.97, -1.87, 11.83, -12.51, -0.0, -94.42, 1.68, 21.28, -0.03, -103.4, 10.09, 0.02]
[-0.03, -94.36, 1.69, -21.27, -67.42, -1.65, 11.41, -12.25, -0.0, -94.42, 1.68, 21.28, -0.03, -103.4, 10.09, 0.02]
[-0.03, -94.36, 1.69, -21.27, -69.02, -1.14, 11.09, -11.98, -0.0, -94.42, 1.68, 21.28, -0.03, -103.4, 10.09, 0.02]
[-0.03, -94.36, 1.69, -21.27, -69.71, -1.98, 10.34, -11.71, -0.0, -94.42, 1.68, 21.28, -0.03, -103.4, 10.09, 0.02]
[-0.03, -94.36, 1.69, -21.27, -71.29, -1.45, 10.06, -11.43, -0.0, -94.42, 1.68, 21.28, -0.03, -103.4, 10.09, 0.02]
[-0.03, -94.36, 1.69, -21.27, -73.02, -0.66, 9.88, -11.16, -0.0, -94.42, 1.68, 21.28, -0.03, -103.4, 10.09, 0.02]
[-0.03, -94.36, 1.69, -21.27, -73.38, -1.9, 9.02, -10.87, -0.0, -94.42, 1.68, 21.28, -0.03, -103.4, 10.09, 0.02]
[-0.03, -94.36, 1.69, -21.27, -74.68, -1.71, 8.66, -10.58, -0.0, -94.42, 1.68, 21.28, -0.03, -103.4, 10.09, 0.02]
[-0.03, -94.36, 1.69, -21.27, -75.81, -1.73, 8.23, -10.29, -0.0, -94.42, 1.68, 21.28, -0.03, -103.4, 10.09, 0.02]
[-0.03, -94.36, 1.69, -21.27, -76.76, -2.01, 7.73, -10.0, -0.0, -94.42, 1.68, 21.28, -0.03, -103.4, 10.09, 0.02]
[-0.03, -94.36, 1.69, -21.27, -78.35, -1.29, 7.57, -9.69, -0.0, -94.42, 1.68, 21.28, -0.03, -103.4, 10.09, 0.02]
[-0.03, -94.36, 1.69, -21.27, -79.82, -0.73, 7.37, -9.39, -0.0, -94.42, 1.68, 21.28, -0.03, -103.4, 10.09, 0.02]
[-0.03, -94.36, 1.69, -21.27, -80.79, -0.91, 6.93, -9.08, -0.0, -94.42, 1.68, 21.28, -0.03, -103.4, 10.09, 0.02]
[-0.03, -94.36, 1.69, -21.27, -81.38, -1.63, 6.31, -8.76, -0.0, -94.42, 1.68, 21.28, -0.03, -103.4, 10.09, 0.02]
[-0.03, -94.36, 1.69, -21.27, -81.86, -2.48, 5.65, -8.44, -0.0, -94.42, 1.68, 21.28, -0.03, -103.4, 10.09, 0.02]
[-0.03, -94.36, 1.69, -21.27, -72.34, -17.39, 0.31, -8.12, -0.0, -94.42, 1.68, 21.28, -0.03, -103.4, 10.09, 0.02]
[-0.03, -94.36, 1.69, -21.27, -67.54, -25.01, -2.54, -7.79, -0.0, -94.42, 1.68, 21.28, -0.03, -103.4, 10.09, 0.02]
[-0.03, -94.36, 1.69, -21.27, -64.02, -30.72, -4.74, -7.46, -0.0, -94.42, 1.68, 21.28, -0.03, -103.4, 10.09, 0.02]
[-0.03, -94.36, 1.69, -21.27, -61.15, -35.46, -6.6, -7.12, -0.0, -94.42, 1.68, 21.28, -0.03, -103.4, 10.09, 0.02]
[-0.03, -94.36, 1.69, -21.27, -58.66, -39.62, -8.27, -6.77, -0.0, -94.42, 1.68, 21.28, -0.03, -103.4, 10.09, 0.02]
[-0.03, -94.36, 1.69, -21.27, -56.43, -43.38, -9.8, -6.42, -0.0, -94.42, 1.68, 21.28, -0.03, -103.4, 10.09, 0.02]
[-0.03, -94.36, 1.69, -21.27, -54.41, -46.83, -11.23, -6.07, -0.0, -94.42, 1.68, 21.28, -0.03, -103.4, 10.09, 0.02]
[-0.03, -94.36, 1.69, -21.27, -52.55, -50.03, -12.57, -5.7, -0.0, -94.42, 1.68, 21.28, -0.03, -103.4, 10.09, 0.02]
[-0.03, -94.36, 1.69, -21.27, -50.82, -53.04, -13.85, -5.34, -0.0, -94.42, 1.68, 21.28, -0.03, -103.4, 10.09, 0.02]
[-0.03, -94.36, 1.69, -21.27, -49.21, -55.87, -15.07, -4.96, -0.0, -94.42, 1.68, 21.28, -0.03, -103.4, 10.09, 0.02]
[-0.03, -94.36, 1.69, -21.27, -47.69, -58.56, -16.24, -4.59, -0.0, -94.42, 1.68, 21.28, -0.03, -103.4, 10.09, 0.02]
[-0.03, -94.36, 1.69, -21.27, -46.26, -61.12, -17.37, -4.2, -0.0, -94.42, 1.68, 21.28, -0.03, -103.4, 10.09, 0.02]
[-0.03, -94.36, 1.69, -21.27, -44.91, -63.56, -18.47, -3.81, -0.0, -94.42, 1.68, 21.28, -0.03, -103.4, 10.09, 0.02]
[-0.03, -94.36, 1.69, -21.27, -43.63, -65.91, -19.53, -3.41, -0.0, -94.42, 1.68, 21.28, -0.03, -103.4, 10.09, 0.02]
[-0.03, -94.36, 1.69, -21.27, -42.41, -68.17, -20.57, -3.01, -0.0, -94.42, 1.68, 21.28, -0.03, -103.4, 10.09, 0.02]
[-0.03, -94.36, 1.69, -21.27, -41.25, -70.34, -21.58, -2.6, -0.0, -94.42, 1.68, 21.28, -0.03, -103.4, 10.09, 0.02]
[-0.03, -94.36, 1.69, -21.27, -40.14, -72.43, -22.57, -2.19, -0.0, -94.42, 1.68, 21.28, -0.03, -103.4, 10.09, 0.02]
[-0.03, -94.36, 1.69, -21.27, -39.09, -74.46, -23.54, -1.76, -0.0, -94.42, 1.68, 21.28, -0.03, -103.4, 10.09, 0.02]
[-0.03, -94.36, 1.69, -21.27, -38.08, -76.42, -24.49, -1.33, -0.0, -94.42, 1.68, 21.28, -0.03, -103.4, 10.09, 0.02]
[-0.03, -94.36, 1.69, -21.27, -37.12, -78.31, -25.43, -0.9, -0.0, -94.42, 1.68, 21.28, -0.03, -103.4, 10.09, 0.02]
[-0.03, -94.36, 1.69, -21.27, -36.2, -80.15, -26.35, -0.45, -0.0, -94.42, 1.68, 21.28, -0.03, -103.4, 10.09, 0.02]
[-0.03, -94.36, 1.69, -21.27, -35.32, -81.94, -27.25, -0.0, -0.0, -94.42, 1.68, 21.28, -0.03, -103.4, 10.09, 0.02]
[-0.0, -94.38, 1.69, -21.27, -35.32, -81.94, -27.25, -0.0, -0.03, -94.4, 1.68, 21.28, -0.03, -103.4, 10.09, 0.01]
[-0.0, -94.38, 1.69, -21.27, -34.35, -82.0, -26.35, -0.0, -0.03, -94.4, 1.68, 21.28, -0.03, -103.4, 10.09, 0.01]
[-0.0, -94.38, 1.69, -21.27, -33.42, -82.02, -25.43, -0.0, -0.03, -94.4, 1.68, 21.28, -0.03, -103.4, 10.09, 0.01]
[-0.0, -94.38, 1.69, -21.27, -32.51, -82.0, -24.51, -0.0, -0.03, -94.4, 1.68, 21.28, -0.03, -103.4, 10.09, 0.01]
[-0.0, -94.38, 1.69, -21.27, -31.64, -81.94, -23.57, -0.0, -0.03, -94.4, 1.68, 21.28, -0.03, -103.4, 10.09, 0.01]
[-0.0, -94.38, 1.69, -21.27, -30.8, -81.84, -22.63, -0.0, -0.03, -94.4, 1.68, 21.28, -0.03, -103.4, 10.09, 0.01]
[-0.0, -94.38, 1.69, -21.27, -29.99, -81.69, -21.68, -0.0, -0.03, -94.4, 1.68, 21.28, -0.03, -103.4, 10.09, 0.01]
[-0.0, -94.38, 1.69, -21.27, -29.21, -81.51, -20.72, -0.0, -0.03, -94.4, 1.68, 21.28, -0.03, -103.4, 10.09, 0.01]
[-0.0, -94.38, 1.69, -21.27, -28.47, -81.29, -19.75, -0.0, -0.03, -94.4, 1.68, 21.28, -0.03, -103.4, 10.09, 0.01]
[-0.0, -94.38, 1.69, -21.27, -27.76, -81.02, -18.78, -0.0, -0.03, -94.4, 1.68, 21.28, -0.03, -103.4, 10.09, 0.01]
[-0.0, -94.38, 1.69, -21.27, -27.09, -80.71, -17.8, -0.0, -0.03, -94.4, 1.68, 21.28, -0.03, -103.4, 10.09, 0.01]
[-0.0, -94.38, 1.69, -21.27, -26.45, -80.37, -16.81, -0.0, -0.03, -94.4, 1.68, 21.28, -0.03, -103.4, 10.09, 0.01]
[-0.0, -94.38, 1.69, -21.27, -25.84, -79.98, -15.82, -0.0, -0.03, -94.4, 1.68, 21.28, -0.03, -103.4, 10.09, 0.01]
[-0.0, -94.38, 1.69, -21.27, -25.27, -79.55, -14.82, -0.0, -0.03, -94.4, 1.68, 21.28, -0.03, -103.4, 10.09, 0.01]
[-0.0, -94.38, 1.69, -21.27, -24.74, -79.07, -13.81, -0.0, -0.03, -94.4, 1.68, 21.28, -0.03, -103.4, 10.09, 0.01]
[-0.0, -94.38, 1.69, -21.27, -24.24, -78.56, -12.8, -0.0, -0.03, -94.4, 1.68, 21.28, -0.03, -103.4, 10.09, 0.01]
[-0.0, -94.38, 1.69, -21.27, -23.78, -78.0, -11.78, -0.0, -0.03, -94.4, 1.68, 21.28, -0.03, -103.4, 10.09, 0.01]
[-0.0, -94.38, 1.69, -21.27, -23.36, -77.4, -10.76, -0.0, -0.03, -94.4, 1.68, 21.28, -0.03, -103.4, 10.09, 0.01]
[-0.0, -94.38, 1.69, -21.27, -22.97, -76.76, -9.73, -0.0, -0.03, -94.4, 1.68, 21.28, -0.03, -103.4, 10.09, 0.01]
[-0.0, -94.38, 1.69, -21.27, -22.62, -76.07, -8.69, -0.0, -0.03, -94.4, 1.68, 21.28, -0.03, -103.4, 10.09, 0.01]
[-0.0, -94.38, 1.69, -21.27, -22.31, -75.34, -7.65, -0.0, -0.03, -94.4, 1.68, 21.28, -0.03, -103.4, 10.09, 0.01]
[-0.0, -94.38, 1.69, -21.27, -22.04, -74.57, -6.6, -0.0, -0.03, -94.4, 1.68, 21.28, -0.03, -103.4, 10.09, 0.01]
[-0.0, -94.38, 1.69, -21.27, -21.8, -73.75, -5.55, -0.0, -0.03, -94.4, 1.68, 21.28, -0.03, -103.4, 10.09, 0.01]
[-0.0, -94.38, 1.69, -21.27, -21.61, -72.89, -4.49, -0.0, -0.03, -94.4, 1.68, 21.28, -0.03, -103.4, 10.09, 0.01]
[-0.0, -94.38, 1.69, -21.27, -21.45, -71.98, -3.43, -0.0, -0.03, -94.4, 1.68, 21.28, -0.03, -103.4, 10.09, 0.01]
[-0.0, -94.38, 1.69, -21.27, -21.34, -71.02, -2.36, -0.0, -0.03, -94.4, 1.68, 21.28, -0.03, -103.4, 10.09, 0.01]
[-0.0, -94.38, 1.69, -21.27, -21.27, -70.01, -1.28, -0.0, -0.03, -94.4, 1.68, 21.28, -0.03, -103.4, 10.09, 0.01]
[-0.0, -94.38, 1.69, -21.27, -21.24, -68.95, -0.19, -0.0, -0.03, -94.4, 1.68, 21.28, -0.03, -103.4, 10.09, 0.01]
[-0.0, -94.38, 1.69, -21.27, -21.26, -67.85, 0.9, -0.0, -0.03, -94.4, 1.68, 21.28, -0.03, -103.4, 10.09, 0.01]
[-0.0, -94.38, 1.69, -21.27, -21.31, -66.68, 2.0, -0.0, -0.03, -94.4, 1.68, 21.28, -0.03, -103.4, 10.09, 0.01]
[-0.0, -94.38, 1.69, -21.27, -21.42, -65.47, 3.12, -0.0, -0.03, -94.4, 1.68, 21.28, -0.03, -103.4, 10.09, 0.01]
[-0.02, -94.59, 1.75, -20.18, -18.22, -69.22, 2.56, -0.0, -0.01, -94.65, 1.74, 20.19, -0.01, -103.21, 9.48, 0.02]
[-0.01, -94.81, 1.81, -19.08, -15.1, -72.8, 2.1, -0.0, -0.0, -94.86, 1.8, 19.09, -0.0, -103.0, 8.89, 0.02]
[-0.02, -95.0, 1.86, -17.97, -12.04, -76.23, 1.73, -0.0, -0.02, -95.05, 1.86, 17.98, -0.02, -102.73, 8.32, 0.02]
[-0.02, -95.2, 1.92, -16.84, -9.02, -79.53, 1.45, -0.0, -0.01, -95.24, 1.91, 16.85, -0.01, -102.47, 7.77, 0.02]
[-0.03, -95.36, 1.97, -15.7, -6.04, -82.72, 1.24, -0.0, -0.03, -95.4, 1.97, 15.71, -0.0, -102.19, 7.24, 0.02]
[-0.02, -95.52, 2.03, -14.54, -3.07, -85.81, 1.12, -0.0, -0.02, -95.56, 2.02, 14.55, -0.03, -101.86, 6.73, 0.02]
[-0.0, -95.68, 2.08, -13.38, -0.12, -88.81, 1.08, -0.0, -0.01, -95.72, 2.07, 13.38, -0.02, -101.54, 6.25, 0.02]
[-0.01, -95.81, 2.12, -12.2, -0.03, -89.67, 1.09, -0.0, -0.01, -95.85, 2.11, 12.2, -0.0, -101.19, 5.79, 0.02]
[-0.03, -95.92, 2.16, -11.01, -0.01, -90.45, 1.12, -0.01, -0.0, -95.97, 2.16, 11.01, -0.03, -100.8, 5.35, 0.02]
[-0.01, -96.04, 2.2, -9.81, -0.03, -91.19, 1.17, -0.01, -0.02, -96.07, 2.2, 9.81, -0.01, -100.42, 4.93, 0.02]
[-0.01, -96.13, 2.24, -8.6, -0.01, -91.94, 1.25, -0.01, -0.02, -96.16, 2.23, 8.6, -0.03, -99.99, 4.53, 0.02]
[-0.0, -96.22, 2.27, -7.39, -0.02, -92.63, 1.34, -0.01, -0.01, -96.25, 2.26, 7.39, -0.01, -99.56, 4.15, 0.02]
[-0.02, -96.28, 2.3, -6.17, -0.0, -93.34, 1.46, -0.01, -0.0, -96.33, 2.29, 6.16, -0.02, -99.09, 3.8, 0.02]
[-0.02, -96.34, 2.32, -4.94, -0.02, -94.0, 1.6, -0.01, -0.01, -96.38, 2.31, 4.93, -0.0, -98.63, 3.47, 0.02]
[-0.02, -96.38, 2.34, -3.71, -0.03, -94.64, 1.76, -0.01, -0.01, -96.42, 2.33, 3.7, -0.01, -98.12, 3.15, 0.02]
[-0.0, -96.43, 2.35, -2.47, -0.0, -95.28, 1.94, -0.01, -0.0, -96.46, 2.34, 2.46, -0.02, -97.6, 2.87, 0.02]
[-0.02, -96.44, 2.36, -1.23, -0.01, -95.89, 2.14, -0.01, -0.02, -96.47, 2.35, 1.23, -0.02, -97.05, 2.6, 0.02]
[-0.02, -96.44, 2.36, 0.01, -0.01, -96.47, 2.37, -0.01, -0.02, -96.47, 2.35, -0.02, -0.02, -96.49, 2.35, 0.02]