[-26.32, -111.14, -42.46, 0.0, -26.32, -111.14, -42.46, 0.0, -26.32, -111.14, -42.46, 0.0, -26.32, -111.14, -42.46, 0.0]
[-25.93, -108.71, -42.14, 0.0, -25.22, -111.95, -42.67, 2.86, -26.5, -113.63, -42.63, 0.0, -25.22, -111.95, -42.67, -2.86]
[-24.05, -107.35, -41.89, 0.0, -25.66, -111.4, -42.56, 5.71, -26.45, -116.17, -42.62, 0.0, -25.66, -111.4, -42.56, -5.71]
[-23.28, -104.99, -41.27, 0.0, -25.14, -111.47, -42.62, 8.53, -26.14, -118.79, -42.43, 0.0, -25.14, -111.47, -42.62, -8.53]
[-23.72, -105.97, -43.69, -2.49, -25.14, -111.47, -42.62, 8.53, -26.14, -118.79, -42.43, 0.0, -25.14, -111.47, -42.62, -8.53]
[-24.26, -108.34, -46.6, -3.81, -25.54, -112.68, -42.71, 7.31, -25.78, -117.89, -42.68, -1.64, -25.15, -110.3, -42.45, -6.95]
[-23.92, -108.25, -48.67, -4.97, -26.69, -112.86, -42.56, 8.97, -26.33, -118.58, -42.4, -3.37, -24.62, -109.15, -42.27, -8.13]
[-25.09, -110.01, -51.6, -6.34, -25.71, -115.1, -42.81, 7.7, -26.14, -117.47, -42.61, -4.9, -24.57, -107.96, -42.03, -6.63]
[-24.99, -109.51, -53.5, -7.43, -26.78, -115.3, -42.58, 9.46, -25.7, -118.87, -42.57, -6.71, -23.93, -106.85, -41.78, -7.77]
[-25.5, -111.65, -56.65, -8.84, -26.84, -116.64, -42.48, 8.13, -26.84, -116.64, -42.48, -8.13, -23.83, -105.64, -41.47, -6.34]
[-26.88, -111.67, -59.05, -8.84, -26.5, -119.21, -42.21, 8.62, -26.7, -116.35, -42.54, -11.31, -22.95, -103.33, -40.78, -6.07]
[-26.64, -112.34, -61.47, -11.31, -26.5, -119.21, -42.21, 8.62, -26.7, -116.35, -42.54, -11.31, -22.95, -103.33, -40.78, -6.07]
[-27.06, -113.0, -64.06, -11.31, -25.88, -121.86, -41.74, 9.16, -26.88, -115.66, -42.54, -14.42, -21.94, -101.02, -39.96, -5.83]
[-27.12, -113.13, -66.26, -13.74, -25.88, -121.86, -41.74, 9.16, -26.88, -115.66, -42.54, -14.42, -21.94, -101.02, -39.96, -5.83]
[-27.24, -112.61, -63.35, -11.31, -24.94, -124.59, -41.03, 9.78, -26.16, -115.56, -42.72, -17.45, -20.82, -98.68, -39.01, -5.6]
[-25.87, -112.43, -60.3, -11.31, -24.94, -124.59, -41.03, 9.78, -26.16, -115.56, -42.72, -17.45, -20.82, -98.68, -39.01, -5.6]
[-25.97, -110.98, -56.96, -11.31, -24.94, -124.59, -41.03, 9.78, -26.16, -115.56, -42.72, -17.45, -20.82, -98.68, -39.01, -5.6]
[-24.05, -109.13, -53.18, -12.26, -25.48, -123.01, -41.49, 11.31, -25.92, -117.28, -42.69, -16.39, -22.41, -98.88, -39.29, -6.84]
[-23.56, -108.03, -50.09, -12.26, -25.48, -123.01, -41.49, 11.31, -25.92, -117.28, -42.69, -16.39, -22.41, -98.88, -39.29, -6.84]
[-23.34, -106.65, -46.99, -12.26, -25.48, -123.01, -41.49, 11.31, -25.92, -117.28, -42.69, -16.39, -22.41, -98.88, -39.29, -6.84]
[-23.4, -104.97, -43.87, -12.26, -25.48, -123.01, -41.49, 11.31, -25.92, -117.28, -42.69, -16.39, -22.41, -98.88, -39.29, -6.84]
[-23.74, -103.0, -40.74, -12.26, -25.48, -123.01, -41.49, 11.31, -25.92, -117.28, -42.69, -16.39, -22.41, -98.88, -39.29, -6.84]
[-23.64, -104.52, -41.16, -13.58, -26.39, -121.65, -41.54, 8.91, -26.3, -115.87, -42.67, -14.61, -22.37, -100.44, -39.81, -5.61]
[-23.6, -105.94, -41.54, -14.96, -26.3, -121.02, -41.82, 6.61, -26.74, -114.35, -42.6, -12.92, -22.39, -101.9, -40.29, -4.34]
[-24.93, -106.21, -41.64, -16.39, -26.32, -120.22, -42.04, 4.4, -26.01, -113.71, -42.72, -11.31, -23.82, -102.18, -40.5, -3.01]
[-24.99, -107.42, -41.91, -17.88, -26.45, -119.27, -42.22, 2.29, -26.53, -111.99, -42.52, -9.78, -23.95, -103.43, -40.88, -1.64]
[-25.11, -108.53, -42.13, -19.43, -26.67, -118.18, -42.34, 0.28, -25.83, -111.18, -42.51, -8.33, -24.13, -104.57, -41.2, -0.21]
[-25.3, -109.51, -42.31, -21.04, -25.78, -117.89, -42.68, -1.64, -25.15, -110.3, -42.45, -6.95, -24.38, -105.6, -41.48, 1.27]
[-25.3, -109.51, -42.31, -21.04, -26.83, -116.26, -45.59, -1.55, -25.15, -110.3, -42.45, -6.95, -24.38, -105.6, -41.48, 1.27]
[-25.3, -109.51, -42.31, -21.04, -26.4, -115.51, -48.41, -1.47, -25.15, -110.3, -42.45, -6.95, -24.38, -105.6, -41.48, 1.27]
[-25.3, -109.51, -42.31, -21.04, -26.86, -113.77, -50.63, -1.4, -25.15, -110.3, -42.45, -6.95, -24.38, -105.6, -41.48, 1.27]
[-25.3, -109.51, -42.31, -21.04, -25.76, -113.01, -52.77, -1.33, -25.15, -110.3, -42.45, -6.95, -24.38, -105.6, -41.48, 1.27]
[-25.3, -109.51, -42.31, -21.04, -25.54, -111.3, -54.34, -1.27, -25.15, -110.3, -42.45, -6.95, -24.38, -105.6, -41.48, 1.27]
[-25.3, -109.51, -42.31, -21.04, -24.99, -109.63, -55.62, -1.22, -25.15, -110.3, -42.45, -6.95, -24.38, -105.6, -41.48, 1.27]
[-25.3, -109.51, -42.31, -21.04, -24.1, -108.0, -56.6, -1.17, -25.15, -110.3, -42.45, -6.95, -24.38, -105.6, -41.48, 1.27]
[-25.3, -109.51, -42.31, -21.04, -21.57, -107.46, -57.53, -1.12, -25.15, -110.3, -42.45, -6.95, -24.38, -105.6, -41.48, 1.27]
[-25.3, -109.51, -42.31, -21.04, -20.04, -105.94, -57.98, -1.08, -25.15, -110.3, -42.45, -6.95, -24.38, -105.6, -41.48, 1.27]
[-25.3, -109.51, -42.31, -21.04, -18.23, -104.44, -58.17, -1.04, -25.15, -110.3, -42.45, -6.95, -24.38, -105.6, -41.48, 1.27]
[-25.3, -109.51, -42.31, -21.04, -19.23, -102.69, -55.43, -1.04, -25.15, -110.3, -42.45, -6.95, -24.38, -105.6, -41.48, 1.27]
[-25.3, -109.51, -42.31, -21.04, -19.03, -101.79, -52.82, -1.04, -25.15, -110.3, -42.45, -6.95, -24.38, -105.6, -41.48, 1.27]
[-25.3, -109.51, -42.31, -21.04, -19.01, -100.66, -50.17, -1.04, -25.15, -110.3, -42.45, -6.95, -24.38, -105.6, -41.48, 1.27]
[-25.3, -109.51, -42.31, -21.04, -19.19, -99.29, -47.48, -1.04, -25.15, -110.3, -42.45, -6.95, -24.38, -105.6, -41.48, 1.27]
[-25.3, -109.51, -42.31, -21.04, -19.58, -97.68, -44.77, -1.04, -25.15, -110.3, -42.45, -6.95, -24.38, -105.6, -41.48, 1.27]
[-25.3, -109.51, -42.31, -21.04, -18.76, -96.94, -42.19, -1.04, -25.15, -110.3, -42.45, -6.95, -24.38, -105.6, -41.48, 1.27]
[-25.26, -107.71, -41.97, -21.8, -18.13, -94.21, -38.85, 0.0, -25.66, -111.4, -42.56, -5.71, -24.05, -107.35, -41.89, -0.0]
[-25.26, -107.71, -41.97, -21.8, -17.81, -92.94, -36.25, 0.0, -25.66, -111.4, -42.56, -5.71, -24.05, -107.35, -41.89, -0.0]
[-25.58, -109.15, -42.23, -20.74, -18.68, -94.3, -36.98, -0.87, -25.99, -109.83, -42.32, -7.21, -24.85, -104.98, -41.34, 1.06]
[-25.88, -110.55, -42.43, -19.62, -19.57, -95.58, -37.64, -1.78, -25.08, -109.18, -42.26, -8.64, -24.34, -103.61, -40.95, 2.06]
[-26.16, -111.9, -42.56, -18.44, -20.48, -96.78, -38.26, -2.73, -25.48, -107.43, -41.91, -10.01, -23.82, -102.18, -40.5, 3.01]
[-26.42, -113.2, -42.62, -17.18, -21.41, -97.9, -38.81, -3.72, -24.61, -106.62, -41.73, -11.31, -21.92, -101.78, -40.2, 3.92]
[-26.66, -114.46, -42.62, -15.84, -22.35, -98.96, -39.31, -4.75, -23.75, -105.75, -41.5, -12.55, -21.37, -100.26, -39.63, 4.78]
[-26.88, -115.66, -42.54, -14.42, -21.94, -101.02, -39.96, -5.83, -24.23, -103.75, -40.98, -13.74, -20.82, -98.69, -39.01, 5.6]
[-26.88, -115.66, -42.54, -14.42, -21.94, -101.02, -39.96, -5.83, -24.61, -105.5, -43.61, -11.31, -20.82, -98.69, -39.01, 5.6]
[-26.88, -115.66, -42.54, -14.42, -21.94, -101.02, -39.96, -5.83, -24.16, -107.75, -46.4, -8.84, -20.82, -98.69, -39.01, 5.6]
[-26.7, -116.35, -42.54, -11.31, -22.95, -103.33, -40.78, -6.07, -24.87, -108.5, -48.86, -8.84, -19.63, -96.3, -37.94, 5.39]
[-26.7, -116.35, -42.54, -11.31, -22.95, -103.33, -40.78, -6.07, -25.09, -110.01, -51.6, -6.34, -19.63, -96.3, -37.94, 5.39]
[-26.84, -116.64, -42.48, -8.13, -23.83, -105.64, -41.47, -6.34, -24.91, -111.38, -54.29, -6.34, -18.39, -93.86, -36.74, 5.19]
[-26.84, -116.64, -42.48, -8.13, -23.83, -105.64, -41.47, -6.34, -25.77, -112.16, -56.93, -3.81, -18.39, -93.86, -36.74, 5.19]
[-25.93, -116.31, -42.75, -6.34, -24.58, -106.66, -41.74, -5.19, -27.46, -113.69, -60.14, -2.6, -18.24, -92.36, -36.1, 4.09]
[-26.62, -115.97, -42.59, -3.18, -25.21, -109.01, -42.22, -5.44, -27.95, -114.4, -62.85, -2.6, -16.97, -89.76, -34.73, 3.95]
[-26.62, -115.97, -42.59, -3.18, -25.21, -109.01, -42.22, -5.44, -29.7, -114.1, -65.31, 0.0, -16.97, -89.76, -34.73, 3.95]
[-26.45, -116.17, -42.62, -0.0, -25.66, -111.39, -42.56, -5.71, -30.51, -114.44, -67.95, 0.0, -15.71, -87.02, -33.23, 3.81]
[-26.45, -116.17, -42.62, -0.0, -25.66, -111.39, -42.56, -5.71, -28.65, -114.71, -64.85, 0.0, -15.71, -87.02, -33.23, 3.81]
[-26.45, -116.17, -42.62, -0.0, -25.66, -111.39, -42.56, -5.71, -28.19, -113.73, -61.42, 0.0, -15.71, -87.02, -33.23, 3.81]
[-26.45, -116.17, -42.62, -0.0, -25.66, -111.39, -42.56, -5.71, -26.8, -113.42, -58.22, 0.0, -15.71, -87.02, -33.23, 3.81]
[-25.78, -117.89, -42.68, 1.64, -25.54, -112.67, -42.71, -7.31, -25.54, -111.3, -54.34, -1.27, -14.57, -85.85, -32.42, 4.69]
[-25.78, -117.89, -42.68, 1.64, -25.54, -112.67, -42.71, -7.31, -24.82, -110.33, -51.15, -1.27, -14.57, -85.85, -32.42, 4.69]
[-25.78, -117.89, -42.68, 1.64, -25.54, -112.67, -42.71, -7.31, -24.37, -109.06, -47.93, -1.27, -14.57, -85.85, -32.42, 4.69]
[-25.78, -117.89, -42.68, 1.64, -25.54, -112.67, -42.71, -7.31, -24.22, -107.48, -44.71, -1.27, -14.57, -85.85, -32.42, 4.69]
[-25.78, -117.89, -42.68, 1.64, -25.54, -112.67, -42.71, -7.31, -24.38, -105.6, -41.48, -1.27, -14.57, -85.85, -32.42, 4.69]
[-26.62, -115.97, -42.59, 3.18, -25.91, -113.82, -42.74, -6.01, -24.18, -107.17, -41.86, -2.6, -14.48, -84.12, -31.61, 3.69]
[-26.27, -114.93, -42.7, 4.63, -26.27, -114.92, -42.7, -4.64, -25.32, -107.63, -41.95, -3.99, -14.48, -82.27, -30.75, 2.73]
[-25.91, -113.83, -42.74, 6.01, -26.62, -115.96, -42.59, -3.18, -25.21, -109.01, -42.22, -5.44, -13.02, -81.45, -29.96, 1.79]
[-25.54, -112.68, -42.71, 7.3, -25.78, -117.89, -42.67, -1.64, -25.15, -110.3, -42.45, -6.95, -13.17, -79.33, -29.0, 0.88]
[-25.14, -111.47, -42.62, 8.53, -26.14, -118.79, -42.43, 0.0, -25.14, -111.47, -42.62, -8.53, -11.86, -78.24, -28.1, -0.0]
[-25.14, -111.47, -42.62, 8.53, -26.14, -118.79, -42.43, 0.0, -25.14, -111.47, -42.62, -8.53, -13.58, -82.25, -31.84, -0.0]
[-25.14, -111.47, -42.62, 8.53, -26.14, -118.79, -42.43, 0.0, -25.14, -111.47, -42.62, -8.53, -14.24, -86.86, -35.6, -0.0]
[-25.14, -111.47, -42.62, 8.53, -26.14, -118.79, -42.43, 0.0, -25.14, -111.47, -42.62, -8.53, -15.36, -90.95, -39.31, -0.0]
[-25.14, -111.47, -42.62, 8.53, -26.14, -118.79, -42.43, 0.0, -25.14, -111.47, -42.62, -8.53, -16.92, -94.56, -42.98, -0.0]
[-25.14, -111.47, -42.62, 8.53, -26.14, -118.79, -42.43, 0.0, -25.14, -111.47, -42.62, -8.53, -18.91, -97.72, -46.63, -0.0]
[-25.14, -111.47, -42.62, 8.53, -26.14, -118.79, -42.43, 0.0, -25.14, -111.47, -42.62, -8.53, -19.92, -101.53, -50.45, -0.0]
[-25.14, -111.47, -42.62, 8.53, -26.14, -118.79, -42.43, 0.0, -25.14, -111.47, -42.62, -8.53, -21.42, -104.89, -54.31, -0.0]
[-25.14, -111.47, -42.62, 8.53, -26.14, -118.79, -42.43, 0.0, -25.14, -111.47, -42.62, -8.53, -23.43, -107.79, -58.22, -0.0]
[-25.14, -111.47, -42.62, 8.53, -26.14, -118.79, -42.43, 0.0, -25.14, -111.47, -42.62, -8.53, -24.69, -111.23, -62.42, -0.0]
[-25.66, -111.4, -42.56, 5.71, -26.45, -116.17, -42.62, 0.0, -25.66, -111.4, -42.56, -5.71, -30.51, -114.45, -67.95, -0.0]
[-25.66, -111.4, -42.56, 5.71, -26.45, -116.17, -42.62, 0.0, -25.66, -111.4, -42.56, -5.71, -28.65, -114.71, -64.86, -0.0]
[-25.66, -111.4, -42.56, 5.71, -26.45, -116.17, -42.62, 0.0, -25.66, -111.4, -42.56, -5.71, -28.19, -113.73, -61.42, -0.0]
[-25.15, -110.3, -42.45, 6.95, -25.78, -117.89, -42.67, 1.64, -25.54, -112.68, -42.71, -7.3, -26.54, -111.98, -57.52, -1.27]
[-25.15, -110.3, -42.45, 6.95, -25.78, -117.89, -42.67, 1.64, -25.54, -112.68, -42.71, -7.3, -25.54, -111.3, -54.35, -1.27]
[-25.66, -111.4, -42.56, 5.71, -26.45, -116.17, -42.62, 0.0, -25.66, -111.4, -42.56, -5.71, -26.07, -110.91, -51.48, -0.0]
[-25.14, -111.47, -42.62, 8.53, -26.14, -118.79, -42.43, 0.0, -25.14, -111.47, -42.62, -8.53, -24.41, -107.49, -47.4, -0.0]
[-25.14, -111.47, -42.62, 8.53, -26.14, -118.79, -42.43, 0.0, -25.14, -111.47, -42.62, -8.53, -24.37, -105.87, -44.23, -0.0]
[-25.14, -111.47, -42.62, 8.53, -26.14, -118.79, -42.43, 0.0, -25.14, -111.47, -42.62, -8.53, -23.28, -104.99, -41.28, -0.0]
[-25.4, -111.72, -42.62, 4.29, -25.9, -115.37, -42.78, 0.0, -25.4, -111.72, -42.62, -4.29, -25.02, -108.02, -42.04, -0.0]
[-26.32, -111.14, -42.46, -0.0, -26.32, -111.14, -42.46, 0.0, -26.32, -111.14, -42.46, 0.0, -26.32, -111.14, -42.46, -0.0]