[2.86, -98.48, 2.38, 0.0, 2.86, -98.48, 2.38, 0.0, 2.86, -98.48, 2.38, 0.0, 2.86, -98.48, 2.38, 0.0]
[4.99, -99.68, 2.33, 0.0, 4.99, -99.97, 2.44, 0.62, 4.98, -100.25, 2.56, 0.0, 4.99, -99.97, 2.44, -0.62]
[4.98, -99.38, 2.22, 0.0, 4.97, -99.95, 2.44, 1.23, 4.99, -100.54, 2.68, 0.0, 4.97, -99.95, 2.44, -1.23]
[4.97, -99.07, 2.11, 0.0, 4.97, -99.94, 2.43, 1.85, 4.97, -100.8, 2.81, 0.0, 4.97, -99.94, 2.43, -1.85]
[4.99, -98.78, 2.02, 0.0, 4.98, -99.94, 2.43, 2.47, 4.98, -101.08, 2.95, 0.0, 4.98, -99.94, 2.43, -2.47]
[4.98, -98.47, 1.93, 0.0, 4.99, -99.93, 2.42, 3.08, 5.0, -101.35, 3.09, 0.0, 4.99, -99.93, 2.42, -3.08]
[4.97, -98.15, 1.84, 0.0, 4.97, -99.9, 2.42, 3.7, 4.98, -101.6, 3.23, 0.0, 4.97, -99.9, 2.42, -3.7]
[4.96, -97.82, 1.76, 0.0, 4.98, -99.89, 2.41, 4.31, 5.0, -101.86, 3.38, 0.0, 4.98, -99.89, 2.41, -4.31]
[4.99, -97.51, 1.68, 0.0, 4.97, -99.86, 2.4, 4.92, 4.98, -102.1, 3.54, 0.0, 4.97, -99.86, 2.4, -4.92]
[4.99, -97.18, 1.61, 0.0, 4.98, -99.84, 2.39, 5.54, 5.0, -102.35, 3.7, 0.0, 4.98, -99.84, 2.39, -5.54]
[4.98, -96.83, 1.54, 0.0, 4.98, -99.81, 2.38, 6.15, 4.98, -102.58, 3.87, 0.0, 4.98, -99.81, 2.38, -6.15]
[4.97, -96.49, 1.48, 0.0, 4.99, -99.79, 2.37, 6.76, 4.96, -102.8, 4.04, 0.0, 4.99, -99.79, 2.37, -6.76]
[4.97, -96.14, 1.43, 0.0, 5.0, -99.75, 2.35, 7.36, 4.98, -103.04, 4.22, 0.0, 5.0, -99.75, 2.35, -7.36]
[5.0, -95.81, 1.38, 0.0, 4.98, -99.71, 2.34, 7.97, 4.97, -103.25, 4.4, 0.0, 4.98, -99.71, 2.34, -7.97]
[4.99, -95.45, 1.34, 0.0, 4.99, -99.67, 2.32, 8.57, 4.99, -103.49, 4.59, 0.0, 4.99, -99.67, 2.32, -8.57]
[4.99, -95.08, 1.3, 0.0, 4.98, -99.62, 2.3, 9.18, 4.98, -103.69, 4.79, 0.0, 4.98, -99.62, 2.3, -9.18]
[4.98, -94.71, 1.26, 0.0, 4.99, -99.58, 2.29, 9.78, 5.0, -103.91, 4.99, 0.0, 4.99, -99.58, 2.29, -9.78]
[4.98, -94.33, 1.23, 0.0, 4.99, -99.53, 2.27, 10.37, 4.99, -104.1, 5.19, 0.0, 4.99, -99.53, 2.27, -10.37]
[4.97, -93.95, 1.21, 0.0, 4.97, -99.46, 2.25, 10.97, 4.97, -104.29, 5.4, 0.0, 4.97, -99.46, 2.25, -10.97]
[4.2, -93.03, 1.17, 0.0, 4.98, -99.4, 2.23, 11.56, 5.0, -104.5, 5.62, 0.0, 4.98, -99.4, 2.23, -11.56]
[2.73, -91.6, 1.12, 0.0, 4.97, -99.34, 2.2, 12.15, 4.99, -104.68, 5.84, 0.0, 4.97, -99.34, 2.2, -12.15]
[1.26, -90.16, 1.1, 0.0, 4.98, -99.28, 2.18, 12.74, 4.97, -104.85, 6.07, 0.0, 4.98, -99.28, 2.18, -12.74]
[-0.22, -88.69, 1.09, 0.0, 4.98, -99.21, 2.16, 13.33, 4.96, -105.02, 6.3, 0.0, 4.98, -99.21, 2.16, -13.33]
[-1.69, -87.21, 1.1, 0.0, 5.0, -99.15, 2.13, 13.91, 4.99, -105.2, 6.54, 0.0, 5.0, -99.15, 2.13, -13.91]
[-3.16, -85.7, 1.14, 0.0, 4.96, -99.05, 2.11, 14.49, 4.98, -105.36, 6.78, 0.0, 4.96, -99.05, 2.11, -14.49]
[-4.64, -84.18, 1.19, 0.0, 4.99, -99.0, 2.08, 15.07, 4.97, -105.51, 7.02, 0.0, 4.99, -99.0, 2.08, -15.07]
[-6.12, -82.63, 1.26, 0.0, 4.97, -98.9, 2.06, 15.64, 4.99, -105.68, 7.28, 0.0, 4.97, -98.9, 2.06, -15.64]
[-7.6, -81.05, 1.35, 0.0, 4.96, -98.81, 2.03, 16.21, 4.98, -105.83, 7.54, 0.0, 4.96, -98.81, 2.03, -16.21]
[-9.09, -79.45, 1.46, 0.0, 4.98, -98.74, 2.01, 16.78, 4.97, -105.96, 7.8, 0.0, 4.98, -98.74, 2.01, -16.78]
[-10.59, -77.81, 1.59, 0.0, 4.99, -98.65, 1.98, 17.34, 5.0, -106.12, 8.07, 0.0, 4.99, -98.65, 1.98, -17.34]
[-12.1, -76.15, 1.75, 0.0, 4.98, -98.55, 1.95, 17.9, 4.99, -106.24, 8.35, 0.0, 4.98, -98.55, 1.95, -17.9]
[-13.62, -74.46, 1.92, 0.0, 5.0, -98.47, 1.92, 18.46, 4.97, -106.36, 8.62, 0.0, 5.0, -98.47, 1.92, -18.46]
[-15.15, -72.73, 2.12, 0.0, 4.97, -98.34, 1.89, 19.01, 4.96, -106.47, 8.91, 0.0, 4.97, -98.34, 1.89, -19.01]
[-16.7, -70.97, 2.33, 0.0, 4.99, -98.26, 1.87, 19.56, 4.99, -106.61, 9.2, 0.0, 4.99, -98.26, 1.87, -19.56]
[-18.26, -69.16, 2.58, 0.0, 4.97, -98.13, 1.84, 20.11, 4.97, -106.71, 9.5, 0.0, 4.97, -98.13, 1.84, -20.11]
[-19.84, -67.31, 2.84, 0.0, 4.97, -98.02, 1.81, 20.65, 5.0, -106.83, 9.8, 0.0, 4.97, -98.02, 1.81, -20.65]
[-21.45, -65.42, 3.13, 0.0, 4.99, -97.92, 1.78, 21.19, 4.98, -106.92, 10.1, 0.0, 4.99, -97.92, 1.78, -21.19]
[-23.07, -63.48, 3.45, 0.0, 4.96, -97.79, 1.75, 21.73, 4.97, -107.0, 10.41, 0.0, 4.96, -97.79, 1.75, -21.73]
[-24.73, -61.48, 3.8, 0.0, 5.0, -97.69, 1.72, 22.26, 4.99, -107.11, 10.73, 0.0, 5.0, -97.69, 1.72, -22.26]
[-26.41, -59.41, 4.17, 0.0, 4.98, -97.55, 1.69, 22.78, 4.97, -107.18, 11.05, 0.0, 4.98, -97.55, 1.69, -22.78]
[-28.14, -57.28, 4.58, 0.0, 4.99, -97.43, 1.66, 23.3, 4.99, -107.27, 11.38, 0.0, 4.99, -97.43, 1.66, -23.3]
[-29.9, -55.08, 5.02, 0.0, 4.99, -97.3, 1.63, 23.82, 4.97, -107.33, 11.71, 0.0, 4.99, -97.3, 1.63, -23.82]
[-31.71, -52.79, 5.5, 0.0, 4.98, -97.15, 1.61, 24.34, 4.99, -107.41, 12.05, 0.0, 4.98, -97.15, 1.61, -24.34]
[-33.58, -50.4, 6.02, 0.0, 4.99, -97.02, 1.58, 24.85, 4.96, -107.46, 12.39, 0.0, 4.99, -97.02, 1.58, -24.85]
[-35.51, -47.9, 6.59, 0.0, 4.98, -96.87, 1.55, 25.35, 4.98, -107.52, 12.74, 0.0, 4.98, -96.87, 1.55, -25.35]
[-37.52, -45.27, 7.21, 0.0, 4.97, -96.72, 1.52, 25.86, 4.99, -107.58, 13.09, 0.0, 4.97, -96.72, 1.52, -25.86]
[-39.63, -42.49, 7.89, 0.0, 4.98, -96.57, 1.5, 26.35, 5.0, -107.63, 13.44, 0.0, 4.98, -96.57, 1.5, -26.35]
[-41.84, -39.52, 8.64, 0.0, 4.98, -96.42, 1.47, 26.85, 4.97, -107.65, 13.81, 0.0, 4.98, -96.42, 1.47, -26.85]
[-44.21, -36.31, 9.48, 0.0, 4.97, -96.26, 1.45, 27.34, 4.97, -107.69, 14.17, 0.0, 4.97, -96.26, 1.45, -27.34]
[-46.76, -32.81, 10.43, 0.0, 4.99, -96.1, 1.42, 27.82, 4.98, -107.72, 14.54, 0.0, 4.99, -96.1, 1.42, -27.82]
[-49.51, -28.97, 11.51, 0.0, 4.99, -95.94, 1.4, 28.3, 4.98, -107.75, 14.92, 0.0, 4.99, -95.94, 1.4, -28.3]
[-52.71, -24.47, 12.82, 0.0, 4.98, -95.77, 1.38, 28.78, 4.98, -107.77, 15.3, 0.0, 4.98, -95.77, 1.38, -28.78]
[-52.24, -25.7, 12.06, 0.0, 4.99, -95.22, 1.92, 28.78, 4.98, -107.2, 15.79, 0.0, 4.97, -96.31, 0.83, -28.78]
[-51.76, -26.94, 11.3, 0.0, 4.99, -94.66, 2.47, 28.78, 4.97, -106.62, 16.28, 0.0, 4.98, -96.86, 0.29, -28.78]
[-51.32, -28.11, 10.57, 0.0, 4.97, -94.09, 3.01, 28.78, 4.99, -106.06, 16.77, 0.0, 4.98, -97.41, -0.26, -28.78]
[-50.93, -29.22, 9.85, 0.0, 4.98, -93.54, 3.56, 28.78, 4.97, -105.47, 17.25, 0.0, 4.97, -97.95, -0.81, -28.78]
[-50.58, -30.27, 9.16, 0.0, 4.99, -92.98, 4.1, 28.78, 4.97, -104.9, 17.74, 0.0, 4.99, -98.5, -1.35, -28.78]
[-50.26, -31.27, 8.48, 0.0, 4.98, -92.41, 4.64, 28.78, 4.97, -104.32, 18.23, 0.0, 4.99, -99.04, -1.9, -28.78]
[-49.97, -32.22, 7.81, 0.0, 5.0, -91.85, 5.19, 28.78, 4.99, -103.76, 18.71, 0.0, 4.99, -99.57, -2.45, -28.78]
[-49.72, -33.12, 7.16, 0.0, 4.97, -91.26, 5.73, 28.78, 4.97, -103.16, 19.2, 0.0, 4.97, -100.1, -2.99, -28.78]
[-49.49, -33.99, 6.52, 0.0, 4.97, -90.68, 6.28, 28.78, 4.98, -102.58, 19.68, 0.0, 4.99, -100.64, -3.54, -28.78]
[-49.29, -34.82, 5.89, 0.0, 4.99, -90.12, 6.83, 28.78, 4.98, -102.0, 20.17, 0.0, 4.99, -101.17, -4.09, -28.78]
[-49.11, -35.62, 5.27, 0.0, 4.97, -89.52, 7.37, 28.78, 4.97, -101.41, 20.65, 0.0, 4.98, -101.69, -4.64, -28.78]
[-48.95, -36.39, 4.66, 0.0, 4.98, -88.94, 7.92, 28.78, 4.99, -100.84, 21.14, 0.0, 5.0, -102.23, -5.19, -28.78]
[-48.82, -37.12, 4.06, 0.0, 4.97, -88.35, 8.46, 28.78, 4.97, -100.23, 21.62, 0.0, 4.97, -102.73, -5.74, -28.78]
[-48.7, -37.83, 3.47, 0.0, 4.99, -87.77, 9.01, 28.78, 4.98, -99.64, 22.11, 0.0, 4.97, -103.25, -6.3, -28.78]
[-48.61, -38.51, 2.89, 0.0, 4.97, -87.16, 9.56, 28.78, 4.97, -99.04, 22.59, 0.0, 4.99, -103.79, -6.85, -28.78]
[-48.53, -39.16, 2.31, 0.0, 4.97, -86.56, 10.11, 28.78, 5.0, -98.47, 23.07, 0.0, 4.97, -104.29, -7.4, -28.78]
[-48.47, -39.79, 1.74, 0.0, 5.0, -85.98, 10.66, 28.78, 4.98, -97.85, 23.56, 0.0, 4.97, -104.81, -7.96, -28.78]
[-48.43, -40.39, 1.18, 0.0, 4.98, -85.36, 11.21, 28.78, 4.99, -97.26, 24.04, 0.0, 5.0, -105.34, -8.51, -28.78]
[-48.4, -40.97, 0.63, 0.0, 4.98, -84.75, 11.76, 28.78, 4.99, -96.66, 24.53, 0.0, 4.98, -105.84, -9.07, -28.78]
[-48.39, -41.53, 0.08, 0.0, 4.98, -84.14, 12.31, 28.78, 4.99, -96.05, 25.01, 0.0, 4.98, -106.35, -9.63, -28.78]
[-48.4, -42.07, -0.47, 0.0, 4.96, -83.51, 12.86, 28.78, 4.98, -95.43, 25.5, 0.0, 4.98, -106.86, -10.19, -28.78]
[-48.42, -42.59, -1.0, 0.0, 4.97, -82.9, 13.42, 28.78, 4.99, -94.83, 25.98, 0.0, 4.96, -107.35, -10.75, -28.78]
[-48.45, -43.08, -1.54, 0.0, 4.98, -82.27, 13.97, 28.78, 5.0, -94.22, 26.47, 0.0, 4.97, -107.86, -11.31, -28.78]
[-48.5, -43.56, -2.06, 0.0, 4.97, -81.63, 14.53, 28.78, 5.0, -93.6, 26.95, 0.0, 4.97, -108.37, -11.87, -28.78]
[-48.56, -44.02, -2.59, 0.0, 4.98, -81.01, 15.09, 28.78, 4.99, -92.98, 27.44, 0.0, 5.0, -108.89, -12.44, -28.78]
[-48.64, -44.46, -3.1, 0.0, 4.99, -80.38, 15.65, 28.78, 4.97, -92.35, 27.93, 0.0, 4.98, -109.37, -13.0, -28.78]
[-48.73, -44.89, -3.62, 0.0, 4.98, -79.73, 16.21, 28.78, 4.98, -91.73, 28.42, 0.0, 4.98, -109.87, -13.57, -28.78]
[-48.83, -45.3, -4.12, 0.0, 5.0, -79.1, 16.77, 28.78, 4.99, -91.1, 28.9, 0.0, 4.97, -110.36, -14.14, -28.78]
[-48.94, -45.69, -4.63, 0.0, 4.97, -78.42, 17.34, 28.78, 4.98, -90.47, 29.39, 0.0, 4.99, -110.87, -14.71, -28.78]
[-49.07, -46.06, -5.13, 0.0, 4.97, -77.76, 17.9, 28.78, 4.97, -89.83, 29.88, 0.0, 4.99, -111.36, -15.28, -28.78]
[-49.07, -46.06, -5.13, 0.0, 4.97, -77.76, 17.9, 28.78, 4.97, -89.83, 29.88, 0.0, 4.99, -111.36, -15.28, -28.78]
[-49.07, -46.06, -5.13, 0.0, 4.97, -77.76, 17.9, 28.78, 4.97, -89.83, 29.88, 0.0, 4.99, -111.36, -15.28, -28.78]
[-49.07, -46.06, -5.13, 0.0, 4.97, -77.76, 17.9, 28.78, 4.97, -89.83, 29.88, 0.0, 4.99, -111.36, -15.28, -28.78]
[-49.07, -46.06, -5.13, 0.0, 4.97, -77.76, 17.9, 28.78, 4.97, -89.83, 29.88, 0.0, 4.99, -111.36, -15.28, -28.78]
[-49.07, -46.06, -5.13, 0.0, 4.97, -77.76, 17.9, 28.78, 4.97, -89.83, 29.88, 0.0, 4.99, -111.36, -15.28, -28.78]
[-49.07, -46.06, -5.13, 0.0, 4.97, -77.76, 17.9, 28.78, 4.97, -89.83, 29.88, 0.0, 4.99, -111.36, -15.28, -28.78]
[-49.07, -46.06, -5.13, 0.0, 4.97, -77.76, 17.9, 28.78, 4.97, -89.83, 29.88, 0.0, 4.99, -111.36, -15.28, -28.78]
[-49.07, -46.06, -5.13, 0.0, 4.97, -77.76, 17.9, 28.78, 4.97, -89.83, 29.88, 0.0, 4.99, -111.36, -15.28, -28.78]
[-49.07, -46.06, -5.13, 0.0, 4.97, -77.76, 17.9, 28.78, 4.97, -89.83, 29.88, 0.0, 4.99, -111.36, -15.28, -28.78]
[-49.07, -46.06, -5.13, 0.0, 4.97, -77.76, 17.9, 28.78, 4.97, -89.83, 29.88, 0.0, 4.99, -111.36, -15.28, -28.78]
[-49.07, -46.06, -5.13, 0.0, 4.97, -77.76, 17.9, 28.78, 4.97, -89.83, 29.88, 0.0, 4.99, -111.36, -15.28, -28.78]
[-49.07, -46.06, -5.13, 0.0, 4.97, -77.76, 17.9, 28.78, 4.97, -89.83, 29.88, 0.0, 4.99, -111.36, -15.28, -28.78]
[-49.07, -46.06, -5.13, 0.0, 4.97, -77.76, 17.9, 28.78, 4.97, -89.83, 29.88, 0.0, 4.99, -111.36, -15.28, -28.78]
[-49.07, -46.06, -5.13, 0.0, 4.97, -77.76, 17.9, 28.78, 4.97, -89.83, 29.88, 0.0, 4.99, -111.36, -15.28, -28.78]
[-49.07, -46.06, -5.13, 0.0, 4.97, -77.76, 17.9, 28.78, 4.97, -89.83, 29.88, 0.0, 4.99, -111.36, -15.28, -28.78]
[-49.07, -46.06, -5.13, 0.0, 4.97, -77.76, 17.9, 28.78, 4.97, -89.83, 29.88, 0.0, 4.99, -111.36, -15.28, -28.78]
[-49.07, -46.06, -5.13, 0.0, 4.97, -77.76, 17.9, 28.78, 4.97, -89.83, 29.88, 0.0, 4.99, -111.36, -15.28, -28.78]
[-49.07, -46.06, -5.13, 0.0, 4.97, -77.76, 17.9, 28.78, 4.97, -89.83, 29.88, 0.0, 4.99, -111.36, -15.28, -28.78]
[-49.07, -46.06, -5.13, 0.0, 4.97, -77.76, 17.9, 28.78, 4.97, -89.83, 29.88, 0.0, 4.99, -111.36, -15.28, -28.78]
[-49.07, -46.06, -5.13, 0.0, 4.97, -77.76, 17.9, 28.78, 4.97, -89.83, 29.88, 0.0, 4.99, -111.36, -15.28, -28.78]
[-49.07, -46.06, -5.13, 0.0, 4.97, -77.76, 17.9, 28.78, 4.97, -89.83, 29.88, 0.0, 4.99, -111.36, -15.28, -28.78]
[-49.07, -46.06, -5.13, 0.0, 4.97, -77.76, 17.9, 28.78, 4.97, -89.83, 29.88, 0.0, 4.99, -111.36, -15.28, -28.78]
[-49.07, -46.06, -5.13, 0.0, 4.97, -77.76, 17.9, 28.78, 4.97, -89.83, 29.88, 0.0, 4.99, -111.36, -15.28, -28.78]
[-49.07, -46.06, -5.13, 0.0, 4.97, -77.76, 17.9, 28.78, 4.97, -89.83, 29.88, 0.0, 4.99, -111.36, -15.28, -28.78]
[-49.07, -46.06, -5.13, 0.0, 4.97, -77.76, 17.9, 28.78, 4.97, -89.83, 29.88, 0.0, 4.99, -111.36, -15.28, -28.78]
[-49.07, -46.06, -5.13, 0.0, 4.97, -77.76, 17.9, 28.78, 4.97, -89.83, 29.88, 0.0, 4.99, -111.36, -15.28, -28.78]
[-49.07, -46.06, -5.13, 0.0, 4.97, -77.76, 17.9, 28.78, 4.97, -89.83, 29.88, 0.0, 4.99, -111.36, -15.28, -28.78]
[-49.07, -46.06, -5.13, 0.0, 4.97, -77.76, 17.9, 28.78, 4.97, -89.83, 29.88, 0.0, 4.99, -111.36, -15.28, -28.78]
[-49.07, -46.06, -5.13, 0.0, 4.97, -77.76, 17.9, 28.78, 4.97, -89.83, 29.88, 0.0, 4.99, -111.36, -15.28, -28.78]
[-49.07, -46.06, -5.13, 0.0, 4.97, -77.76, 17.9, 28.78, 4.97, -89.83, 29.88, 0.0, 4.99, -111.36, -15.28, -28.78]
[-49.07, -46.06, -5.13, 0.0, 4.97, -77.76, 17.9, 28.78, 4.97, -89.83, 29.88, 0.0, 4.99, -111.36, -15.28, -28.78]
[-49.07, -46.06, -5.13, 0.0, 4.97, -77.76, 17.9, 28.78, 4.97, -89.83, 29.88, 0.0, 4.99, -111.36, -15.28, -28.78]
[-49.07, -46.06, -5.13, 0.0, 4.97, -77.76, 17.9, 28.78, 4.97, -89.83, 29.88, 0.0, 4.99, -111.36, -15.28, -28.78]
[-49.07, -46.06, -5.13, 0.0, 4.97, -77.76, 17.9, 28.78, 4.97, -89.83, 29.88, 0.0, 4.99, -111.36, -15.28, -28.78]
[-49.07, -46.06, -5.13, 0.0, 4.97, -77.76, 17.9, 28.78, 4.97, -89.83, 29.88, 0.0, 4.99, -111.36, -15.28, -28.78]
[-49.07, -46.06, -5.13, 0.0, 4.97, -77.76, 17.9, 28.78, 4.97, -89.83, 29.88, 0.0, 4.99, -111.36, -15.28, -28.78]
[-49.07, -46.06, -5.13, 0.0, 4.97, -77.76, 17.9, 28.78, 4.97, -89.83, 29.88, 0.0, 4.99, -111.36, -15.28, -28.78]
[-49.07, -46.06, -5.13, 0.0, 4.97, -77.76, 17.9, 28.78, 4.97, -89.83, 29.88, 0.0, 4.99, -111.36, -15.28, -28.78]
[-49.07, -46.06, -5.13, 0.0, 4.97, -77.76, 17.9, 28.78, 4.97, -89.83, 29.88, 0.0, 4.99, -111.36, -15.28, -28.78]
[-49.07, -46.06, -5.13, 0.0, 4.97, -77.76, 17.9, 28.78, 4.97, -89.83, 29.88, 0.0, 4.99, -111.36, -15.28, -28.78]
[-49.07, -46.06, -5.13, 0.0, 4.97, -77.76, 17.9, 28.78, 4.97, -89.83, 29.88, 0.0, 4.99, -111.36, -15.28, -28.78]
[-49.07, -46.06, -5.13, 0.0, 4.97, -77.76, 17.9, 28.78, 4.97, -89.83, 29.88, 0.0, 4.99, -111.36, -15.28, -28.78]
[-49.07, -46.06, -5.13, 0.0, 4.97, -77.76, 17.9, 28.78, 4.97, -89.83, 29.88, 0.0, 4.99, -111.36, -15.28, -28.78]
[-49.07, -46.06, -5.13, 0.0, 4.97, -77.76, 17.9, 28.78, 4.97, -89.83, 29.88, 0.0, 4.99, -111.36, -15.28, -28.78]
[-49.07, -46.06, -5.13, 0.0, 4.97, -77.76, 17.9, 28.78, 4.97, -89.83, 29.88, 0.0, 4.99, -111.36, -15.28, -28.78]
[-49.07, -46.06, -5.13, 0.0, 4.97, -77.76, 17.9, 28.78, 4.97, -89.83, 29.88, 0.0, 4.99, -111.36, -15.28, -28.78]
[-49.07, -46.06, -5.13, 0.0, 4.97, -77.76, 17.9, 28.78, 4.97, -89.83, 29.88, 0.0, 4.99, -111.36, -15.28, -28.78]
[-49.07, -46.06, -5.13, 0.0, 4.97, -77.76, 17.9, 28.78, 4.97, -89.83, 29.88, 0.0, 4.99, -111.36, -15.28, -28.78]
[-49.07, -46.06, -5.13, 0.0, 4.97, -77.76, 17.9, 28.78, 4.97, -89.83, 29.88, 0.0, 4.99, -111.36, -15.28, -28.78]
[-49.07, -46.06, -5.13, 0.0, 4.97, -77.76, 17.9, 28.78, 4.97, -89.83, 29.88, 0.0, 4.99, -111.36, -15.28, -28.78]
[-49.07, -46.06, -5.13, 0.0, 4.97, -77.76, 17.9, 28.78, 4.97, -89.83, 29.88, 0.0, 4.99, -111.36, -15.28, -28.78]
[-49.07, -46.06, -5.13, 0.0, 4.97, -77.76, 17.9, 28.78, 4.97, -89.83, 29.88, 0.0, 4.99, -111.36, -15.28, -28.78]
[-49.07, -46.06, -5.13, 0.0, 4.97, -77.76, 17.9, 28.78, 4.97, -89.83, 29.88, 0.0, 4.99, -111.36, -15.28, -28.78]
[-49.07, -46.06, -5.13, 0.0, 4.97, -77.76, 17.9, 28.78, 4.97, -89.83, 29.88, 0.0, 4.99, -111.36, -15.28, -28.78]
[-49.07, -46.06, -5.13, 0.0, 4.97, -77.76, 17.9, 28.78, 4.97, -89.83, 29.88, 0.0, 4.99, -111.36, -15.28, -28.78]
[-49.07, -46.06, -5.13, 0.0, 4.97, -77.76, 17.9, 28.78, 4.97, -89.83, 29.88, 0.0, 4.99, -111.36, -15.28, -28.78]
[-49.07, -46.06, -5.13, 0.0, 4.97, -77.76, 17.9, 28.78, 4.97, -89.83, 29.88, 0.0, 4.99, -111.36, -15.28, -28.78]
[-49.07, -46.06, -5.13, 0.0, 4.97, -77.76, 17.9, 28.78, 4.97, -89.83, 29.88, 0.0, 4.99, -111.36, -15.28, -28.78]
[-49.07, -46.06, -5.13, 0.0, 4.97, -77.76, 17.9, 28.78, 4.97, -89.83, 29.88, 0.0, 4.99, -111.36, -15.28, -28.78]
[-49.07, -46.06, -5.13, 0.0, 4.97, -77.76, 17.9, 28.78, 4.97, -89.83, 29.88, 0.0, 4.99, -111.36, -15.28, -28.78]
[-49.81, -45.57, -5.38, 0.12, 4.97, -77.76, 17.9, 28.78, 4.97, -89.83, 29.88, 0.0, 4.99, -111.36, -15.28, -28.78]
[-50.57, -45.06, -5.63, 0.24, 4.97, -77.76, 17.9, 28.78, 4.97, -89.83, 29.88, 0.0, 4.99, -111.36, -15.28, -28.78]
[-51.34, -44.53, -5.87, 0.35, 4.97, -77.76, 17.9, 28.78, 4.97, -89.83, 29.88, 0.0, 4.99, -111.36, -15.28, -28.78]
[-52.13, -43.97, -6.1, 0.47, 4.97, -77.76, 17.9, 28.78, 4.97, -89.83, 29.88, 0.0, 4.99, -111.36, -15.28, -28.78]
[-52.93, -43.39, -6.32, 0.59, 4.97, -77.76, 17.9, 28.78, 4.97, -89.83, 29.88, 0.0, 4.99, -111.36, -15.28, -28.78]
[-53.74, -42.78, -6.53, 0.7, 4.97, -77.76, 17.9, 28.78, 4.97, -89.83, 29.88, 0.0, 4.99, -111.36, -15.28, -28.78]
[-54.58, -42.15, -6.73, 0.82, 4.97, -77.76, 17.9, 28.78, 4.97, -89.83, 29.88, 0.0, 4.99, -111.36, -15.28, -28.78]
[-55.43, -41.49, -6.92, 0.93, 4.97, -77.76, 17.9, 28.78, 4.97, -89.83, 29.88, 0.0, 4.99, -111.36, -15.28, -28.78]
[-56.3, -40.8, -7.09, 1.05, 4.97, -77.76, 17.9, 28.78, 4.97, -89.83, 29.88, 0.0, 4.99, -111.36, -15.28, -28.78]
[-57.18, -40.08, -7.26, 1.16, 4.97, -77.76, 17.9, 28.78, 4.97, -89.83, 29.88, 0.0, 4.99, -111.36, -15.28, -28.78]
[-58.09, -39.32, -7.41, 1.27, 4.97, -77.76, 17.9, 28.78, 4.97, -89.83, 29.88, 0.0, 4.99, -111.36, -15.28, -28.78]
[-59.01, -38.54, -7.55, 1.39, 4.97, -77.76, 17.9, 28.78, 4.97, -89.83, 29.88, 0.0, 4.99, -111.36, -15.28, -28.78]
[-59.96, -37.72, -7.68, 1.5, 4.97, -77.76, 17.9, 28.78, 4.97, -89.83, 29.88, 0.0, 4.99, -111.36, -15.28, -28.78]
[-60.93, -36.86, -7.79, 1.61, 4.97, -77.76, 17.9, 28.78, 4.97, -89.83, 29.88, 0.0, 4.99, -111.36, -15.28, -28.78]
[-61.93, -35.96, -7.89, 1.72, 4.97, -77.76, 17.9, 28.78, 4.97, -89.83, 29.88, 0.0, 4.99, -111.36, -15.28, -28.78]
[-62.95, -35.02, -7.97, 1.83, 4.97, -77.76, 17.9, 28.78, 4.97, -89.83, 29.88, 0.0, 4.99, -111.36, -15.28, -28.78]
[-64.0, -34.04, -8.03, 1.94, 4.97, -77.76, 17.9, 28.78, 4.97, -89.83, 29.88, 0.0, 4.99, -111.36, -15.28, -28.78]
[-65.08, -33.0, -8.08, 2.06, 4.97, -77.76, 17.9, 28.78, 4.97, -89.83, 29.88, 0.0, 4.99, -111.36, -15.28, -28.78]
[-66.19, -31.91, -8.1, 2.16, 4.97, -77.76, 17.9, 28.78, 4.97, -89.83, 29.88, 0.0, 4.99, -111.36, -15.28, -28.78]
[-67.34, -30.76, -8.1, 2.27, 4.97, -77.76, 17.9, 28.78, 4.97, -89.83, 29.88, 0.0, 4.99, -111.36, -15.28, -28.78]
[-68.54, -29.54, -8.08, 2.38, 4.97, -77.76, 17.9, 28.78, 4.97, -89.83, 29.88, 0.0, 4.99, -111.36, -15.28, -28.78]
[-69.78, -28.25, -8.03, 2.49, 4.97, -77.76, 17.9, 28.78, 4.97, -89.83, 29.88, 0.0, 4.99, -111.36, -15.28, -28.78]
[-71.07, -26.87, -7.95, 2.6, 4.97, -77.76, 17.9, 28.78, 4.97, -89.83, 29.88, 0.0, 4.99, -111.36, -15.28, -28.78]
[-72.43, -25.39, -7.83, 2.71, 4.97, -77.76, 17.9, 28.78, 4.97, -89.83, 29.88, 0.0, 4.99, -111.36, -15.28, -28.78]
[-73.87, -23.8, -7.67, 2.81, 4.97, -77.76, 17.9, 28.78, 4.97, -89.83, 29.88, 0.0, 4.99, -111.36, -15.28, -28.78]
[-75.39, -22.06, -7.45, 2.92, 4.97, -77.76, 17.9, 28.78, 4.97, -89.83, 29.88, 0.0, 4.99, -111.36, -15.28, -28.78]
[-77.03, -20.14, -7.18, 3.03, 4.97, -77.76, 17.9, 28.78, 4.97, -89.83, 29.88, 0.0, 4.99, -111.36, -15.28, -28.78]
[-78.83, -17.99, -6.82, 3.13, 4.97, -77.76, 17.9, 28.78, 4.97, -89.83, 29.88, 0.0, 4.99, -111.36, -15.28, -28.78]
[-80.73, -15.65, -6.39, 3.24, 4.97, -77.76, 17.9, 28.78, 4.97, -89.83, 29.88, 0.0, 4.99, -111.36, -15.28, -28.78]
[-83.07, -12.67, -5.74, 3.34, 4.97, -77.76, 17.9, 28.78, 4.97, -89.83, 29.88, 0.0, 4.99, -111.36, -15.28, -28.78]
[-85.9, -8.92, -4.83, 3.45, 4.97, -77.76, 17.9, 28.78, 4.97, -89.83, 29.88, 0.0, 4.99, -111.36, -15.28, -28.78]
[-89.89, -3.35, -3.3, 3.55, 4.97, -77.76, 17.9, 28.78, 4.97, -89.83, 29.88, 0.0, 4.99, -111.36, -15.28, -28.78]
[-91.4, -1.36, -2.98, 3.65, 4.97, -77.76, 17.9, 28.78, 4.97, -89.83, 29.88, 0.0, 4.99, -111.36, -15.28, -28.78]
[-92.02, -0.67, -3.11, 3.76, 4.97, -77.76, 17.9, 28.78, 4.97, -89.83, 29.88, 0.0, 4.99, -111.36, -15.28, -28.78]
[-91.6, -1.55, -3.77, 3.86, 4.97, -77.76, 17.9, 28.78, 4.97, -89.83, 29.88, 0.0, 4.99, -111.36, -15.28, -28.78]
[-91.62, -1.76, -4.2, 3.96, 4.97, -77.76, 17.9, 28.78, 4.97, -89.83, 29.88, 0.0, 4.99, -111.36, -15.28, -28.78]
[-91.88, -1.6, -4.5, 4.06, 4.97, -77.76, 17.9, 28.78, 4.97, -89.83, 29.88, 0.0, 4.99, -111.36, -15.28, -28.78]
[-92.53, -0.86, -4.61, 4.17, 4.97, -77.76, 17.9, 28.78, 4.97, -89.83, 29.88, 0.0, 4.99, -111.36, -15.28, -28.78]
[-92.24, -1.52, -5.19, 4.27, 4.97, -77.76, 17.9, 28.78, 4.97, -89.83, 29.88, 0.0, 4.99, -111.36, -15.28, -28.78]
[-92.32, -1.63, -5.58, 4.37, 4.97, -77.76, 17.9, 28.78, 4.97, -89.83, 29.88, 0.0, 4.99, -111.36, -15.28, -28.78]
[-92.67, -1.32, -5.83, 4.47, 4.97, -77.76, 17.9, 28.78, 4.97, -89.83, 29.88, 0.0, 4.99, -111.36, -15.28, -28.78]
[-92.31, -2.06, -6.44, 4.57, 4.97, -77.76, 17.9, 28.78, 4.97, -89.83, 29.88, 0.0, 4.99, -111.36, -15.28, -28.78]
[-93.2, -0.94, -6.41, 4.67, 4.97, -77.76, 17.9, 28.78, 4.97, -89.83, 29.88, 0.0, 4.99, -111.36, -15.28, -28.78]
[-93.31, -0.96, -6.78, 4.77, 4.97, -77.76, 17.9, 28.78, 4.97, -89.83, 29.88, 0.0, 4.99, -111.36, -15.28, -28.78]
[-92.69, -2.09, -7.52, 4.87, 4.97, -77.76, 17.9, 28.78, 4.97, -89.83, 29.88, 0.0, 4.99, -111.36, -15.28, -28.78]
[-93.27, -1.43, -7.64, 4.96, 4.97, -77.76, 17.9, 28.78, 4.97, -89.83, 29.88, 0.0, 4.99, -111.36, -15.28, -28.78]
[-93.17, -1.76, -8.11, 5.06, 4.97, -77.76, 17.9, 28.78, 4.97, -89.83, 29.88, 0.0, 4.99, -111.36, -15.28, -28.78]
[-93.31, -1.72, -8.45, 5.16, 4.97, -77.76, 17.9, 28.78, 4.97, -89.83, 29.88, 0.0, 4.99, -111.36, -15.28, -28.78]
[-93.72, -1.29, -8.65, 5.26, 4.97, -77.76, 17.9, 28.78, 4.97, -89.83, 29.88, 0.0, 4.99, -111.36, -15.28, -28.78]
[-93.4, -1.95, -9.22, 5.35, 4.97, -77.76, 17.9, 28.78, 4.97, -89.83, 29.88, 0.0, 4.99, -111.36, -15.28, -28.78]
[-94.56, -0.37, -9.04, 5.45, 4.97, -77.76, 17.9, 28.78, 4.97, -89.83, 29.88, 0.0, 4.99, -111.36, -15.28, -28.78]
[-93.49, -2.13, -9.99, 5.54, 4.97, -77.76, 17.9, 28.78, 4.97, -89.83, 29.88, 0.0, 4.99, -111.36, -15.28, -28.78]
[-93.83, -1.79, -10.22, 5.64, 4.97, -77.76, 17.9, 28.78, 4.97, -89.83, 29.88, 0.0, 4.99, -111.36, -15.28, -28.78]
[-94.56, -0.83, -10.24, 5.74, 4.97, -77.76, 17.9, 28.78, 4.97, -89.83, 29.88, 0.0, 4.99, -111.36, -15.28, -28.78]
[-94.36, -1.29, -10.74, 5.83, 4.97, -77.76, 17.9, 28.78, 4.97, -89.83, 29.88, 0.0, 4.99, -111.36, -15.28, -28.78]
[-94.5, -1.23, -11.06, 5.92, 4.97, -77.76, 17.9, 28.78, 4.97, -89.83, 29.88, 0.0, 4.99, -111.36, -15.28, -28.78]
[-95.09, -0.47, -11.15, 6.02, 4.97, -77.76, 17.9, 28.78, 4.97, -89.83, 29.88, 0.0, 4.99, -111.36, -15.28, -28.78]
[-94.46, -1.56, -11.86, 6.11, 4.97, -77.76, 17.9, 28.78, 4.97, -89.83, 29.88, 0.0, 4.99, -111.36, -15.28, -28.78]
[-94.33, -1.88, -12.32, 6.21, 4.97, -77.76, 17.9, 28.78, 4.97, -89.83, 29.88, 0.0, 4.99, -111.36, -15.28, -28.78]
[-94.41, -1.88, -12.66, 6.3, 4.97, -77.76, 17.9, 28.78, 4.97, -89.83, 29.88, 0.0, 4.99, -111.36, -15.28, -28.78]
[-94.7, -1.56, -12.89, 6.39, 4.97, -77.76, 17.9, 28.78, 4.97, -89.83, 29.88, 0.0, 4.99, -111.36, -15.28, -28.78]
[-95.49, -0.49, -12.87, 6.48, 4.97, -77.76, 17.9, 28.78, 4.97, -89.83, 29.88, 0.0, 4.99, -111.36, -15.28, -28.78]
[-95.05, -1.26, -13.47, 6.57, 4.97, -77.76, 17.9, 28.78, 4.97, -89.83, 29.88, 0.0, 4.99, -111.36, -15.28, -28.78]
[-95.05, -1.37, -13.84, 6.67, 4.97, -77.76, 17.9, 28.78, 4.97, -89.83, 29.88, 0.0, 4.99, -111.36, -15.28, -28.78]
[-95.33, -1.04, -14.07, 6.76, 4.97, -77.76, 17.9, 28.78, 4.97, -89.83, 29.88, 0.0, 4.99, -111.36, -15.28, -28.78]
[-94.78, -1.96, -14.72, 6.85, 4.97, -77.76, 17.9, 28.78, 4.97, -89.83, 29.88, 0.0, 4.99, -111.36, -15.28, -28.78]
[-95.48, -0.99, -14.73, 6.94, 4.97, -77.76, 17.9, 28.78, 4.97, -89.83, 29.88, 0.0, 4.99, -111.36, -15.28, -28.78]
[-95.34, -1.29, -15.16, 7.03, 4.97, -77.76, 17.9, 28.78, 4.97, -89.83, 29.88, 0.0, 4.99, -111.36, -15.28, -28.78]
[-95.48, -1.16, -15.45, 7.12, 4.97, -77.76, 17.9, 28.78, 4.97, -89.83, 29.88, 0.0, 4.99, -111.36, -15.28, -28.78]
[-94.87, -2.14, -16.12, 7.21, 4.97, -77.76, 17.9, 28.78, 4.97, -89.83, 29.88, 0.0, 4.99, -111.36, -15.28, -28.78]
[-95.35, -1.5, -16.23, 7.29, 4.97, -77.76, 17.9, 28.78, 4.97, -89.83, 29.88, 0.0, 4.99, -111.36, -15.28, -28.78]
[-95.15, -1.87, -16.68, 7.38, 4.97, -77.76, 17.9, 28.78, 4.97, -89.83, 29.88, 0.0, 4.99, -111.36, -15.28, -28.78]
[-95.14, -1.93, -17.04, 7.47, 4.97, -77.76, 17.9, 28.78, 4.97, -89.83, 29.88, 0.0, 4.99, -111.36, -15.28, -28.78]
[-95.31, -1.74, -17.3, 7.56, 4.97, -77.76, 17.9, 28.78, 4.97, -89.83, 29.88, 0.0, 4.99, -111.36, -15.28, -28.78]
[-95.74, -1.15, -17.42, 7.65, 4.97, -77.76, 17.9, 28.78, 4.97, -89.83, 29.88, 0.0, 4.99, -111.36, -15.28, -28.78]
[-95.33, -1.8, -17.97, 7.73, 4.97, -77.76, 17.9, 28.78, 4.97, -89.83, 29.88, 0.0, 4.99, -111.36, -15.28, -28.78]
[-95.18, -2.06, -18.38, 7.82, 4.97, -77.76, 17.9, 28.78, 4.97, -89.83, 29.88, 0.0, 4.99, -111.36, -15.28, -28.78]
[-95.2, -2.07, -18.71, 7.91, 4.97, -77.76, 17.9, 28.78, 4.97, -89.83, 29.88, 0.0, 4.99, -111.36, -15.28, -28.78]
[-95.37, -1.84, -18.95, 7.99, 4.97, -77.76, 17.9, 28.78, 4.97, -89.83, 29.88, 0.0, 4.99, -111.36, -15.28, -28.78]
[-95.78, -1.25, -19.07, 8.08, 4.97, -77.76, 17.9, 28.78, 4.97, -89.83, 29.88, 0.0, 4.99, -111.36, -15.28, -28.78]
[-95.39, -1.85, -19.59, 8.16, 4.97, -77.76, 17.9, 28.78, 4.97, -89.83, 29.88, 0.0, 4.99, -111.36, -15.28, -28.78]
[-95.24, -2.1, -19.99, 8.25, 4.97, -77.76, 17.9, 28.78, 4.97, -89.83, 29.88, 0.0, 4.99, -111.36, -15.28, -28.78]
[-95.23, -2.11, -20.32, 8.33, 4.97, -77.76, 17.9, 28.78, 4.97, -89.83, 29.88, 0.0, 4.99, -111.36, -15.28, -28.78]
[-95.37, -1.91, -20.56, 8.42, 4.97, -77.76, 17.9, 28.78, 4.97, -89.83, 29.88, 0.0, 4.99, -111.36, -15.28, -28.78]
[-95.72, -1.39, -20.7, 8.5, 4.97, -77.76, 17.9, 28.78, 4.97, -89.83, 29.88, 0.0, 4.99, -111.36, -15.28, -28.78]
[-95.31, -1.99, -21.22, 8.59, 4.97, -77.76, 17.9, 28.78, 4.97, -89.83, 29.88, 0.0, 4.99, -111.36, -15.28, -28.78]
[-96.15, -0.73, -21.1, 8.67, 4.97, -77.76, 17.9, 28.78, 4.97, -89.83, 29.88, 0.0, 4.99, -111.36, -15.28, -28.78]
[-96.01, -0.93, -21.47, 8.75, 4.97, -77.76, 17.9, 28.78, 4.97, -89.83, 29.88, 0.0, 4.99, -111.36, -15.28, -28.78]
[-96.22, -0.59, -21.67, 8.83, 4.97, -77.76, 17.9, 28.78, 4.97, -89.83, 29.88, 0.0, 4.99, -111.36, -15.28, -28.78]
[-95.33, -1.9, -22.42, 8.92, 4.97, -77.76, 17.9, 28.78, 4.97, -89.83, 29.88, 0.0, 4.99, -111.36, -15.28, -28.78]
[-95.77, -1.2, -22.48, 9.0, 4.97, -77.76, 17.9, 28.78, 4.97, -89.83, 29.88, 0.0, 4.99, -111.36, -15.28, -28.78]
[-95.38, -1.75, -22.97, 9.08, 4.97, -77.76, 17.9, 28.78, 4.97, -89.83, 29.88, 0.0, 4.99, -111.36, -15.28, -28.78]
[-95.21, -1.97, -23.35, 9.16, 4.97, -77.76, 17.9, 28.78, 4.97, -89.83, 29.88, 0.0, 4.99, -111.36, -15.28, -28.78]
[-95.17, -1.98, -23.66, 9.24, 4.97, -77.76, 17.9, 28.78, 4.97, -89.83, 29.88, 0.0, 4.99, -111.36, -15.28, -28.78]
[-95.27, -1.79, -23.89, 9.32, 4.97, -77.76, 17.9, 28.78, 4.97, -89.83, 29.88, 0.0, 4.99, -111.36, -15.28, -28.78]
[-95.56, -1.3, -24.02, 9.4, 4.97, -77.76, 17.9, 28.78, 4.97, -89.83, 29.88, 0.0, 4.99, -111.36, -15.28, -28.78]
[-95.05, -2.01, -24.55, 9.48, 4.97, -77.76, 17.9, 28.78, 4.97, -89.83, 29.88, 0.0, 4.99, -111.36, -15.28, -28.78]
[-95.67, -1.0, -24.5, 9.56, 4.97, -77.76, 17.9, 28.78, 4.97, -89.83, 29.88, 0.0, 4.99, -111.36, -15.28, -28.78]
[-95.39, -1.36, -24.92, 9.64, 4.97, -77.76, 17.9, 28.78, 4.97, -89.83, 29.88, 0.0, 4.99, -111.36, -15.28, -28.78]
[-95.31, -1.4, -25.22, 9.72, 4.97, -77.76, 17.9, 28.78, 4.97, -89.83, 29.88, 0.0, 4.99, -111.36, -15.28, -28.78]
[-95.42, -1.16, -25.43, 9.8, 4.97, -77.76, 17.9, 28.78, 4.97, -89.83, 29.88, 0.0, 4.99, -111.36, -15.28, -28.78]
[-96.03, -0.15, -25.37, 9.88, 4.97, -77.76, 17.9, 28.78, 4.97, -89.83, 29.88, 0.0, 4.99, -111.36, -15.28, -28.78]
[-95.0, -1.61, -26.15, 9.96, 4.97, -77.76, 17.9, 28.78, 4.97, -89.83, 29.88, 0.0, 4.99, -111.36, -15.28, -28.78]
[-94.6, -2.12, -26.61, 10.04, 4.97, -77.76, 17.9, 28.78, 4.97, -89.83, 29.88, 0.0, 4.99, -111.36, -15.28, -28.78]
[-95.25, -1.04, -26.52, 10.11, 4.97, -77.76, 17.9, 28.78, 4.97, -89.83, 29.88, 0.0, 4.99, -111.36, -15.28, -28.78]
[-95.03, -1.27, -26.88, 10.19, 4.97, -77.76, 17.9, 28.78, 4.97, -89.83, 29.88, 0.0, 4.99, -111.36, -15.28, -28.78]
[-94.99, -1.22, -27.14, 10.27, 4.97, -77.76, 17.9, 28.78, 4.97, -89.83, 29.88, 0.0, 4.99, -111.36, -15.28, -28.78]
[-95.16, -0.84, -27.29, 10.35, 4.97, -77.76, 17.9, 28.78, 4.97, -89.83, 29.88, 0.0, 4.99, -111.36, -15.28, -28.78]
[-94.33, -1.97, -27.94, 10.42, 4.97, -77.76, 17.9, 28.78, 4.97, -89.83, 29.88, 0.0, 4.99, -111.36, -15.28, -28.78]
[-94.66, -1.35, -28.0, 10.5, 4.97, -77.76, 17.9, 28.78, 4.97, -89.83, 29.88, 0.0, 4.99, -111.36, -15.28, -28.78]
[-94.19, -1.93, -28.47, 10.57, 4.97, -77.76, 17.9, 28.78, 4.97, -89.83, 29.88, 0.0, 4.99, -111.36, -15.28, -28.78]
[-94.95, -0.65, -28.3, 10.65, 4.97, -77.76, 17.9, 28.78, 4.97, -89.83, 29.88, 0.0, 4.99, -111.36, -15.28, -28.78]
[-94.59, -1.06, -28.71, 10.72, 4.97, -77.76, 17.9, 28.78, 4.97, -89.83, 29.88, 0.0, 4.99, -111.36, -15.28, -28.78]
[-94.46, -1.1, -28.99, 10.8, 4.97, -77.76, 17.9, 28.78, 4.97, -89.83, 29.88, 0.0, 4.99, -111.36, -15.28, -28.78]
[-94.54, -0.84, -29.16, 10.87, 4.97, -77.76, 17.9, 28.78, 4.97, -89.83, 29.88, 0.0, 4.99, -111.36, -15.28, -28.78]
[-93.62, -2.06, -29.83, 10.95, 4.97, -77.76, 17.9, 28.78, 4.97, -89.83, 29.88, 0.0, 4.99, -111.36, -15.28, -28.78]
[-93.82, -1.61, -29.94, 11.02, 4.97, -77.76, 17.9, 28.78, 4.97, -89.83, 29.88, 0.0, 4.99, -111.36, -15.28, -28.78]
[-94.37, -0.62, -29.86, 11.1, 4.97, -77.76, 17.9, 28.78, 4.97, -89.83, 29.88, 0.0, 4.99, -111.36, -15.28, -28.78]
[-93.67, -1.49, -30.41, 11.17, 4.97, -77.76, 17.9, 28.78, 4.97, -89.83, 29.88, 0.0, 4.99, -111.36, -15.28, -28.78]
[-93.3, -1.88, -30.79, 11.24, 4.97, -77.76, 17.9, 28.78, 4.97, -89.83, 29.88, 0.0, 4.99, -111.36, -15.28, -28.78]
[-93.23, -1.57, -30.6, 11.06, 4.97, -77.76, 17.9, 28.78, 4.97, -89.83, 29.88, 0.0, 4.99, -111.36, -15.28, -28.78]
[-93.35, -0.96, -30.3, 10.87, 4.97, -77.76, 17.9, 28.78, 4.97, -89.83, 29.88, 0.0, 4.99, -111.36, -15.28, -28.78]
[-92.46, -1.88, -30.52, 10.68, 4.97, -77.76, 17.9, 28.78, 4.97, -89.83, 29.88, 0.0, 4.99, -111.36, -15.28, -28.78]
[-92.75, -1.01, -30.14, 10.5, 4.97, -77.76, 17.9, 28.78, 4.97, -89.83, 29.88, 0.0, 4.99, -111.36, -15.28, -28.78]
[-92.05, -1.63, -30.26, 10.32, 4.97, -77.76, 17.9, 28.78, 4.97, -89.83, 29.88, 0.0, 4.99, -111.36, -15.28, -28.78]
[-91.54, -1.96, -30.28, 10.13, 4.97, -77.76, 17.9, 28.78, 4.97, -89.83, 29.88, 0.0, 4.99, -111.36, -15.28, -28.78]
[-91.14, -2.13, -30.24, 9.95, 4.97, -77.76, 17.9, 28.78, 4.97, -89.83, 29.88, 0.0, 4.99, -111.36, -15.28, -28.78]
[-92.05, -0.31, -29.53, 9.77, 4.97, -77.76, 17.9, 28.78, 4.97, -89.83, 29.88, 0.0, 4.99, -111.36, -15.28, -28.78]
[-90.56, -2.11, -30.04, 9.59, 4.97, -77.76, 17.9, 28.78, 4.97, -89.83, 29.88, 0.0, 4.99, -111.36, -15.28, -28.78]
[-90.39, -1.92, -29.88, 9.41, 4.97, -77.76, 17.9, 28.78, 4.97, -89.83, 29.88, 0.0, 4.99, -111.36, -15.28, -28.78]
[-90.33, -1.56, -29.66, 9.23, 4.97, -77.76, 17.9, 28.78, 4.97, -89.83, 29.88, 0.0, 4.99, -111.36, -15.28, -28.78]
[-90.51, -0.83, -29.32, 9.05, 4.97, -77.76, 17.9, 28.78, 4.97, -89.83, 29.88, 0.0, 4.99, -111.36, -15.28, -28.78]
[-89.58, -1.76, -29.53, 8.87, 4.97, -77.76, 17.9, 28.78, 4.97, -89.83, 29.88, 0.0, 4.99, -111.36, -15.28, -28.78]
[-90.03, -0.63, -29.05, 8.69, 4.97, -77.76, 17.9, 28.78, 4.97, -89.83, 29.88, 0.0, 4.99, -111.36, -15.28, -28.78]
[-89.24, -1.35, -29.19, 8.52, 4.97, -77.76, 17.9, 28.78, 4.97, -89.83, 29.88, 0.0, 4.99, -111.36, -15.28, -28.78]
[-88.72, -1.66, -29.19, 8.34, 4.97, -77.76, 17.9, 28.78, 4.97, -89.83, 29.88, 0.0, 4.99, -111.36, -15.28, -28.78]
[-88.32, -1.79, -29.13, 8.17, 4.97, -77.76, 17.9, 28.78, 4.97, -89.83, 29.88, 0.0, 4.99, -111.36, -15.28, -28.78]
[-88.02, -1.78, -29.02, 8.0, 4.97, -77.76, 17.9, 28.78, 4.97, -89.83, 29.88, 0.0, 4.99, -111.36, -15.28, -28.78]
[-87.81, -1.62, -28.86, 7.82, 4.97, -77.76, 17.9, 28.78, 4.97, -89.83, 29.88, 0.0, 4.99, -111.36, -15.28, -28.78]
[-87.73, -1.25, -28.63, 7.65, 4.97, -77.76, 17.9, 28.78, 4.97, -89.83, 29.88, 0.0, 4.99, -111.36, -15.28, -28.78]
[-88.12, -0.18, -28.16, 7.48, 4.97, -77.76, 17.9, 28.78, 4.97, -89.83, 29.88, 0.0, 4.99, -111.36, -15.28, -28.78]
[-86.84, -1.62, -28.54, 7.31, 4.97, -77.76, 17.9, 28.78, 4.97, -89.83, 29.88, 0.0, 4.99, -111.36, -15.28, -28.78]
[-87.42, -0.25, -27.96, 7.14, 4.97, -77.76, 17.9, 28.78, 4.97, -89.83, 29.88, 0.0, 4.99, -111.36, -15.28, -28.78]
[-86.41, -1.28, -28.2, 6.97, 4.97, -77.76, 17.9, 28.78, 4.97, -89.83, 29.88, 0.0, 4.99, -111.36, -15.28, -28.78]
[-85.84, -1.64, -28.21, 6.8, 4.97, -77.76, 17.9, 28.78, 4.97, -89.83, 29.88, 0.0, 4.99, -111.36, -15.28, -28.78]
[-85.4, -1.8, -28.15, 6.63, 4.97, -77.76, 17.9, 28.78, 4.97, -89.83, 29.88, 0.0, 4.99, -111.36, -15.28, -28.78]
[-85.05, -1.81, -28.03, 6.47, 4.97, -77.76, 17.9, 28.78, 4.97, -89.83, 29.88, 0.0, 4.99, -111.36, -15.28, -28.78]
[-84.81, -1.67, -27.87, 6.3, 4.97, -77.76, 17.9, 28.78, 4.97, -89.83, 29.88, 0.0, 4.99, -111.36, -15.28, -28.78]
[-84.69, -1.33, -27.64, 6.14, 4.97, -77.76, 17.9, 28.78, 4.97, -89.83, 29.88, 0.0, 4.99, -111.36, -15.28, -28.78]
[-84.9, -0.5, -27.24, 5.97, 4.97, -77.76, 17.9, 28.78, 4.97, -89.83, 29.88, 0.0, 4.99, -111.36, -15.28, -28.78]
[-83.78, -1.68, -27.51, 5.81, 4.97, -77.76, 17.9, 28.78, 4.97, -89.83, 29.88, 0.0, 4.99, -111.36, -15.28, -28.78]
[-84.23, -0.48, -26.98, 5.65, 4.97, -77.76, 17.9, 28.78, 4.97, -89.83, 29.88, 0.0, 4.99, -111.36, -15.28, -28.78]
[-83.32, -1.31, -27.14, 5.48, 4.97, -77.76, 17.9, 28.78, 4.97, -89.83, 29.88, 0.0, 4.99, -111.36, -15.28, -28.78]
[-82.75, -1.63, -27.13, 5.32, 4.97, -77.76, 17.9, 28.78, 4.97, -89.83, 29.88, 0.0, 4.99, -111.36, -15.28, -28.78]
[-82.32, -1.76, -27.04, 5.16, 4.97, -77.76, 17.9, 28.78, 4.97, -89.83, 29.88, 0.0, 4.99, -111.36, -15.28, -28.78]
[-81.99, -1.72, -26.9, 5.0, 4.97, -77.76, 17.9, 28.78, 4.97, -89.83, 29.88, 0.0, 4.99, -111.36, -15.28, -28.78]
[-81.77, -1.51, -26.7, 4.84, 4.97, -77.76, 17.9, 28.78, 4.97, -89.83, 29.88, 0.0, 4.99, -111.36, -15.28, -28.78]
[-81.73, -1.02, -26.41, 4.69, 4.97, -77.76, 17.9, 28.78, 4.97, -89.83, 29.88, 0.0, 4.99, -111.36, -15.28, -28.78]
[-80.74, -1.96, -26.6, 4.53, 4.97, -77.76, 17.9, 28.78, 4.97, -89.83, 29.88, 0.0, 4.99, -111.36, -15.28, -28.78]
[-80.87, -1.21, -26.21, 4.37, 4.97, -77.76, 17.9, 28.78, 4.97, -89.83, 29.88, 0.0, 4.99, -111.36, -15.28, -28.78]
[-80.13, -1.77, -26.27, 4.22, 4.97, -77.76, 17.9, 28.78, 4.97, -89.83, 29.88, 0.0, 4.99, -111.36, -15.28, -28.78]
[-79.56, -2.06, -26.23, 4.06, 4.97, -77.76, 17.9, 28.78, 4.97, -89.83, 29.88, 0.0, 4.99, -111.36, -15.28, -28.78]
[-80.28, -0.41, -25.53, 3.91, 4.97, -77.76, 17.9, 28.78, 4.97, -89.83, 29.88, 0.0, 4.99, -111.36, -15.28, -28.78]
[-79.97, -0.32, -25.37, 3.75, 4.97, -77.76, 17.9, 28.78, 4.97, -89.83, 29.88, 0.0, 4.99, -111.36, -15.28, -28.78]
[-78.47, -2.0, -25.8, 3.6, 4.97, -77.76, 17.9, 28.78, 4.97, -89.83, 29.88, 0.0, 4.99, -111.36, -15.28, -28.78]
[-78.31, -1.66, -25.54, 3.45, 4.97, -77.76, 17.9, 28.78, 4.97, -89.83, 29.88, 0.0, 4.99, -111.36, -15.28, -28.78]
[-78.39, -0.96, -25.16, 3.29, 4.97, -77.76, 17.9, 28.78, 4.97, -89.83, 29.88, 0.0, 4.99, -111.36, -15.28, -28.78]
[-77.48, -1.73, -25.28, 3.14, 4.97, -77.76, 17.9, 28.78, 4.97, -89.83, 29.88, 0.0, 4.99, -111.36, -15.28, -28.78]
[-76.84, -2.12, -25.26, 2.99, 4.97, -77.76, 17.9, 28.78, 4.97, -89.83, 29.88, 0.0, 4.99, -111.36, -15.28, -28.78]
[-77.25, -0.91, -24.71, 2.84, 4.97, -77.76, 17.9, 28.78, 4.97, -89.83, 29.88, 0.0, 4.99, -111.36, -15.28, -28.78]
[-76.77, -1.03, -24.6, 2.69, 4.97, -77.76, 17.9, 28.78, 4.97, -89.83, 29.88, 0.0, 4.99, -111.36, -15.28, -28.78]
[-76.51, -0.83, -24.38, 2.55, 4.97, -77.76, 17.9, 28.78, 4.97, -89.83, 29.88, 0.0, 4.99, -111.36, -15.28, -28.78]
[-75.29, -2.04, -24.64, 2.4, 4.97, -77.76, 17.9, 28.78, 4.97, -89.83, 29.88, 0.0, 4.99, -111.36, -15.28, -28.78]
[-75.19, -1.58, -24.33, 2.25, 4.97, -77.76, 17.9, 28.78, 4.97, -89.83, 29.88, 0.0, 4.99, -111.36, -15.28, -28.78]
[-75.54, -0.44, -23.79, 2.11, 4.97, -77.76, 17.9, 28.78, 4.97, -89.83, 29.88, 0.0, 4.99, -111.36, -15.28, -28.78]
[-74.55, -1.31, -23.93, 1.96, 4.97, -77.76, 17.9, 28.78, 4.97, -89.83, 29.88, 0.0, 4.99, -111.36, -15.28, -28.78]
[-73.94, -1.6, -23.87, 1.82, 4.97, -77.76, 17.9, 28.78, 4.97, -89.83, 29.88, 0.0, 4.99, -111.36, -15.28, -28.78]
[-73.49, -1.65, -23.73, 1.67, 4.97, -77.76, 17.9, 28.78, 4.97, -89.83, 29.88, 0.0, 4.99, -111.36, -15.28, -28.78]
[-73.17, -1.49, -23.52, 1.53, 4.97, -77.76, 17.9, 28.78, 4.97, -89.83, 29.88, 0.0, 4.99, -111.36, -15.28, -28.78]
[-73.07, -1.01, -23.19, 1.39, 4.97, -77.76, 17.9, 28.78, 4.97, -89.83, 29.88, 0.0, 4.99, -111.36, -15.28, -28.78]
[-72.05, -1.89, -23.32, 1.24, 4.97, -77.76, 17.9, 28.78, 4.97, -89.83, 29.88, 0.0, 4.99, -111.36, -15.28, -28.78]
[-72.23, -0.99, -22.85, 1.1, 4.97, -77.76, 17.9, 28.78, 4.97, -89.83, 29.88, 0.0, 4.99, -111.36, -15.28, -28.78]
[-71.49, -1.44, -22.84, 0.96, 4.97, -77.76, 17.9, 28.78, 4.97, -89.83, 29.88, 0.0, 4.99, -111.36, -15.28, -28.78]
[-70.97, -1.57, -22.71, 0.82, 4.97, -77.76, 17.9, 28.78, 4.97, -89.83, 29.88, 0.0, 4.99, -111.36, -15.28, -28.78]
[-70.6, -1.45, -22.5, 0.68, 4.97, -77.76, 17.9, 28.78, 4.97, -89.83, 29.88, 0.0, 4.99, -111.36, -15.28, -28.78]
[-70.46, -0.99, -22.17, 0.54, 4.97, -77.76, 17.9, 28.78, 4.97, -89.83, 29.88, 0.0, 4.99, -111.36, -15.28, -28.78]
[-69.43, -1.87, -22.29, 0.4, 4.97, -77.76, 17.9, 28.78, 4.97, -89.83, 29.88, 0.0, 4.99, -111.36, -15.28, -28.78]
[-69.61, -0.92, -21.8, 0.27, 4.97, -77.76, 17.9, 28.78, 4.97, -89.83, 29.88, 0.0, 4.99, -111.36, -15.28, -28.78]
[-68.87, -1.34, -21.76, 0.13, 4.97, -77.76, 17.9, 28.78, 4.97, -89.83, 29.88, 0.0, 4.99, -111.36, -15.28, -28.78]
[-68.37, -1.39, -21.6, -0.01, 4.97, -77.76, 17.9, 28.78, 4.97, -89.83, 29.88, 0.0, 4.99, -111.36, -15.28, -28.78]
[-68.09, -1.13, -21.33, -0.14, 4.97, -77.76, 17.9, 28.78, 4.97, -89.83, 29.88, 0.0, 4.99, -111.36, -15.28, -28.78]
[-67.02, -2.03, -21.44, -0.28, 4.97, -77.76, 17.9, 28.78, 4.97, -89.83, 29.88, 0.0, 4.99, -111.36, -15.28, -28.78]
[-67.0, -1.34, -21.03, -0.41, 4.97, -77.76, 17.9, 28.78, 4.97, -89.83, 29.88, 0.0, 4.99, -111.36, -15.28, -28.78]
[-66.28, -1.71, -20.96, -0.54, 4.97, -77.76, 17.9, 28.78, 4.97, -89.83, 29.88, 0.0, 4.99, -111.36, -15.28, -28.78]
[-65.75, -1.79, -20.8, -0.68, 4.97, -77.76, 17.9, 28.78, 4.97, -89.83, 29.88, 0.0, 4.99, -111.36, -15.28, -28.78]
[-65.38, -1.61, -20.54, -0.81, 4.97, -77.76, 17.9, 28.78, 4.97, -89.83, 29.88, 0.0, 4.99, -111.36, -15.28, -28.78]
[-65.26, -1.06, -20.16, -0.94, 4.97, -77.76, 17.9, 28.78, 4.97, -89.83, 29.88, 0.0, 4.99, -111.36, -15.28, -28.78]
[-64.33, -1.72, -20.19, -1.07, 4.97, -77.76, 17.9, 28.78, 4.97, -89.83, 29.88, 0.0, 4.99, -111.36, -15.28, -28.78]
[-63.67, -1.96, -20.07, -1.2, 4.97, -77.76, 17.9, 28.78, 4.97, -89.83, 29.88, 0.0, 4.99, -111.36, -15.28, -28.78]
[-63.17, -1.95, -19.86, -1.33, 4.97, -77.76, 17.9, 28.78, 4.97, -89.83, 29.88, 0.0, 4.99, -111.36, -15.28, -28.78]
[-62.85, -1.68, -19.57, -1.46, 4.97, -77.76, 17.9, 28.78, 4.97, -89.83, 29.88, 0.0, 4.99, -111.36, -15.28, -28.78]
[-62.84, -0.93, -19.11, -1.59, 4.97, -77.76, 17.9, 28.78, 4.97, -89.83, 29.88, 0.0, 4.99, -111.36, -15.28, -28.78]
[-61.98, -1.44, -19.07, -1.72, 4.97, -77.76, 17.9, 28.78, 4.97, -89.83, 29.88, 0.0, 4.99, -111.36, -15.28, -28.78]
[-61.42, -1.5, -18.88, -1.84, 4.97, -77.76, 17.9, 28.78, 4.97, -89.83, 29.88, 0.0, 4.99, -111.36, -15.28, -28.78]
[-61.11, -1.18, -18.56, -1.97, 4.97, -77.76, 17.9, 28.78, 4.97, -89.83, 29.88, 0.0, 4.99, -111.36, -15.28, -28.78]
[-60.1, -1.89, -18.58, -2.1, 4.97, -77.76, 17.9, 28.78, 4.97, -89.83, 29.88, 0.0, 4.99, -111.36, -15.28, -28.78]
[-60.31, -0.77, -17.98, -2.22, 4.97, -77.76, 17.9, 28.78, 4.97, -89.83, 29.88, 0.0, 4.99, -111.36, -15.28, -28.78]
[-59.77, -0.77, -17.76, -2.35, 4.97, -77.76, 17.9, 28.78, 4.97, -89.83, 29.88, 0.0, 4.99, -111.36, -15.28, -28.78]
[-58.49, -1.86, -17.9, -2.47, 4.97, -77.76, 17.9, 28.78, 4.97, -89.83, 29.88, 0.0, 4.99, -111.36, -15.28, -28.78]
[-58.44, -1.1, -17.42, -2.6, 4.97, -77.76, 17.9, 28.78, 4.97, -89.83, 29.88, 0.0, 4.99, -111.36, -15.28, -28.78]
[-57.73, -1.33, -17.26, -2.72, 4.97, -77.76, 17.9, 28.78, 4.97, -89.83, 29.88, 0.0, 4.99, -111.36, -15.28, -28.78]
[-57.35, -1.06, -16.94, -2.84, 4.97, -77.76, 17.9, 28.78, 4.97, -89.83, 29.88, 0.0, 4.99, -111.36, -15.28, -28.78]
[-56.29, -1.78, -16.94, -2.96, 4.97, -77.76, 17.9, 28.78, 4.97, -89.83, 29.88, 0.0, 4.99, -111.36, -15.28, -28.78]
[-56.73, -0.26, -16.19, -3.09, 4.97, -77.76, 17.9, 28.78, 4.97, -89.83, 29.88, 0.0, 4.99, -111.36, -15.28, -28.78]
[-55.08, -1.85, -16.48, -3.21, 4.97, -77.76, 17.9, 28.78, 4.97, -89.83, 29.88, 0.0, 4.99, -111.36, -15.28, -28.78]
[-54.87, -1.28, -16.04, -3.33, 4.97, -77.76, 17.9, 28.78, 4.97, -89.83, 29.88, 0.0, 4.99, -111.36, -15.28, -28.78]
[-54.11, -1.52, -15.87, -3.45, 4.97, -77.76, 17.9, 28.78, 4.97, -89.83, 29.88, 0.0, 4.99, -111.36, -15.28, -28.78]
[-53.68, -1.26, -15.53, -3.57, 4.97, -77.76, 17.9, 28.78, 4.97, -89.83, 29.88, 0.0, 4.99, -111.36, -15.28, -28.78]
[-52.7, -1.8, -15.45, -3.68, 4.97, -77.76, 17.9, 28.78, 4.97, -89.83, 29.88, 0.0, 4.99, -111.36, -15.28, -28.78]
[-52.05, -1.85, -15.21, -3.8, 4.97, -77.76, 17.9, 28.78, 4.97, -89.83, 29.88, 0.0, 4.99, -111.36, -15.28, -28.78]
[-52.05, -1.85, -15.21, -3.8, 4.97, -77.76, 17.9, 28.78, 4.97, -89.83, 29.88, 0.0, 4.99, -111.36, -15.28, -28.78]
[-52.05, -1.85, -15.21, -3.8, 4.97, -77.76, 17.9, 28.78, 4.97, -89.83, 29.88, 0.0, 4.99, -111.36, -15.28, -28.78]
[-52.05, -1.85, -15.21, -3.8, 4.97, -77.76, 17.9, 28.78, 4.97, -89.83, 29.88, 0.0, 4.99, -111.36, -15.28, -28.78]
[-52.05, -1.85, -15.21, -3.8, 4.97, -77.76, 17.9, 28.78, 4.97, -89.83, 29.88, 0.0, 4.99, -111.36, -15.28, -28.78]
[-52.05, -1.85, -15.21, -3.8, 4.97, -77.76, 17.9, 28.78, 4.97, -89.83, 29.88, 0.0, 4.99, -111.36, -15.28, -28.78]
[-52.7, -1.8, -15.45, -3.68, 4.97, -77.76, 17.9, 28.78, 4.97, -89.83, 29.88, 0.0, 4.99, -111.36, -15.28, -28.78]
[-53.68, -1.26, -15.53, -3.57, 4.97, -77.76, 17.9, 28.78, 4.97, -89.83, 29.88, 0.0, 4.99, -111.36, -15.28, -28.78]
[-54.11, -1.52, -15.87, -3.45, 4.97, -77.76, 17.9, 28.78, 4.97, -89.83, 29.88, 0.0, 4.99, -111.36, -15.28, -28.78]
[-54.87, -1.28, -16.04, -3.33, 4.97, -77.76, 17.9, 28.78, 4.97, -89.83, 29.88, 0.0, 4.99, -111.36, -15.28, -28.78]
[-55.08, -1.85, -16.48, -3.21, 4.97, -77.76, 17.9, 28.78, 4.97, -89.83, 29.88, 0.0, 4.99, -111.36, -15.28, -28.78]
[-56.73, -0.26, -16.19, -3.09, 4.97, -77.76, 17.9, 28.78, 4.97, -89.83, 29.88, 0.0, 4.99, -111.36, -15.28, -28.78]
[-56.29, -1.78, -16.94, -2.96, 4.97, -77.76, 17.9, 28.78, 4.97, -89.83, 29.88, 0.0, 4.99, -111.36, -15.28, -28.78]
[-57.35, -1.06, -16.94, -2.84, 4.97, -77.76, 17.9, 28.78, 4.97, -89.83, 29.88, 0.0, 4.99, -111.36, -15.28, -28.78]
[-57.73, -1.33, -17.26, -2.72, 4.97, -77.76, 17.9, 28.78, 4.97, -89.83, 29.88, 0.0, 4.99, -111.36, -15.28, -28.78]
[-58.44, -1.1, -17.42, -2.6, 4.97, -77.76, 17.9, 28.78, 4.97, -89.83, 29.88, 0.0, 4.99, -111.36, -15.28, -28.78]
[-58.49, -1.86, -17.9, -2.47, 4.97, -77.76, 17.9, 28.78, 4.97, -89.83, 29.88, 0.0, 4.99, -111.36, -15.28, -28.78]
[-59.77, -0.77, -17.76, -2.35, 4.97, -77.76, 17.9, 28.78, 4.97, -89.83, 29.88, 0.0, 4.99, -111.36, -15.28, -28.78]
[-60.31, -0.77, -17.98, -2.22, 4.97, -77.76, 17.9, 28.78, 4.97, -89.83, 29.88, 0.0, 4.99, -111.36, -15.28, -28.78]
[-60.1, -1.89, -18.58, -2.1, 4.97, -77.76, 17.9, 28.78, 4.97, -89.83, 29.88, 0.0, 4.99, -111.36, -15.28, -28.78]
[-61.11, -1.18, -18.56, -1.97, 4.97, -77.76, 17.9, 28.78, 4.97, -89.83, 29.88, 0.0, 4.99, -111.36, -15.28, -28.78]
[-61.42, -1.5, -18.88, -1.84, 4.97, -77.76, 17.9, 28.78, 4.97, -89.83, 29.88, 0.0, 4.99, -111.36, -15.28, -28.78]
[-61.98, -1.44, -19.07, -1.72, 4.97, -77.76, 17.9, 28.78, 4.97, -89.83, 29.88, 0.0, 4.99, -111.36, -15.28, -28.78]
[-62.84, -0.93, -19.11, -1.59, 4.97, -77.76, 17.9, 28.78, 4.97, -89.83, 29.88, 0.0, 4.99, -111.36, -15.28, -28.78]
[-62.85, -1.68, -19.57, -1.46, 4.97, -77.76, 17.9, 28.78, 4.97, -89.83, 29.88, 0.0, 4.99, -111.36, -15.28, -28.78]
[-63.17, -1.95, -19.86, -1.33, 4.97, -77.76, 17.9, 28.78, 4.97, -89.83, 29.88, 0.0, 4.99, -111.36, -15.28, -28.78]
[-63.67, -1.96, -20.07, -1.2, 4.97, -77.76, 17.9, 28.78, 4.97, -89.83, 29.88, 0.0, 4.99, -111.36, -15.28, -28.78]
[-64.33, -1.72, -20.19, -1.07, 4.97, -77.76, 17.9, 28.78, 4.97, -89.83, 29.88, 0.0, 4.99, -111.36, -15.28, -28.78]
[-65.26, -1.06, -20.16, -0.94, 4.97, -77.76, 17.9, 28.78, 4.97, -89.83, 29.88, 0.0, 4.99, -111.36, -15.28, -28.78]
[-65.38, -1.61, -20.54, -0.81, 4.97, -77.76, 17.9, 28.78, 4.97, -89.83, 29.88, 0.0, 4.99, -111.36, -15.28, -28.78]
[-65.75, -1.79, -20.8, -0.68, 4.97, -77.76, 17.9, 28.78, 4.97, -89.83, 29.88, 0.0, 4.99, -111.36, -15.28, -28.78]
[-66.28, -1.71, -20.96, -0.54, 4.97, -77.76, 17.9, 28.78, 4.97, -89.83, 29.88, 0.0, 4.99, -111.36, -15.28, -28.78]
[-67.0, -1.34, -21.03, -0.41, 4.97, -77.76, 17.9, 28.78, 4.97, -89.83, 29.88, 0.0, 4.99, -111.36, -15.28, -28.78]
[-67.02, -2.03, -21.44, -0.28, 4.97, -77.76, 17.9, 28.78, 4.97, -89.83, 29.88, 0.0, 4.99, -111.36, -15.28, -28.78]
[-68.09, -1.13, -21.33, -0.14, 4.97, -77.76, 17.9, 28.78, 4.97, -89.83, 29.88, 0.0, 4.99, -111.36, -15.28, -28.78]
[-68.37, -1.39, -21.6, -0.01, 4.97, -77.76, 17.9, 28.78, 4.97, -89.83, 29.88, 0.0, 4.99, -111.36, -15.28, -28.78]
[-68.87, -1.34, -21.76, 0.13, 4.97, -77.76, 17.9, 28.78, 4.97, -89.83, 29.88, 0.0, 4.99, -111.36, -15.28, -28.78]
[-69.61, -0.92, -21.8, 0.27, 4.97, -77.76, 17.9, 28.78, 4.97, -89.83, 29.88, 0.0, 4.99, -111.36, -15.28, -28.78]
[-69.43, -1.87, -22.29, 0.4, 4.97, -77.76, 17.9, 28.78, 4.97, -89.83, 29.88, 0.0, 4.99, -111.36, -15.28, -28.78]
[-70.46, -0.99, -22.17, 0.54, 4.97, -77.76, 17.9, 28.78, 4.97, -89.83, 29.88, 0.0, 4.99, -111.36, -15.28, -28.78]
[-70.6, -1.45, -22.5, 0.68, 4.97, -77.76, 17.9, 28.78, 4.97, -89.83, 29.88, 0.0, 4.99, -111.36, -15.28, -28.78]
[-70.97, -1.57, -22.71, 0.82, 4.97, -77.76, 17.9, 28.78, 4.97, -89.83, 29.88, 0.0, 4.99, -111.36, -15.28, -28.78]
[-71.49, -1.44, -22.84, 0.96, 4.97, -77.76, 17.9, 28.78, 4.97, -89.83, 29.88, 0.0, 4.99, -111.36, -15.28, -28.78]
[-72.23, -0.99, -22.85, 1.1, 4.97, -77.76, 17.9, 28.78, 4.97, -89.83, 29.88, 0.0, 4.99, -111.36, -15.28, -28.78]
[-72.05, -1.89, -23.32, 1.24, 4.97, -77.76, 17.9, 28.78, 4.97, -89.83, 29.88, 0.0, 4.99, -111.36, -15.28, -28.78]
[-73.07, -1.01, -23.19, 1.39, 4.97, -77.76, 17.9, 28.78, 4.97, -89.83, 29.88, 0.0, 4.99, -111.36, -15.28, -28.78]
[-73.17, -1.49, -23.52, 1.53, 4.97, -77.76, 17.9, 28.78, 4.97, -89.83, 29.88, 0.0, 4.99, -111.36, -15.28, -28.78]
[-73.49, -1.65, -23.73, 1.67, 4.97, -77.76, 17.9, 28.78, 4.97, -89.83, 29.88, 0.0, 4.99, -111.36, -15.28, -28.78]
[-73.94, -1.6, -23.87, 1.82, 4.97, -77.76, 17.9, 28.78, 4.97, -89.83, 29.88, 0.0, 4.99, -111.36, -15.28, -28.78]
[-74.55, -1.31, -23.93, 1.96, 4.97, -77.76, 17.9, 28.78, 4.97, -89.83, 29.88, 0.0, 4.99, -111.36, -15.28, -28.78]
[-75.54, -0.44, -23.79, 2.11, 4.97, -77.76, 17.9, 28.78, 4.97, -89.83, 29.88, 0.0, 4.99, -111.36, -15.28, -28.78]
[-75.19, -1.58, -24.33, 2.25, 4.97, -77.76, 17.9, 28.78, 4.97, -89.83, 29.88, 0.0, 4.99, -111.36, -15.28, -28.78]
[-75.29, -2.04, -24.64, 2.4, 4.97, -77.76, 17.9, 28.78, 4.97, -89.83, 29.88, 0.0, 4.99, -111.36, -15.28, -28.78]
[-76.51, -0.83, -24.38, 2.55, 4.97, -77.76, 17.9, 28.78, 4.97, -89.83, 29.88, 0.0, 4.99, -111.36, -15.28, -28.78]
[-76.77, -1.03, -24.6, 2.69, 4.97, -77.76, 17.9, 28.78, 4.97, -89.83, 29.88, 0.0, 4.99, -111.36, -15.28, -28.78]
[-77.25, -0.91, -24.71, 2.84, 4.97, -77.76, 17.9, 28.78, 4.97, -89.83, 29.88, 0.0, 4.99, -111.36, -15.28, -28.78]
[-76.84, -2.12, -25.26, 2.99, 4.97, -77.76, 17.9, 28.78, 4.97, -89.83, 29.88, 0.0, 4.99, -111.36, -15.28, -28.78]
[-77.48, -1.73, -25.28, 3.14, 4.97, -77.76, 17.9, 28.78, 4.97, -89.83, 29.88, 0.0, 4.99, -111.36, -15.28, -28.78]
[-78.39, -0.96, -25.16, 3.29, 4.97, -77.76, 17.9, 28.78, 4.97, -89.83, 29.88, 0.0, 4.99, -111.36, -15.28, -28.78]
[-78.31, -1.66, -25.54, 3.45, 4.97, -77.76, 17.9, 28.78, 4.97, -89.83, 29.88, 0.0, 4.99, -111.36, -15.28, -28.78]
[-78.47, -2.0, -25.8, 3.6, 4.97, -77.76, 17.9, 28.78, 4.97, -89.83, 29.88, 0.0, 4.99, -111.36, -15.28, -28.78]
[-79.97, -0.32, -25.37, 3.75, 4.97, -77.76, 17.9, 28.78, 4.97, -89.83, 29.88, 0.0, 4.99, -111.36, -15.28, -28.78]
[-80.28, -0.41, -25.53, 3.91, 4.97, -77.76, 17.9, 28.78, 4.97, -89.83, 29.88, 0.0, 4.99, -111.36, -15.28, -28.78]
[-79.56, -2.06, -26.23, 4.06, 4.97, -77.76, 17.9, 28.78, 4.97, -89.83, 29.88, 0.0, 4.99, -111.36, -15.28, -28.78]
[-80.13, -1.77, -26.27, 4.22, 4.97, -77.76, 17.9, 28.78, 4.97, -89.83, 29.88, 0.0, 4.99, -111.36, -15.28, -28.78]
[-80.87, -1.21, -26.21, 4.37, 4.97, -77.76, 17.9, 28.78, 4.97, -89.83, 29.88, 0.0, 4.99, -111.36, -15.28, -28.78]
[-80.74, -1.96, -26.6, 4.53, 4.97, -77.76, 17.9, 28.78, 4.97, -89.83, 29.88, 0.0, 4.99, -111.36, -15.28, -28.78]
[-81.73, -1.02, -26.41, 4.69, 4.97, -77.76, 17.9, 28.78, 4.97, -89.83, 29.88, 0.0, 4.99, -111.36, -15.28, -28.78]
[-81.77, -1.51, -26.7, 4.84, 4.97, -77.76, 17.9, 28.78, 4.97, -89.83, 29.88, 0.0, 4.99, -111.36, -15.28, -28.78]
[-81.99, -1.72, -26.9, 5.0, 4.97, -77.76, 17.9, 28.78, 4.97, -89.83, 29.88, 0.0, 4.99, -111.36, -15.28, -28.78]
[-82.32, -1.76, -27.04, 5.16, 4.97, -77.76, 17.9, 28.78, 4.97, -89.83, 29.88, 0.0, 4.99, -111.36, -15.28, -28.78]
[-82.75, -1.63, -27.13, 5.32, 4.97, -77.76, 17.9, 28.78, 4.97, -89.83, 29.88, 0.0, 4.99, -111.36, -15.28, -28.78]
[-83.32, -1.31, -27.14, 5.48, 4.97, -77.76, 17.9, 28.78, 4.97, -89.83, 29.88, 0.0, 4.99, -111.36, -15.28, -28.78]
[-84.23, -0.48, -26.98, 5.65, 4.97, -77.76, 17.9, 28.78, 4.97, -89.83, 29.88, 0.0, 4.99, -111.36, -15.28, -28.78]
[-83.78, -1.68, -27.51, 5.81, 4.97, -77.76, 17.9, 28.78, 4.97, -89.83, 29.88, 0.0, 4.99, -111.36, -15.28, -28.78]
[-84.9, -0.5, -27.24, 5.97, 4.97, -77.76, 17.9, 28.78, 4.97, -89.83, 29.88, 0.0, 4.99, -111.36, -15.28, -28.78]
[-84.69, -1.33, -27.64, 6.14, 4.97, -77.76, 17.9, 28.78, 4.97, -89.83, 29.88, 0.0, 4.99, -111.36, -15.28, -28.78]
[-84.81, -1.67, -27.87, 6.3, 4.97, -77.76, 17.9, 28.78, 4.97, -89.83, 29.88, 0.0, 4.99, -111.36, -15.28, -28.78]
[-85.05, -1.81, -28.03, 6.47, 4.97, -77.76, 17.9, 28.78, 4.97, -89.83, 29.88, 0.0, 4.99, -111.36, -15.28, -28.78]
[-85.4, -1.8, -28.15, 6.63, 4.97, -77.76, 17.9, 28.78, 4.97, -89.83, 29.88, 0.0, 4.99, -111.36, -15.28, -28.78]
[-85.84, -1.64, -28.21, 6.8, 4.97, -77.76, 17.9, 28.78, 4.97, -89.83, 29.88, 0.0, 4.99, -111.36, -15.28, -28.78]
[-86.41, -1.28, -28.2, 6.97, 4.97, -77.76, 17.9, 28.78, 4.97, -89.83, 29.88, 0.0, 4.99, -111.36, -15.28, -28.78]
[-87.42, -0.25, -27.96, 7.14, 4.97, -77.76, 17.9, 28.78, 4.97, -89.83, 29.88, 0.0, 4.99, -111.36, -15.28, -28.78]
[-86.84, -1.62, -28.54, 7.31, 4.97, -77.76, 17.9, 28.78, 4.97, -89.83, 29.88, 0.0, 4.99, -111.36, -15.28, -28.78]
[-88.12, -0.18, -28.16, 7.48, 4.97, -77.76, 17.9, 28.78, 4.97, -89.83, 29.88, 0.0, 4.99, -111.36, -15.28, -28.78]
[-87.73, -1.25, -28.63, 7.65, 4.97, -77.76, 17.9, 28.78, 4.97, -89.83, 29.88, 0.0, 4.99, -111.36, -15.28, -28.78]
[-87.81, -1.62, -28.86, 7.82, 4.97, -77.76, 17.9, 28.78, 4.97, -89.83, 29.88, 0.0, 4.99, -111.36, -15.28, -28.78]
[-88.02, -1.78, -29.02, 8.0, 4.97, -77.76, 17.9, 28.78, 4.97, -89.83, 29.88, 0.0, 4.99, -111.36, -15.28, -28.78]
[-88.32, -1.79, -29.13, 8.17, 4.97, -77.76, 17.9, 28.78, 4.97, -89.83, 29.88, 0.0, 4.99, -111.36, -15.28, -28.78]
[-88.72, -1.66, -29.19, 8.34, 4.97, -77.76, 17.9, 28.78, 4.97, -89.83, 29.88, 0.0, 4.99, -111.36, -15.28, -28.78]
[-89.24, -1.35, -29.19, 8.52, 4.97, -77.76, 17.9, 28.78, 4.97, -89.83, 29.88, 0.0, 4.99, -111.36, -15.28, -28.78]
[-90.03, -0.63, -29.05, 8.69, 4.97, -77.76, 17.9, 28.78, 4.97, -89.83, 29.88, 0.0, 4.99, -111.36, -15.28, -28.78]
[-89.58, -1.76, -29.53, 8.87, 4.97, -77.76, 17.9, 28.78, 4.97, -89.83, 29.88, 0.0, 4.99, -111.36, -15.28, -28.78]
[-90.51, -0.83, -29.32, 9.05, 4.97, -77.76, 17.9, 28.78, 4.97, -89.83, 29.88, 0.0, 4.99, -111.36, -15.28, -28.78]
[-90.33, -1.56, -29.66, 9.23, 4.97, -77.76, 17.9, 28.78, 4.97, -89.83, 29.88, 0.0, 4.99, -111.36, -15.28, -28.78]
[-90.39, -1.92, -29.88, 9.41, 4.97, -77.76, 17.9, 28.78, 4.97, -89.83, 29.88, 0.0, 4.99, -111.36, -15.28, -28.78]
[-90.56, -2.11, -30.04, 9.59, 4.97, -77.76, 17.9, 28.78, 4.97, -89.83, 29.88, 0.0, 4.99, -111.36, -15.28, -28.78]
[-92.05, -0.31, -29.53, 9.77, 4.97, -77.76, 17.9, 28.78, 4.97, -89.83, 29.88, 0.0, 4.99, -111.36, -15.28, -28.78]
[-91.14, -2.13, -30.24, 9.95, 4.97, -77.76, 17.9, 28.78, 4.97, -89.83, 29.88, 0.0, 4.99, -111.36, -15.28, -28.78]
[-91.54, -1.96, -30.28, 10.13, 4.97, -77.76, 17.9, 28.78, 4.97, -89.83, 29.88, 0.0, 4.99, -111.36, -15.28, -28.78]
[-92.05, -1.63, -30.26, 10.32, 4.97, -77.76, 17.9, 28.78, 4.97, -89.83, 29.88, 0.0, 4.99, -111.36, -15.28, -28.78]
[-92.75, -1.01, -30.14, 10.5, 4.97, -77.76, 17.9, 28.78, 4.97, -89.83, 29.88, 0.0, 4.99, -111.36, -15.28, -28.78]
[-92.46, -1.88, -30.52, 10.68, 4.97, -77.76, 17.9, 28.78, 4.97, -89.83, 29.88, 0.0, 4.99, -111.36, -15.28, -28.78]
[-93.35, -0.96, -30.3, 10.87, 4.97, -77.76, 17.9, 28.78, 4.97, -89.83, 29.88, 0.0, 4.99, -111.36, -15.28, -28.78]
[-93.23, -1.57, -30.6, 11.06, 4.97, -77.76, 17.9, 28.78, 4.97, -89.83, 29.88, 0.0, 4.99, -111.36, -15.28, -28.78]
[-93.3, -1.88, -30.79, 11.24, 4.97, -77.76, 17.9, 28.78, 4.97, -89.83, 29.88, 0.0, 4.99, -111.36, -15.28, -28.78]
[-93.3, -1.88, -30.79, 11.24, 4.97, -77.76, 17.9, 28.78, 4.97, -89.83, 29.88, 0.0, 4.99, -111.36, -15.28, -28.78]
[-93.3, -1.88, -30.79, 11.24, 4.97, -77.76, 17.9, 28.78, 4.97, -89.83, 29.88, 0.0, 4.99, -111.36, -15.28, -28.78]
[-93.3, -1.88, -30.79, 11.24, 4.97, -77.76, 17.9, 28.78, 4.97, -89.83, 29.88, 0.0, 4.99, -111.36, -15.28, -28.78]
[-93.3, -1.88, -30.79, 11.24, 4.97, -77.76, 17.9, 28.78, 4.97, -89.83, 29.88, 0.0, 4.99, -111.36, -15.28, -28.78]
[-93.3, -1.88, -30.79, 11.24, 4.97, -77.76, 17.9, 28.78, 4.97, -89.83, 29.88, 0.0, 4.99, -111.36, -15.28, -28.78]
[-93.23, -1.57, -30.6, 11.06, 4.97, -77.76, 17.9, 28.78, 4.97, -89.83, 29.88, 0.0, 4.99, -111.36, -15.28, -28.78]
[-93.35, -0.96, -30.3, 10.87, 4.97, -77.76, 17.9, 28.78, 4.97, -89.83, 29.88, 0.0, 4.99, -111.36, -15.28, -28.78]
[-92.46, -1.88, -30.52, 10.68, 4.97, -77.76, 17.9, 28.78, 4.97, -89.83, 29.88, 0.0, 4.99, -111.36, -15.28, -28.78]
[-92.75, -1.01, -30.14, 10.5, 4.97, -77.76, 17.9, 28.78, 4.97, -89.83, 29.88, 0.0, 4.99, -111.36, -15.28, -28.78]
[-92.05, -1.63, -30.26, 10.32, 4.97, -77.76, 17.9, 28.78, 4.97, -89.83, 29.88, 0.0, 4.99, -111.36, -15.28, -28.78]
[-91.54, -1.96, -30.28, 10.13, 4.97, -77.76, 17.9, 28.78, 4.97, -89.83, 29.88, 0.0, 4.99, -111.36, -15.28, -28.78]
[-91.14, -2.13, -30.24, 9.95, 4.97, -77.76, 17.9, 28.78, 4.97, -89.83, 29.88, 0.0, 4.99, -111.36, -15.28, -28.78]
[-92.05, -0.31, -29.53, 9.77, 4.97, -77.76, 17.9, 28.78, 4.97, -89.83, 29.88, 0.0, 4.99, -111.36, -15.28, -28.78]
[-90.56, -2.11, -30.04, 9.59, 4.97, -77.76, 17.9, 28.78, 4.97, -89.83, 29.88, 0.0, 4.99, -111.36, -15.28, -28.78]
[-90.39, -1.92, -29.88, 9.41, 4.97, -77.76, 17.9, 28.78, 4.97, -89.83, 29.88, 0.0, 4.99, -111.36, -15.28, -28.78]
[-90.33, -1.56, -29.66, 9.23, 4.97, -77.76, 17.9, 28.78, 4.97, -89.83, 29.88, 0.0, 4.99, -111.36, -15.28, -28.78]
[-90.51, -0.83, -29.32, 9.05, 4.97, -77.76, 17.9, 28.78, 4.97, -89.83, 29.88, 0.0, 4.99, -111.36, -15.28, -28.78]
[-89.58, -1.76, -29.53, 8.87, 4.97, -77.76, 17.9, 28.78, 4.97, -89.83, 29.88, 0.0, 4.99, -111.36, -15.28, -28.78]
[-90.03, -0.63, -29.05, 8.69, 4.97, -77.76, 17.9, 28.78, 4.97, -89.83, 29.88, 0.0, 4.99, -111.36, -15.28, -28.78]
[-89.24, -1.35, -29.19, 8.52, 4.97, -77.76, 17.9, 28.78, 4.97, -89.83, 29.88, 0.0, 4.99, -111.36, -15.28, -28.78]
[-88.72, -1.66, -29.19, 8.34, 4.97, -77.76, 17.9, 28.78, 4.97, -89.83, 29.88, 0.0, 4.99, -111.36, -15.28, -28.78]
[-88.32, -1.79, -29.13, 8.17, 4.97, -77.76, 17.9, 28.78, 4.97, -89.83, 29.88, 0.0, 4.99, -111.36, -15.28, -28.78]
[-88.02, -1.78, -29.02, 8.0, 4.97, -77.76, 17.9, 28.78, 4.97, -89.83, 29.88, 0.0, 4.99, -111.36, -15.28, -28.78]
[-87.81, -1.62, -28.86, 7.82, 4.97, -77.76, 17.9, 28.78, 4.97, -89.83, 29.88, 0.0, 4.99, -111.36, -15.28, -28.78]
[-87.73, -1.25, -28.63, 7.65, 4.97, -77.76, 17.9, 28.78, 4.97, -89.83, 29.88, 0.0, 4.99, -111.36, -15.28, -28.78]
[-88.12, -0.18, -28.16, 7.48, 4.97, -77.76, 17.9, 28.78, 4.97, -89.83, 29.88, 0.0, 4.99, -111.36, -15.28, -28.78]
[-86.84, -1.62, -28.54, 7.31, 4.97, -77.76, 17.9, 28.78, 4.97, -89.83, 29.88, 0.0, 4.99, -111.36, -15.28, -28.78]
[-87.42, -0.25, -27.96, 7.14, 4.97, -77.76, 17.9, 28.78, 4.97, -89.83, 29.88, 0.0, 4.99, -111.36, -15.28, -28.78]
[-86.41, -1.28, -28.2, 6.97, 4.97, -77.76, 17.9, 28.78, 4.97, -89.83, 29.88, 0.0, 4.99, -111.36, -15.28, -28.78]
[-85.84, -1.64, -28.21, 6.8, 4.97, -77.76, 17.9, 28.78, 4.97, -89.83, 29.88, 0.0, 4.99, -111.36, -15.28, -28.78]
[-85.4, -1.8, -28.15, 6.63, 4.97, -77.76, 17.9, 28.78, 4.97, -89.83, 29.88, 0.0, 4.99, -111.36, -15.28, -28.78]
[-85.05, -1.81, -28.03, 6.47, 4.97, -77.76, 17.9, 28.78, 4.97, -89.83, 29.88, 0.0, 4.99, -111.36, -15.28, -28.78]
[-84.81, -1.67, -27.87, 6.3, 4.97, -77.76, 17.9, 28.78, 4.97, -89.83, 29.88, 0.0, 4.99, -111.36, -15.28, -28.78]
[-84.69, -1.33, -27.64, 6.14, 4.97, -77.76, 17.9, 28.78, 4.97, -89.83, 29.88, 0.0, 4.99, -111.36, -15.28, -28.78]
[-84.9, -0.5, -27.24, 5.97, 4.97, -77.76, 17.9, 28.78, 4.97, -89.83, 29.88, 0.0, 4.99, -111.36, -15.28, -28.78]
[-83.78, -1.68, -27.51, 5.81, 4.97, -77.76, 17.9, 28.78, 4.97, -89.83, 29.88, 0.0, 4.99, -111.36, -15.28, -28.78]
[-84.23, -0.48, -26.98, 5.65, 4.97, -77.76, 17.9, 28.78, 4.97, -89.83, 29.88, 0.0, 4.99, -111.36, -15.28, -28.78]
[-83.32, -1.31, -27.14, 5.48, 4.97, -77.76, 17.9, 28.78, 4.97, -89.83, 29.88, 0.0, 4.99, -111.36, -15.28, -28.78]
[-82.75, -1.63, -27.13, 5.32, 4.97, -77.76, 17.9, 28.78, 4.97, -89.83, 29.88, 0.0, 4.99, -111.36, -15.28, -28.78]
[-82.32, -1.76, -27.04, 5.16, 4.97, -77.76, 17.9, 28.78, 4.97, -89.83, 29.88, 0.0, 4.99, -111.36, -15.28, -28.78]
[-81.99, -1.72, -26.9, 5.0, 4.97, -77.76, 17.9, 28.78, 4.97, -89.83, 29.88, 0.0, 4.99, -111.36, -15.28, -28.78]
[-81.77, -1.51, -26.7, 4.84, 4.97, -77.76, 17.9, 28.78, 4.97, -89.83, 29.88, 0.0, 4.99, -111.36, -15.28, -28.78]
[-81.73, -1.02, -26.41, 4.69, 4.97, -77.76, 17.9, 28.78, 4.97, -89.83, 29.88, 0.0, 4.99, -111.36, -15.28, -28.78]
[-80.74, -1.96, -26.6, 4.53, 4.97, -77.76, 17.9, 28.78, 4.97, -89.83, 29.88, 0.0, 4.99, -111.36, -15.28, -28.78]
[-80.87, -1.21, -26.21, 4.37, 4.97, -77.76, 17.9, 28.78, 4.97, -89.83, 29.88, 0.0, 4.99, -111.36, -15.28, -28.78]
[-80.13, -1.77, -26.27, 4.22, 4.97, -77.76, 17.9, 28.78, 4.97, -89.83, 29.88, 0.0, 4.99, -111.36, -15.28, -28.78]
[-79.56, -2.06, -26.23, 4.06, 4.97, -77.76, 17.9, 28.78, 4.97, -89.83, 29.88, 0.0, 4.99, -111.36, -15.28, -28.78]
[-80.28, -0.41, -25.53, 3.91, 4.97, -77.76, 17.9, 28.78, 4.97, -89.83, 29.88, 0.0, 4.99, -111.36, -15.28, -28.78]
[-79.97, -0.32, -25.37, 3.75, 4.97, -77.76, 17.9, 28.78, 4.97, -89.83, 29.88, 0.0, 4.99, -111.36, -15.28, -28.78]
[-78.47, -2.0, -25.8, 3.6, 4.97, -77.76, 17.9, 28.78, 4.97, -89.83, 29.88, 0.0, 4.99, -111.36, -15.28, -28.78]
[-78.31, -1.66, -25.54, 3.45, 4.97, -77.76, 17.9, 28.78, 4.97, -89.83, 29.88, 0.0, 4.99, -111.36, -15.28, -28.78]
[-78.39, -0.96, -25.16, 3.29, 4.97, -77.76, 17.9, 28.78, 4.97, -89.83, 29.88, 0.0, 4.99, -111.36, -15.28, -28.78]
[-77.48, -1.73, -25.28, 3.14, 4.97, -77.76, 17.9, 28.78, 4.97, -89.83, 29.88, 0.0, 4.99, -111.36, -15.28, -28.78]
[-76.84, -2.12, -25.26, 2.99, 4.97, -77.76, 17.9, 28.78, 4.97, -89.83, 29.88, 0.0, 4.99, -111.36, -15.28, -28.78]
[-77.25, -0.91, -24.71, 2.84, 4.97, -77.76, 17.9, 28.78, 4.97, -89.83, 29.88, 0.0, 4.99, -111.36, -15.28, -28.78]
[-76.77, -1.03, -24.6, 2.69, 4.97, -77.76, 17.9, 28.78, 4.97, -89.83, 29.88, 0.0, 4.99, -111.36, -15.28, -28.78]
[-76.51, -0.83, -24.38, 2.55, 4.97, -77.76, 17.9, 28.78, 4.97, -89.83, 29.88, 0.0, 4.99, -111.36, -15.28, -28.78]
[-75.29, -2.04, -24.64, 2.4, 4.97, -77.76, 17.9, 28.78, 4.97, -89.83, 29.88, 0.0, 4.99, -111.36, -15.28, -28.78]
[-75.19, -1.58, -24.33, 2.25, 4.97, -77.76, 17.9, 28.78, 4.97, -89.83, 29.88, 0.0, 4.99, -111.36, -15.28, -28.78]
[-75.54, -0.44, -23.79, 2.11, 4.97, -77.76, 17.9, 28.78, 4.97, -89.83, 29.88, 0.0, 4.99, -111.36, -15.28, -28.78]
[-74.55, -1.31, -23.93, 1.96, 4.97, -77.76, 17.9, 28.78, 4.97, -89.83, 29.88, 0.0, 4.99, -111.36, -15.28, -28.78]
[-73.94, -1.6, -23.87, 1.82, 4.97, -77.76, 17.9, 28.78, 4.97, -89.83, 29.88, 0.0, 4.99, -111.36, -15.28, -28.78]
[-73.49, -1.65, -23.73, 1.67, 4.97, -77.76, 17.9, 28.78, 4.97, -89.83, 29.88, 0.0, 4.99, -111.36, -15.28, -28.78]
[-73.17, -1.49, -23.52, 1.53, 4.97, -77.76, 17.9, 28.78, 4.97, -89.83, 29.88, 0.0, 4.99, -111.36, -15.28, -28.78]
[-73.07, -1.01, -23.19, 1.39, 4.97, -77.76, 17.9, 28.78, 4.97, -89.83, 29.88, 0.0, 4.99, -111.36, -15.28, -28.78]
[-72.05, -1.89, -23.32, 1.24, 4.97, -77.76, 17.9, 28.78, 4.97, -89.83, 29.88, 0.0, 4.99, -111.36, -15.28, -28.78]
[-72.23, -0.99, -22.85, 1.1, 4.97, -77.76, 17.9, 28.78, 4.97, -89.83, 29.88, 0.0, 4.99, -111.36, -15.28, -28.78]
[-71.49, -1.44, -22.84, 0.96, 4.97, -77.76, 17.9, 28.78, 4.97, -89.83, 29.88, 0.0, 4.99, -111.36, -15.28, -28.78]
[-70.97, -1.57, -22.71, 0.82, 4.97, -77.76, 17.9, 28.78, 4.97, -89.83, 29.88, 0.0, 4.99, -111.36, -15.28, -28.78]
[-70.6, -1.45, -22.5, 0.68, 4.97, -77.76, 17.9, 28.78, 4.97, -89.83, 29.88, 0.0, 4.99, -111.36, -15.28, -28.78]
[-70.46, -0.99, -22.17, 0.54, 4.97, -77.76, 17.9, 28.78, 4.97, -89.83, 29.88, 0.0, 4.99, -111.36, -15.28, -28.78]
[-69.43, -1.87, -22.29, 0.4, 4.97, -77.76, 17.9, 28.78, 4.97, -89.83, 29.88, 0.0, 4.99, -111.36, -15.28, -28.78]
[-69.61, -0.92, -21.8, 0.27, 4.97, -77.76, 17.9, 28.78, 4.97, -89.83, 29.88, 0.0, 4.99, -111.36, -15.28, -28.78]
[-68.87, -1.34, -21.76, 0.13, 4.97, -77.76, 17.9, 28.78, 4.97, -89.83, 29.88, 0.0, 4.99, -111.36, -15.28, -28.78]
[-68.37, -1.39, -21.6, -0.01, 4.97, -77.76, 17.9, 28.78, 4.97, -89.83, 29.88, 0.0, 4.99, -111.36, -15.28, -28.78]
[-68.09, -1.13, -21.33, -0.14, 4.97, -77.76, 17.9, 28.78, 4.97, -89.83, 29.88, 0.0, 4.99, -111.36, -15.28, -28.78]
[-67.02, -2.03, -21.44, -0.28, 4.97, -77.76, 17.9, 28.78, 4.97, -89.83, 29.88, 0.0, 4.99, -111.36, -15.28, -28.78]
[-67.0, -1.34, -21.03, -0.41, 4.97, -77.76, 17.9, 28.78, 4.97, -89.83, 29.88, 0.0, 4.99, -111.36, -15.28, -28.78]
[-66.28, -1.71, -20.96, -0.54, 4.97, -77.76, 17.9, 28.78, 4.97, -89.83, 29.88, 0.0, 4.99, -111.36, -15.28, -28.78]
[-65.75, -1.79, -20.8, -0.68, 4.97, -77.76, 17.9, 28.78, 4.97, -89.83, 29.88, 0.0, 4.99, -111.36, -15.28, -28.78]
[-65.38, -1.61, -20.54, -0.81, 4.97, -77.76, 17.9, 28.78, 4.97, -89.83, 29.88, 0.0, 4.99, -111.36, -15.28, -28.78]
[-65.26, -1.06, -20.16, -0.94, 4.97, -77.76, 17.9, 28.78, 4.97, -89.83, 29.88, 0.0, 4.99, -111.36, -15.28, -28.78]
[-64.33, -1.72, -20.19, -1.07, 4.97, -77.76, 17.9, 28.78, 4.97, -89.83, 29.88, 0.0, 4.99, -111.36, -15.28, -28.78]
[-63.67, -1.96, -20.07, -1.2, 4.97, -77.76, 17.9, 28.78, 4.97, -89.83, 29.88, 0.0, 4.99, -111.36, -15.28, -28.78]
[-63.17, -1.95, -19.86, -1.33, 4.97, -77.76, 17.9, 28.78, 4.97, -89.83, 29.88, 0.0, 4.99, -111.36, -15.28, -28.78]
[-62.85, -1.68, -19.57, -1.46, 4.97, -77.76, 17.9, 28.78, 4.97, -89.83, 29.88, 0.0, 4.99, -111.36, -15.28, -28.78]
[-62.84, -0.93, -19.11, -1.59, 4.97, -77.76, 17.9, 28.78, 4.97, -89.83, 29.88, 0.0, 4.99, -111.36, -15.28, -28.78]
[-61.98, -1.44, -19.07, -1.72, 4.97, -77.76, 17.9, 28.78, 4.97, -89.83, 29.88, 0.0, 4.99, -111.36, -15.28, -28.78]
[-61.42, -1.5, -18.88, -1.84, 4.97, -77.76, 17.9, 28.78, 4.97, -89.83, 29.88, 0.0, 4.99, -111.36, -15.28, -28.78]
[-61.11, -1.18, -18.56, -1.97, 4.97, -77.76, 17.9, 28.78, 4.97, -89.83, 29.88, 0.0, 4.99, -111.36, -15.28, -28.78]
[-60.1, -1.89, -18.58, -2.1, 4.97, -77.76, 17.9, 28.78, 4.97, -89.83, 29.88, 0.0, 4.99, -111.36, -15.28, -28.78]
[-60.31, -0.77, -17.98, -2.22, 4.97, -77.76, 17.9, 28.78, 4.97, -89.83, 29.88, 0.0, 4.99, -111.36, -15.28, -28.78]
[-59.77, -0.77, -17.76, -2.35, 4.97, -77.76, 17.9, 28.78, 4.97, -89.83, 29.88, 0.0, 4.99, -111.36, -15.28, -28.78]
[-58.49, -1.86, -17.9, -2.47, 4.97, -77.76, 17.9, 28.78, 4.97, -89.83, 29.88, 0.0, 4.99, -111.36, -15.28, -28.78]
[-58.44, -1.1, -17.42, -2.6, 4.97, -77.76, 17.9, 28.78, 4.97, -89.83, 29.88, 0.0, 4.99, -111.36, -15.28, -28.78]
[-57.73, -1.33, -17.26, -2.72, 4.97, -77.76, 17.9, 28.78, 4.97, -89.83, 29.88, 0.0, 4.99, -111.36, -15.28, -28.78]
[-57.35, -1.06, -16.94, -2.84, 4.97, -77.76, 17.9, 28.78, 4.97, -89.83, 29.88, 0.0, 4.99, -111.36, -15.28, -28.78]
[-56.29, -1.78, -16.94, -2.96, 4.97, -77.76, 17.9, 28.78, 4.97, -89.83, 29.88, 0.0, 4.99, -111.36, -15.28, -28.78]
[-56.73, -0.26, -16.19, -3.09, 4.97, -77.76, 17.9, 28.78, 4.97, -89.83, 29.88, 0.0, 4.99, -111.36, -15.28, -28.78]
[-55.08, -1.85, -16.48, -3.21, 4.97, -77.76, 17.9, 28.78, 4.97, -89.83, 29.88, 0.0, 4.99, -111.36, -15.28, -28.78]
[-54.87, -1.28, -16.04, -3.33, 4.97, -77.76, 17.9, 28.78, 4.97, -89.83, 29.88, 0.0, 4.99, -111.36, -15.28, -28.78]
[-54.11, -1.52, -15.87, -3.45, 4.97, -77.76, 17.9, 28.78, 4.97, -89.83, 29.88, 0.0, 4.99, -111.36, -15.28, -28.78]
[-53.68, -1.26, -15.53, -3.57, 4.97, -77.76, 17.9, 28.78, 4.97, -89.83, 29.88, 0.0, 4.99, -111.36, -15.28, -28.78]
[-52.7, -1.8, -15.45, -3.68, 4.97, -77.76, 17.9, 28.78, 4.97, -89.83, 29.88, 0.0, 4.99, -111.36, -15.28, -28.78]
[-52.05, -1.85, -15.21, -3.8, 4.97, -77.76, 17.9, 28.78, 4.97, -89.83, 29.88, 0.0, 4.99, -111.36, -15.28, -28.78]
[-52.05, -1.85, -15.21, -3.8, 4.97, -77.76, 17.9, 28.78, 4.97, -89.83, 29.88, 0.0, 4.99, -111.36, -15.28, -28.78]
[-52.05, -1.85, -15.21, -3.8, 4.97, -77.76, 17.9, 28.78, 4.97, -89.83, 29.88, 0.0, 4.99, -111.36, -15.28, -28.78]
[-52.05, -1.85, -15.21, -3.8, 4.97, -77.76, 17.9, 28.78, 4.97, -89.83, 29.88, 0.0, 4.99, -111.36, -15.28, -28.78]
[-52.05, -1.85, -15.21, -3.8, 4.97, -77.76, 17.9, 28.78, 4.97, -89.83, 29.88, 0.0, 4.99, -111.36, -15.28, -28.78]
[-52.05, -1.85, -15.21, -3.8, 4.97, -77.76, 17.9, 28.78, 4.97, -89.83, 29.88, 0.0, 4.99, -111.36, -15.28, -28.78]
[-52.7, -1.8, -15.45, -3.68, 4.97, -77.76, 17.9, 28.78, 4.97, -89.83, 29.88, 0.0, 4.99, -111.36, -15.28, -28.78]
[-53.68, -1.26, -15.53, -3.57, 4.97, -77.76, 17.9, 28.78, 4.97, -89.83, 29.88, 0.0, 4.99, -111.36, -15.28, -28.78]
[-54.11, -1.52, -15.87, -3.45, 4.97, -77.76, 17.9, 28.78, 4.97, -89.83, 29.88, 0.0, 4.99, -111.36, -15.28, -28.78]
[-54.87, -1.28, -16.04, -3.33, 4.97, -77.76, 17.9, 28.78, 4.97, -89.83, 29.88, 0.0, 4.99, -111.36, -15.28, -28.78]
[-55.08, -1.85, -16.48, -3.21, 4.97, -77.76, 17.9, 28.78, 4.97, -89.83, 29.88, 0.0, 4.99, -111.36, -15.28, -28.78]
[-56.73, -0.26, -16.19, -3.09, 4.97, -77.76, 17.9, 28.78, 4.97, -89.83, 29.88, 0.0, 4.99, -111.36, -15.28, -28.78]
[-56.29, -1.78, -16.94, -2.96, 4.97, -77.76, 17.9, 28.78, 4.97, -89.83, 29.88, 0.0, 4.99, -111.36, -15.28, -28.78]
[-57.35, -1.06, -16.94, -2.84, 4.97, -77.76, 17.9, 28.78, 4.97, -89.83, 29.88, 0.0, 4.99, -111.36, -15.28, -28.78]
[-57.73, -1.33, -17.26, -2.72, 4.97, -77.76, 17.9, 28.78, 4.97, -89.83, 29.88, 0.0, 4.99, -111.36, -15.28, -28.78]
[-58.44, -1.1, -17.42, -2.6, 4.97, -77.76, 17.9, 28.78, 4.97, -89.83, 29.88, 0.0, 4.99, -111.36, -15.28, -28.78]
[-58.49, -1.86, -17.9, -2.47, 4.97, -77.76, 17.9, 28.78, 4.97, -89.83, 29.88, 0.0, 4.99, -111.36, -15.28, -28.78]
[-59.77, -0.77, -17.76, -2.35, 4.97, -77.76, 17.9, 28.78, 4.97, -89.83, 29.88, 0.0, 4.99, -111.36, -15.28, -28.78]
[-60.31, -0.77, -17.98, -2.22, 4.97, -77.76, 17.9, 28.78, 4.97, -89.83, 29.88, 0.0, 4.99, -111.36, -15.28, -28.78]
[-60.1, -1.89, -18.58, -2.1, 4.97, -77.76, 17.9, 28.78, 4.97, -89.83, 29.88, 0.0, 4.99, -111.36, -15.28, -28.78]
[-61.11, -1.18, -18.56, -1.97, 4.97, -77.76, 17.9, 28.78, 4.97, -89.83, 29.88, 0.0, 4.99, -111.36, -15.28, -28.78]
[-61.42, -1.5, -18.88, -1.84, 4.97, -77.76, 17.9, 28.78, 4.97, -89.83, 29.88, 0.0, 4.99, -111.36, -15.28, -28.78]
[-61.98, -1.44, -19.07, -1.72, 4.97, -77.76, 17.9, 28.78, 4.97, -89.83, 29.88, 0.0, 4.99, -111.36, -15.28, -28.78]
[-62.84, -0.93, -19.11, -1.59, 4.97, -77.76, 17.9, 28.78, 4.97, -89.83, 29.88, 0.0, 4.99, -111.36, -15.28, -28.78]
[-62.85, -1.68, -19.57, -1.46, 4.97, -77.76, 17.9, 28.78, 4.97, -89.83, 29.88, 0.0, 4.99, -111.36, -15.28, -28.78]
[-63.17, -1.95, -19.86, -1.33, 4.97, -77.76, 17.9, 28.78, 4.97, -89.83, 29.88, 0.0, 4.99, -111.36, -15.28, -28.78]
[-63.67, -1.96, -20.07, -1.2, 4.97, -77.76, 17.9, 28.78, 4.97, -89.83, 29.88, 0.0, 4.99, -111.36, -15.28, -28.78]
[-64.33, -1.72, -20.19, -1.07, 4.97, -77.76, 17.9, 28.78, 4.97, -89.83, 29.88, 0.0, 4.99, -111.36, -15.28, -28.78]
[-65.26, -1.06, -20.16, -0.94, 4.97, -77.76, 17.9, 28.78, 4.97, -89.83, 29.88, 0.0, 4.99, -111.36, -15.28, -28.78]
[-65.38, -1.61, -20.54, -0.81, 4.97, -77.76, 17.9, 28.78, 4.97, -89.83, 29.88, 0.0, 4.99, -111.36, -15.28, -28.78]
[-65.75, -1.79, -20.8, -0.68, 4.97, -77.76, 17.9, 28.78, 4.97, -89.83, 29.88, 0.0, 4.99, -111.36, -15.28, -28.78]
[-66.28, -1.71, -20.96, -0.54, 4.97, -77.76, 17.9, 28.78, 4.97, -89.83, 29.88, 0.0, 4.99, -111.36, -15.28, -28.78]
[-67.0, -1.34, -21.03, -0.41, 4.97, -77.76, 17.9, 28.78, 4.97, -89.83, 29.88, 0.0, 4.99, -111.36, -15.28, -28.78]
[-67.02, -2.03, -21.44, -0.28, 4.97, -77.76, 17.9, 28.78, 4.97, -89.83, 29.88, 0.0, 4.99, -111.36, -15.28, -28.78]
[-68.09, -1.13, -21.33, -0.14, 4.97, -77.76, 17.9, 28.78, 4.97, -89.83, 29.88, 0.0, 4.99, -111.36, -15.28, -28.78]
[-68.37, -1.39, -21.6, -0.01, 4.97, -77.76, 17.9, 28.78, 4.97, -89.83, 29.88, 0.0, 4.99, -111.36, -15.28, -28.78]
[-68.87, -1.34, -21.76, 0.13, 4.97, -77.76, 17.9, 28.78, 4.97, -89.83, 29.88, 0.0, 4.99, -111.36, -15.28, -28.78]
[-69.61, -0.92, -21.8, 0.27, 4.97, -77.76, 17.9, 28.78, 4.97, -89.83, 29.88, 0.0, 4.99, -111.36, -15.28, -28.78]
[-69.43, -1.87, -22.29, 0.4, 4.97, -77.76, 17.9, 28.78, 4.97, -89.83, 29.88, 0.0, 4.99, -111.36, -15.28, -28.78]
[-70.46, -0.99, -22.17, 0.54, 4.97, -77.76, 17.9, 28.78, 4.97, -89.83, 29.88, 0.0, 4.99, -111.36, -15.28, -28.78]
[-70.6, -1.45, -22.5, 0.68, 4.97, -77.76, 17.9, 28.78, 4.97, -89.83, 29.88, 0.0, 4.99, -111.36, -15.28, -28.78]
[-70.97, -1.57, -22.71, 0.82, 4.97, -77.76, 17.9, 28.78, 4.97, -89.83, 29.88, 0.0, 4.99, -111.36, -15.28, -28.78]
[-71.49, -1.44, -22.84, 0.96, 4.97, -77.76, 17.9, 28.78, 4.97, -89.83, 29.88, 0.0, 4.99, -111.36, -15.28, -28.78]
[-72.23, -0.99, -22.85, 1.1, 4.97, -77.76, 17.9, 28.78, 4.97, -89.83, 29.88, 0.0, 4.99, -111.36, -15.28, -28.78]
[-72.05, -1.89, -23.32, 1.24, 4.97, -77.76, 17.9, 28.78, 4.97, -89.83, 29.88, 0.0, 4.99, -111.36, -15.28, -28.78]
[-73.07, -1.01, -23.19, 1.39, 4.97, -77.76, 17.9, 28.78, 4.97, -89.83, 29.88, 0.0, 4.99, -111.36, -15.28, -28.78]
[-73.17, -1.49, -23.52, 1.53, 4.97, -77.76, 17.9, 28.78, 4.97, -89.83, 29.88, 0.0, 4.99, -111.36, -15.28, -28.78]
[-73.49, -1.65, -23.73, 1.67, 4.97, -77.76, 17.9, 28.78, 4.97, -89.83, 29.88, 0.0, 4.99, -111.36, -15.28, -28.78]
[-73.94, -1.6, -23.87, 1.82, 4.97, -77.76, 17.9, 28.78, 4.97, -89.83, 29.88, 0.0, 4.99, -111.36, -15.28, -28.78]
[-74.55, -1.31, -23.93, 1.96, 4.97, -77.76, 17.9, 28.78, 4.97, -89.83, 29.88, 0.0, 4.99, -111.36, -15.28, -28.78]
[-75.54, -0.44, -23.79, 2.11, 4.97, -77.76, 17.9, 28.78, 4.97, -89.83, 29.88, 0.0, 4.99, -111.36, -15.28, -28.78]
[-75.19, -1.58, -24.33, 2.25, 4.97, -77.76, 17.9, 28.78, 4.97, -89.83, 29.88, 0.0, 4.99, -111.36, -15.28, -28.78]
[-75.29, -2.04, -24.64, 2.4, 4.97, -77.76, 17.9, 28.78, 4.97, -89.83, 29.88, 0.0, 4.99, -111.36, -15.28, -28.78]
[-76.51, -0.83, -24.38, 2.55, 4.97, -77.76, 17.9, 28.78, 4.97, -89.83, 29.88, 0.0, 4.99, -111.36, -15.28, -28.78]
[-76.77, -1.03, -24.6, 2.69, 4.97, -77.76, 17.9, 28.78, 4.97, -89.83, 29.88, 0.0, 4.99, -111.36, -15.28, -28.78]
[-77.25, -0.91, -24.71, 2.84, 4.97, -77.76, 17.9, 28.78, 4.97, -89.83, 29.88, 0.0, 4.99, -111.36, -15.28, -28.78]
[-76.84, -2.12, -25.26, 2.99, 4.97, -77.76, 17.9, 28.78, 4.97, -89.83, 29.88, 0.0, 4.99, -111.36, -15.28, -28.78]
[-77.48, -1.73, -25.28, 3.14, 4.97, -77.76, 17.9, 28.78, 4.97, -89.83, 29.88, 0.0, 4.99, -111.36, -15.28, -28.78]
[-78.39, -0.96, -25.16, 3.29, 4.97, -77.76, 17.9, 28.78, 4.97, -89.83, 29.88, 0.0, 4.99, -111.36, -15.28, -28.78]
[-78.31, -1.66, -25.54, 3.45, 4.97, -77.76, 17.9, 28.78, 4.97, -89.83, 29.88, 0.0, 4.99, -111.36, -15.28, -28.78]
[-78.47, -2.0, -25.8, 3.6, 4.97, -77.76, 17.9, 28.78, 4.97, -89.83, 29.88, 0.0, 4.99, -111.36, -15.28, -28.78]
[-79.97, -0.32, -25.37, 3.75, 4.97, -77.76, 17.9, 28.78, 4.97, -89.83, 29.88, 0.0, 4.99, -111.36, -15.28, -28.78]
[-80.28, -0.41, -25.53, 3.91, 4.97, -77.76, 17.9, 28.78, 4.97, -89.83, 29.88, 0.0, 4.99, -111.36, -15.28, -28.78]
[-79.56, -2.06, -26.23, 4.06, 4.97, -77.76, 17.9, 28.78, 4.97, -89.83, 29.88, 0.0, 4.99, -111.36, -15.28, -28.78]
[-80.13, -1.77, -26.27, 4.22, 4.97, -77.76, 17.9, 28.78, 4.97, -89.83, 29.88, 0.0, 4.99, -111.36, -15.28, -28.78]
[-80.87, -1.21, -26.21, 4.37, 4.97, -77.76, 17.9, 28.78, 4.97, -89.83, 29.88, 0.0, 4.99, -111.36, -15.28, -28.78]
[-80.74, -1.96, -26.6, 4.53, 4.97, -77.76, 17.9, 28.78, 4.97, -89.83, 29.88, 0.0, 4.99, -111.36, -15.28, -28.78]
[-81.73, -1.02, -26.41, 4.69, 4.97, -77.76, 17.9, 28.78, 4.97, -89.83, 29.88, 0.0, 4.99, -111.36, -15.28, -28.78]
[-81.77, -1.51, -26.7, 4.84, 4.97, -77.76, 17.9, 28.78, 4.97, -89.83, 29.88, 0.0, 4.99, -111.36, -15.28, -28.78]
[-81.99, -1.72, -26.9, 5.0, 4.97, -77.76, 17.9, 28.78, 4.97, -89.83, 29.88, 0.0, 4.99, -111.36, -15.28, -28.78]
[-82.32, -1.76, -27.04, 5.16, 4.97, -77.76, 17.9, 28.78, 4.97, -89.83, 29.88, 0.0, 4.99, -111.36, -15.28, -28.78]
[-82.75, -1.63, -27.13, 5.32, 4.97, -77.76, 17.9, 28.78, 4.97, -89.83, 29.88, 0.0, 4.99, -111.36, -15.28, -28.78]
[-83.32, -1.31, -27.14, 5.48, 4.97, -77.76, 17.9, 28.78, 4.97, -89.83, 29.88, 0.0, 4.99, -111.36, -15.28, -28.78]
[-84.23, -0.48, -26.98, 5.65, 4.97, -77.76, 17.9, 28.78, 4.97, -89.83, 29.88, 0.0, 4.99, -111.36, -15.28, -28.78]
[-83.78, -1.68, -27.51, 5.81, 4.97, -77.76, 17.9, 28.78, 4.97, -89.83, 29.88, 0.0, 4.99, -111.36, -15.28, -28.78]
[-84.9, -0.5, -27.24, 5.97, 4.97, -77.76, 17.9, 28.78, 4.97, -89.83, 29.88, 0.0, 4.99, -111.36, -15.28, -28.78]
[-84.69, -1.33, -27.64, 6.14, 4.97, -77.76, 17.9, 28.78, 4.97, -89.83, 29.88, 0.0, 4.99, -111.36, -15.28, -28.78]
[-84.81, -1.67, -27.87, 6.3, 4.97, -77.76, 17.9, 28.78, 4.97, -89.83, 29.88, 0.0, 4.99, -111.36, -15.28, -28.78]
[-85.05, -1.81, -28.03, 6.47, 4.97, -77.76, 17.9, 28.78, 4.97, -89.83, 29.88, 0.0, 4.99, -111.36, -15.28, -28.78]
[-85.4, -1.8, -28.15, 6.63, 4.97, -77.76, 17.9, 28.78, 4.97, -89.83, 29.88, 0.0, 4.99, -111.36, -15.28, -28.78]
[-85.84, -1.64, -28.21, 6.8, 4.97, -77.76, 17.9, 28.78, 4.97, -89.83, 29.88, 0.0, 4.99, -111.36, -15.28, -28.78]
[-86.41, -1.28, -28.2, 6.97, 4.97, -77.76, 17.9, 28.78, 4.97, -89.83, 29.88, 0.0, 4.99, -111.36, -15.28, -28.78]
[-87.42, -0.25, -27.96, 7.14, 4.97, -77.76, 17.9, 28.78, 4.97, -89.83, 29.88, 0.0, 4.99, -111.36, -15.28, -28.78]
[-86.84, -1.62, -28.54, 7.31, 4.97, -77.76, 17.9, 28.78, 4.97, -89.83, 29.88, 0.0, 4.99, -111.36, -15.28, -28.78]
[-88.12, -0.18, -28.16, 7.48, 4.97, -77.76, 17.9, 28.78, 4.97, -89.83, 29.88, 0.0, 4.99, -111.36, -15.28, -28.78]
[-87.73, -1.25, -28.63, 7.65, 4.97, -77.76, 17.9, 28.78, 4.97, -89.83, 29.88, 0.0, 4.99, -111.36, -15.28, -28.78]
[-87.81, -1.62, -28.86, 7.82, 4.97, -77.76, 17.9, 28.78, 4.97, -89.83, 29.88, 0.0, 4.99, -111.36, -15.28, -28.78]
[-88.02, -1.78, -29.02, 8.0, 4.97, -77.76, 17.9, 28.78, 4.97, -89.83, 29.88, 0.0, 4.99, -111.36, -15.28, -28.78]
[-88.32, -1.79, -29.13, 8.17, 4.97, -77.76, 17.9, 28.78, 4.97, -89.83, 29.88, 0.0, 4.99, -111.36, -15.28, -28.78]
[-88.72, -1.66, -29.19, 8.34, 4.97, -77.76, 17.9, 28.78, 4.97, -89.83, 29.88, 0.0, 4.99, -111.36, -15.28, -28.78]
[-89.24, -1.35, -29.19, 8.52, 4.97, -77.76, 17.9, 28.78, 4.97, -89.83, 29.88, 0.0, 4.99, -111.36, -15.28, -28.78]
[-90.03, -0.63, -29.05, 8.69, 4.97, -77.76, 17.9, 28.78, 4.97, -89.83, 29.88, 0.0, 4.99, -111.36, -15.28, -28.78]
[-89.58, -1.76, -29.53, 8.87, 4.97, -77.76, 17.9, 28.78, 4.97, -89.83, 29.88, 0.0, 4.99, -111.36, -15.28, -28.78]
[-90.51, -0.83, -29.32, 9.05, 4.97, -77.76, 17.9, 28.78, 4.97, -89.83, 29.88, 0.0, 4.99, -111.36, -15.28, -28.78]
[-90.33, -1.56, -29.66, 9.23, 4.97, -77.76, 17.9, 28.78, 4.97, -89.83, 29.88, 0.0, 4.99, -111.36, -15.28, -28.78]
[-90.39, -1.92, -29.88, 9.41, 4.97, -77.76, 17.9, 28.78, 4.97, -89.83, 29.88, 0.0, 4.99, -111.36, -15.28, -28.78]
[-90.56, -2.11, -30.04, 9.59, 4.97, -77.76, 17.9, 28.78, 4.97, -89.83, 29.88, 0.0, 4.99, -111.36, -15.28, -28.78]
[-92.05, -0.31, -29.53, 9.77, 4.97, -77.76, 17.9, 28.78, 4.97, -89.83, 29.88, 0.0, 4.99, -111.36, -15.28, -28.78]
[-91.14, -2.13, -30.24, 9.95, 4.97, -77.76, 17.9, 28.78, 4.97, -89.83, 29.88, 0.0, 4.99, -111.36, -15.28, -28.78]
[-91.54, -1.96, -30.28, 10.13, 4.97, -77.76, 17.9, 28.78, 4.97, -89.83, 29.88, 0.0, 4.99, -111.36, -15.28, -28.78]
[-92.05, -1.63, -30.26, 10.32, 4.97, -77.76, 17.9, 28.78, 4.97, -89.83, 29.88, 0.0, 4.99, -111.36, -15.28, -28.78]
[-92.75, -1.01, -30.14, 10.5, 4.97, -77.76, 17.9, 28.78, 4.97, -89.83, 29.88, 0.0, 4.99, -111.36, -15.28, -28.78]
[-92.46, -1.88, -30.52, 10.68, 4.97, -77.76, 17.9, 28.78, 4.97, -89.83, 29.88, 0.0, 4.99, -111.36, -15.28, -28.78]
[-93.35, -0.96, -30.3, 10.87, 4.97, -77.76, 17.9, 28.78, 4.97, -89.83, 29.88, 0.0, 4.99, -111.36, -15.28, -28.78]
[-93.23, -1.57, -30.6, 11.06, 4.97, -77.76, 17.9, 28.78, 4.97, -89.83, 29.88, 0.0, 4.99, -111.36, -15.28, -28.78]
[-93.3, -1.88, -30.79, 11.24, 4.97, -77.76, 17.9, 28.78, 4.97, -89.83, 29.88, 0.0, 4.99, -111.36, -15.28, -28.78]
[-93.3, -1.88, -30.79, 11.24, 4.97, -77.76, 17.9, 28.78, 4.97, -89.83, 29.88, 0.0, 4.99, -111.36, -15.28, -28.78]
[-93.3, -1.88, -30.79, 11.24, 4.97, -77.76, 17.9, 28.78, 4.97, -89.83, 29.88, 0.0, 4.99, -111.36, -15.28, -28.78]
[-93.3, -1.88, -30.79, 11.24, 4.97, -77.76, 17.9, 28.78, 4.97, -89.83, 29.88, 0.0, 4.99, -111.36, -15.28, -28.78]
[-93.3, -1.88, -30.79, 11.24, 4.97, -77.76, 17.9, 28.78, 4.97, -89.83, 29.88, 0.0, 4.99, -111.36, -15.28, -28.78]
[-93.3, -1.88, -30.79, 11.24, 4.97, -77.76, 17.9, 28.78, 4.97, -89.83, 29.88, 0.0, 4.99, -111.36, -15.28, -28.78]
[-93.67, -1.49, -30.41, 11.17, 4.97, -77.76, 17.9, 28.78, 4.97, -89.83, 29.88, 0.0, 4.99, -111.36, -15.28, -28.78]
[-94.37, -0.62, -29.86, 11.1, 4.97, -77.76, 17.9, 28.78, 4.97, -89.83, 29.88, 0.0, 4.99, -111.36, -15.28, -28.78]
[-93.82, -1.61, -29.94, 11.02, 4.97, -77.76, 17.9, 28.78, 4.97, -89.83, 29.88, 0.0, 4.99, -111.36, -15.28, -28.78]
[-93.62, -2.06, -29.83, 10.95, 4.97, -77.76, 17.9, 28.78, 4.97, -89.83, 29.88, 0.0, 4.99, -111.36, -15.28, -28.78]
[-94.54, -0.84, -29.16, 10.87, 4.97, -77.76, 17.9, 28.78, 4.97, -89.83, 29.88, 0.0, 4.99, -111.36, -15.28, -28.78]
[-94.46, -1.1, -28.99, 10.8, 4.97, -77.76, 17.9, 28.78, 4.97, -89.83, 29.88, 0.0, 4.99, -111.36, -15.28, -28.78]
[-94.59, -1.06, -28.71, 10.72, 4.97, -77.76, 17.9, 28.78, 4.97, -89.83, 29.88, 0.0, 4.99, -111.36, -15.28, -28.78]
[-94.95, -0.65, -28.3, 10.65, 4.97, -77.76, 17.9, 28.78, 4.97, -89.83, 29.88, 0.0, 4.99, -111.36, -15.28, -28.78]
[-94.19, -1.93, -28.47, 10.57, 4.97, -77.76, 17.9, 28.78, 4.97, -89.83, 29.88, 0.0, 4.99, -111.36, -15.28, -28.78]
[-94.66, -1.35, -28.0, 10.5, 4.97, -77.76, 17.9, 28.78, 4.97, -89.83, 29.88, 0.0, 4.99, -111.36, -15.28, -28.78]
[-94.33, -1.97, -27.94, 10.42, 4.97, -77.76, 17.9, 28.78, 4.97, -89.83, 29.88, 0.0, 4.99, -111.36, -15.28, -28.78]
[-95.16, -0.84, -27.29, 10.35, 4.97, -77.76, 17.9, 28.78, 4.97, -89.83, 29.88, 0.0, 4.99, -111.36, -15.28, -28.78]
[-94.99, -1.22, -27.14, 10.27, 4.97, -77.76, 17.9, 28.78, 4.97, -89.83, 29.88, 0.0, 4.99, -111.36, -15.28, -28.78]
[-95.03, -1.27, -26.88, 10.19, 4.97, -77.76, 17.9, 28.78, 4.97, -89.83, 29.88, 0.0, 4.99, -111.36, -15.28, -28.78]
[-95.25, -1.04, -26.52, 10.11, 4.97, -77.76, 17.9, 28.78, 4.97, -89.83, 29.88, 0.0, 4.99, -111.36, -15.28, -28.78]
[-94.6, -2.12, -26.61, 10.04, 4.97, -77.76, 17.9, 28.78, 4.97, -89.83, 29.88, 0.0, 4.99, -111.36, -15.28, -28.78]
[-95.0, -1.61, -26.15, 9.96, 4.97, -77.76, 17.9, 28.78, 4.97, -89.83, 29.88, 0.0, 4.99, -111.36, -15.28, -28.78]
[-96.03, -0.15, -25.37, 9.88, 4.97, -77.76, 17.9, 28.78, 4.97, -89.83, 29.88, 0.0, 4.99, -111.36, -15.28, -28.78]
[-95.42, -1.16, -25.43, 9.8, 4.97, -77.76, 17.9, 28.78, 4.97, -89.83, 29.88, 0.0, 4.99, -111.36, -15.28, -28.78]
[-95.31, -1.4, -25.22, 9.72, 4.97, -77.76, 17.9, 28.78, 4.97, -89.83, 29.88, 0.0, 4.99, -111.36, -15.28, -28.78]
[-95.39, -1.36, -24.92, 9.64, 4.97, -77.76, 17.9, 28.78, 4.97, -89.83, 29.88, 0.0, 4.99, -111.36, -15.28, -28.78]
[-95.67, -1.0, -24.5, 9.56, 4.97, -77.76, 17.9, 28.78, 4.97, -89.83, 29.88, 0.0, 4.99, -111.36, -15.28, -28.78]
[-95.05, -2.01, -24.55, 9.48, 4.97, -77.76, 17.9, 28.78, 4.97, -89.83, 29.88, 0.0, 4.99, -111.36, -15.28, -28.78]
[-95.56, -1.3, -24.02, 9.4, 4.97, -77.76, 17.9, 28.78, 4.97, -89.83, 29.88, 0.0, 4.99, -111.36, -15.28, -28.78]
[-95.27, -1.79, -23.89, 9.32, 4.97, -77.76, 17.9, 28.78, 4.97, -89.83, 29.88, 0.0, 4.99, -111.36, -15.28, -28.78]
[-95.17, -1.98, -23.66, 9.24, 4.97, -77.76, 17.9, 28.78, 4.97, -89.83, 29.88, 0.0, 4.99, -111.36, -15.28, -28.78]
[-95.21, -1.97, -23.35, 9.16, 4.97, -77.76, 17.9, 28.78, 4.97, -89.83, 29.88, 0.0, 4.99, -111.36, -15.28, -28.78]
[-95.38, -1.75, -22.97, 9.08, 4.97, -77.76, 17.9, 28.78, 4.97, -89.83, 29.88, 0.0, 4.99, -111.36, -15.28, -28.78]
[-95.77, -1.2, -22.48, 9.0, 4.97, -77.76, 17.9, 28.78, 4.97, -89.83, 29.88, 0.0, 4.99, -111.36, -15.28, -28.78]
[-95.33, -1.9, -22.42, 8.92, 4.97, -77.76, 17.9, 28.78, 4.97, -89.83, 29.88, 0.0, 4.99, -111.36, -15.28, -28.78]
[-96.22, -0.59, -21.67, 8.83, 4.97, -77.76, 17.9, 28.78, 4.97, -89.83, 29.88, 0.0, 4.99, -111.36, -15.28, -28.78]
[-96.01, -0.93, -21.47, 8.75, 4.97, -77.76, 17.9, 28.78, 4.97, -89.83, 29.88, 0.0, 4.99, -111.36, -15.28, -28.78]
[-96.15, -0.73, -21.1, 8.67, 4.97, -77.76, 17.9, 28.78, 4.97, -89.83, 29.88, 0.0, 4.99, -111.36, -15.28, -28.78]
[-95.31, -1.99, -21.22, 8.59, 4.97, -77.76, 17.9, 28.78, 4.97, -89.83, 29.88, 0.0, 4.99, -111.36, -15.28, -28.78]
[-95.72, -1.39, -20.7, 8.5, 4.97, -77.76, 17.9, 28.78, 4.97, -89.83, 29.88, 0.0, 4.99, -111.36, -15.28, -28.78]
[-95.37, -1.91, -20.56, 8.42, 4.97, -77.76, 17.9, 28.78, 4.97, -89.83, 29.88, 0.0, 4.99, -111.36, -15.28, -28.78]
[-95.23, -2.11, -20.32, 8.33, 4.97, -77.76, 17.9, 28.78, 4.97, -89.83, 29.88, 0.0, 4.99, -111.36, -15.28, -28.78]
[-95.24, -2.1, -19.99, 8.25, 4.97, -77.76, 17.9, 28.78, 4.97, -89.83, 29.88, 0.0, 4.99, -111.36, -15.28, -28.78]
[-95.39, -1.85, -19.59, 8.16, 4.97, -77.76, 17.9, 28.78, 4.97, -89.83, 29.88, 0.0, 4.99, -111.36, -15.28, -28.78]
[-95.78, -1.25, -19.07, 8.08, 4.97, -77.76, 17.9, 28.78, 4.97, -89.83, 29.88, 0.0, 4.99, -111.36, -15.28, -28.78]
[-95.37, -1.84, -18.95, 7.99, 4.97, -77.76, 17.9, 28.78, 4.97, -89.83, 29.88, 0.0, 4.99, -111.36, -15.28, -28.78]
[-95.2, -2.07, -18.71, 7.91, 4.97, -77.76, 17.9, 28.78, 4.97, -89.83, 29.88, 0.0, 4.99, -111.36, -15.28, -28.78]
[-95.18, -2.06, -18.38, 7.82, 4.97, -77.76, 17.9, 28.78, 4.97, -89.83, 29.88, 0.0, 4.99, -111.36, -15.28, -28.78]
[-95.33, -1.8, -17.97, 7.73, 4.97, -77.76, 17.9, 28.78, 4.97, -89.83, 29.88, 0.0, 4.99, -111.36, -15.28, -28.78]
[-95.74, -1.15, -17.42, 7.65, 4.97, -77.76, 17.9, 28.78, 4.97, -89.83, 29.88, 0.0, 4.99, -111.36, -15.28, -28.78]
[-95.31, -1.74, -17.3, 7.56, 4.97, -77.76, 17.9, 28.78, 4.97, -89.83, 29.88, 0.0, 4.99, -111.36, -15.28, -28.78]
[-95.14, -1.93, -17.04, 7.47, 4.97, -77.76, 17.9, 28.78, 4.97, -89.83, 29.88, 0.0, 4.99, -111.36, -15.28, -28.78]
[-95.15, -1.87, -16.68, 7.38, 4.97, -77.76, 17.9, 28.78, 4.97, -89.83, 29.88, 0.0, 4.99, -111.36, -15.28, -28.78]
[-95.35, -1.5, -16.23, 7.29, 4.97, -77.76, 17.9, 28.78, 4.97, -89.83, 29.88, 0.0, 4.99, -111.36, -15.28, -28.78]
[-94.87, -2.14, -16.12, 7.21, 4.97, -77.76, 17.9, 28.78, 4.97, -89.83, 29.88, 0.0, 4.99, -111.36, -15.28, -28.78]
[-95.48, -1.16, -15.45, 7.12, 4.97, -77.76, 17.9, 28.78, 4.97, -89.83, 29.88, 0.0, 4.99, -111.36, -15.28, -28.78]
[-95.34, -1.29, -15.16, 7.03, 4.97, -77.76, 17.9, 28.78, 4.97, -89.83, 29.88, 0.0, 4.99, -111.36, -15.28, -28.78]
[-95.48, -0.99, -14.73, 6.94, 4.97, -77.76, 17.9, 28.78, 4.97, -89.83, 29.88, 0.0, 4.99, -111.36, -15.28, -28.78]
[-94.78, -1.96, -14.72, 6.85, 4.97, -77.76, 17.9, 28.78, 4.97, -89.83, 29.88, 0.0, 4.99, -111.36, -15.28, -28.78]
[-95.33, -1.04, -14.07, 6.76, 4.97, -77.76, 17.9, 28.78, 4.97, -89.83, 29.88, 0.0, 4.99, -111.36, -15.28, -28.78]
[-95.05, -1.37, -13.84, 6.67, 4.97, -77.76, 17.9, 28.78, 4.97, -89.83, 29.88, 0.0, 4.99, -111.36, -15.28, -28.78]
[-95.05, -1.26, -13.47, 6.57, 4.97, -77.76, 17.9, 28.78, 4.97, -89.83, 29.88, 0.0, 4.99, -111.36, -15.28, -28.78]
[-95.49, -0.49, -12.87, 6.48, 4.97, -77.76, 17.9, 28.78, 4.97, -89.83, 29.88, 0.0, 4.99, -111.36, -15.28, -28.78]
[-94.7, -1.56, -12.89, 6.39, 4.97, -77.76, 17.9, 28.78, 4.97, -89.83, 29.88, 0.0, 4.99, -111.36, -15.28, -28.78]
[-94.41, -1.88, -12.66, 6.3, 4.97, -77.76, 17.9, 28.78, 4.97, -89.83, 29.88, 0.0, 4.99, -111.36, -15.28, -28.78]
[-94.33, -1.88, -12.32, 6.21, 4.97, -77.76, 17.9, 28.78, 4.97, -89.83, 29.88, 0.0, 4.99, -111.36, -15.28, -28.78]
[-94.46, -1.56, -11.86, 6.11, 4.97, -77.76, 17.9, 28.78, 4.97, -89.83, 29.88, 0.0, 4.99, -111.36, -15.28, -28.78]
[-95.09, -0.47, -11.15, 6.02, 4.97, -77.76, 17.9, 28.78, 4.97, -89.83, 29.88, 0.0, 4.99, -111.36, -15.28, -28.78]
[-94.5, -1.23, -11.06, 5.92, 4.97, -77.76, 17.9, 28.78, 4.97, -89.83, 29.88, 0.0, 4.99, -111.36, -15.28, -28.78]
[-94.36, -1.29, -10.74, 5.83, 4.97, -77.76, 17.9, 28.78, 4.97, -89.83, 29.88, 0.0, 4.99, -111.36, -15.28, -28.78]
[-94.56, -0.83, -10.24, 5.74, 4.97, -77.76, 17.9, 28.78, 4.97, -89.83, 29.88, 0.0, 4.99, -111.36, -15.28, -28.78]
[-93.83, -1.79, -10.22, 5.64, 4.97, -77.76, 17.9, 28.78, 4.97, -89.83, 29.88, 0.0, 4.99, -111.36, -15.28, -28.78]
[-93.49, -2.13, -9.99, 5.54, 4.97, -77.76, 17.9, 28.78, 4.97, -89.83, 29.88, 0.0, 4.99, -111.36, -15.28, -28.78]
[-94.56, -0.37, -9.04, 5.45, 4.97, -77.76, 17.9, 28.78, 4.97, -89.83, 29.88, 0.0, 4.99, -111.36, -15.28, -28.78]
[-93.4, -1.95, -9.22, 5.35, 4.97, -77.76, 17.9, 28.78, 4.97, -89.83, 29.88, 0.0, 4.99, -111.36, -15.28, -28.78]
[-93.72, -1.29, -8.65, 5.26, 4.97, -77.76, 17.9, 28.78, 4.97, -89.83, 29.88, 0.0, 4.99, -111.36, -15.28, -28.78]
[-93.31, -1.72, -8.45, 5.16, 4.97, -77.76, 17.9, 28.78, 4.97, -89.83, 29.88, 0.0, 4.99, -111.36, -15.28, -28.78]
[-93.17, -1.76, -8.11, 5.06, 4.97, -77.76, 17.9, 28.78, 4.97, -89.83, 29.88, 0.0, 4.99, -111.36, -15.28, -28.78]
[-93.27, -1.43, -7.64, 4.96, 4.97, -77.76, 17.9, 28.78, 4.97, -89.83, 29.88, 0.0, 4.99, -111.36, -15.28, -28.78]
[-92.69, -2.09, -7.52, 4.87, 4.97, -77.76, 17.9, 28.78, 4.97, -89.83, 29.88, 0.0, 4.99, -111.36, -15.28, -28.78]
[-93.31, -0.96, -6.78, 4.77, 4.97, -77.76, 17.9, 28.78, 4.97, -89.83, 29.88, 0.0, 4.99, -111.36, -15.28, -28.78]
[-93.2, -0.94, -6.41, 4.67, 4.97, -77.76, 17.9, 28.78, 4.97, -89.83, 29.88, 0.0, 4.99, -111.36, -15.28, -28.78]
[-92.31, -2.06, -6.44, 4.57, 4.97, -77.76, 17.9, 28.78, 4.97, -89.83, 29.88, 0.0, 4.99, -111.36, -15.28, -28.78]
[-92.67, -1.32, -5.83, 4.47, 4.97, -77.76, 17.9, 28.78, 4.97, -89.83, 29.88, 0.0, 4.99, -111.36, -15.28, -28.78]
[-92.32, -1.63, -5.58, 4.37, 4.97, -77.76, 17.9, 28.78, 4.97, -89.83, 29.88, 0.0, 4.99, -111.36, -15.28, -28.78]
[-92.24, -1.52, -5.19, 4.27, 4.97, -77.76, 17.9, 28.78, 4.97, -89.83, 29.88, 0.0, 4.99, -111.36, -15.28, -28.78]
[-92.53, -0.86, -4.61, 4.17, 4.97, -77.76, 17.9, 28.78, 4.97, -89.83, 29.88, 0.0, 4.99, -111.36, -15.28, -28.78]
[-91.88, -1.6, -4.5, 4.06, 4.97, -77.76, 17.9, 28.78, 4.97, -89.83, 29.88, 0.0, 4.99, -111.36, -15.28, -28.78]
[-91.62, -1.76, -4.2, 3.96, 4.97, -77.76, 17.9, 28.78, 4.97, -89.83, 29.88, 0.0, 4.99, -111.36, -15.28, -28.78]
[-91.6, -1.55, -3.77, 3.86, 4.97, -77.76, 17.9, 28.78, 4.97, -89.83, 29.88, 0.0, 4.99, -111.36, -15.28, -28.78]
[-92.02, -0.67, -3.11, 3.76, 4.97, -77.76, 17.9, 28.78, 4.97, -89.83, 29.88, 0.0, 4.99, -111.36, -15.28, -28.78]
[-91.4, -1.36, -2.98, 3.65, 4.97, -77.76, 17.9, 28.78, 4.97, -89.83, 29.88, 0.0, 4.99, -111.36, -15.28, -28.78]
[-91.19, -1.41, -2.64, 3.55, 4.97, -77.76, 17.9, 28.78, 4.97, -89.83, 29.88, 0.0, 4.99, -111.36, -15.28, -28.78]
[-86.88, -7.51, -4.35, 3.45, 4.97, -77.76, 17.9, 28.78, 4.97, -89.83, 29.88, 0.0, 4.99, -111.36, -15.28, -28.78]
[-83.33, -12.3, -5.62, 3.34, 4.97, -77.76, 17.9, 28.78, 4.97, -89.83, 29.88, 0.0, 4.99, -111.36, -15.28, -28.78]
[-80.95, -15.35, -6.29, 3.24, 4.97, -77.76, 17.9, 28.78, 4.97, -89.83, 29.88, 0.0, 4.99, -111.36, -15.28, -28.78]
[-78.92, -17.86, -6.77, 3.13, 4.97, -77.76, 17.9, 28.78, 4.97, -89.83, 29.88, 0.0, 4.99, -111.36, -15.28, -28.78]
[-77.03, -20.14, -7.18, 3.03, 4.97, -77.76, 17.9, 28.78, 4.97, -89.83, 29.88, 0.0, 4.99, -111.36, -15.28, -28.78]
[-75.39, -22.06, -7.45, 2.92, 4.97, -77.76, 17.9, 28.78, 4.97, -89.83, 29.88, 0.0, 4.99, -111.36, -15.28, -28.78]
[-73.87, -23.8, -7.67, 2.81, 4.97, -77.76, 17.9, 28.78, 4.97, -89.83, 29.88, 0.0, 4.99, -111.36, -15.28, -28.78]
[-72.43, -25.39, -7.83, 2.71, 4.97, -77.76, 17.9, 28.78, 4.97, -89.83, 29.88, 0.0, 4.99, -111.36, -15.28, -28.78]
[-71.07, -26.87, -7.95, 2.6, 4.97, -77.76, 17.9, 28.78, 4.97, -89.83, 29.88, 0.0, 4.99, -111.36, -15.28, -28.78]
[-69.78, -28.25, -8.03, 2.49, 4.97, -77.76, 17.9, 28.78, 4.97, -89.83, 29.88, 0.0, 4.99, -111.36, -15.28, -28.78]
[-68.54, -29.54, -8.08, 2.38, 4.97, -77.76, 17.9, 28.78, 4.97, -89.83, 29.88, 0.0, 4.99, -111.36, -15.28, -28.78]
[-67.34, -30.76, -8.1, 2.27, 4.97, -77.76, 17.9, 28.78, 4.97, -89.83, 29.88, 0.0, 4.99, -111.36, -15.28, -28.78]
[-66.19, -31.91, -8.1, 2.16, 4.97, -77.76, 17.9, 28.78, 4.97, -89.83, 29.88, 0.0, 4.99, -111.36, -15.28, -28.78]
[-65.08, -33.0, -8.08, 2.06, 4.97, -77.76, 17.9, 28.78, 4.97, -89.83, 29.88, 0.0, 4.99, -111.36, -15.28, -28.78]
[-64.0, -34.04, -8.03, 1.94, 4.97, -77.76, 17.9, 28.78, 4.97, -89.83, 29.88, 0.0, 4.99, -111.36, -15.28, -28.78]
[-62.95, -35.02, -7.97, 1.83, 4.97, -77.76, 17.9, 28.78, 4.97, -89.83, 29.88, 0.0, 4.99, -111.36, -15.28, -28.78]
[-61.93, -35.96, -7.89, 1.72, 4.97, -77.76, 17.9, 28.78, 4.97, -89.83, 29.88, 0.0, 4.99, -111.36, -15.28, -28.78]
[-60.93, -36.86, -7.79, 1.61, 4.97, -77.76, 17.9, 28.78, 4.97, -89.83, 29.88, 0.0, 4.99, -111.36, -15.28, -28.78]
[-59.96, -37.72, -7.68, 1.5, 4.97, -77.76, 17.9, 28.78, 4.97, -89.83, 29.88, 0.0, 4.99, -111.36, -15.28, -28.78]
[-59.01, -38.54, -7.55, 1.39, 4.97, -77.76, 17.9, 28.78, 4.97, -89.83, 29.88, 0.0, 4.99, -111.36, -15.28, -28.78]
[-58.09, -39.32, -7.41, 1.27, 4.97, -77.76, 17.9, 28.78, 4.97, -89.83, 29.88, 0.0, 4.99, -111.36, -15.28, -28.78]
[-57.18, -40.08, -7.26, 1.16, 4.97, -77.76, 17.9, 28.78, 4.97, -89.83, 29.88, 0.0, 4.99, -111.36, -15.28, -28.78]
[-56.3, -40.8, -7.09, 1.05, 4.97, -77.76, 17.9, 28.78, 4.97, -89.83, 29.88, 0.0, 4.99, -111.36, -15.28, -28.78]
[-55.43, -41.49, -6.92, 0.93, 4.97, -77.76, 17.9, 28.78, 4.97, -89.83, 29.88, 0.0, 4.99, -111.36, -15.28, -28.78]
[-54.58, -42.15, -6.73, 0.82, 4.97, -77.76, 17.9, 28.78, 4.97, -89.83, 29.88, 0.0, 4.99, -111.36, -15.28, -28.78]
[-53.74, -42.78, -6.53, 0.7, 4.97, -77.76, 17.9, 28.78, 4.97, -89.83, 29.88, 0.0, 4.99, -111.36, -15.28, -28.78]
[-52.93, -43.39, -6.32, 0.59, 4.97, -77.76, 17.9, 28.78, 4.97, -89.83, 29.88, 0.0, 4.99, -111.36, -15.28, -28.78]
[-52.13, -43.97, -6.1, 0.47, 4.97, -77.76, 17.9, 28.78, 4.97, -89.83, 29.88, 0.0, 4.99, -111.36, -15.28, -28.78]
[-51.34, -44.53, -5.87, 0.35, 4.97, -77.76, 17.9, 28.78, 4.97, -89.83, 29.88, 0.0, 4.99, -111.36, -15.28, -28.78]
[-50.57, -45.06, -5.63, 0.24, 4.97, -77.76, 17.9, 28.78, 4.97, -89.83, 29.88, 0.0, 4.99, -111.36, -15.28, -28.78]
[-49.81, -45.57, -5.38, 0.12, 4.97, -77.76, 17.9, 28.78, 4.97, -89.83, 29.88, 0.0, 4.99, -111.36, -15.28, -28.78]
[-49.07, -46.06, -5.13, 0.0, 4.97, -77.76, 17.9, 28.78, 4.97, -89.83, 29.88, 0.0, 4.99, -111.36, -15.28, -28.78]
[-48.94, -45.69, -4.63, 0.0, 4.97, -78.42, 17.34, 28.78, 4.98, -90.47, 29.39, 0.0, 4.99, -110.87, -14.71, -28.78]
[-48.83, -45.3, -4.12, 0.0, 5.0, -79.1, 16.77, 28.78, 4.99, -91.1, 28.9, 0.0, 4.97, -110.36, -14.14, -28.78]
[-48.73, -44.89, -3.62, 0.0, 4.98, -79.73, 16.21, 28.78, 4.98, -91.73, 28.42, 0.0, 4.98, -109.87, -13.57, -28.78]
[-48.64, -44.46, -3.1, 0.0, 4.99, -80.38, 15.65, 28.78, 4.97, -92.35, 27.93, 0.0, 4.98, -109.37, -13.0, -28.78]
[-48.56, -44.02, -2.59, 0.0, 4.98, -81.01, 15.09, 28.78, 4.99, -92.98, 27.44, 0.0, 5.0, -108.89, -12.44, -28.78]
[-48.5, -43.56, -2.06, 0.0, 4.97, -81.63, 14.53, 28.78, 5.0, -93.6, 26.95, 0.0, 4.97, -108.37, -11.87, -28.78]
[-48.45, -43.08, -1.54, 0.0, 4.98, -82.27, 13.97, 28.78, 5.0, -94.22, 26.47, 0.0, 4.97, -107.86, -11.31, -28.78]
[-48.42, -42.59, -1.0, 0.0, 4.97, -82.9, 13.42, 28.78, 4.99, -94.83, 25.98, 0.0, 4.96, -107.35, -10.75, -28.78]
[-48.4, -42.07, -0.47, 0.0, 4.96, -83.51, 12.86, 28.78, 4.98, -95.43, 25.5, 0.0, 4.98, -106.86, -10.19, -28.78]
[-48.39, -41.53, 0.08, 0.0, 4.98, -84.14, 12.31, 28.78, 4.99, -96.05, 25.01, 0.0, 4.98, -106.35, -9.63, -28.78]
[-48.4, -40.97, 0.63, 0.0, 4.98, -84.75, 11.76, 28.78, 4.99, -96.66, 24.53, 0.0, 4.98, -105.84, -9.07, -28.78]
[-48.43, -40.39, 1.18, 0.0, 4.98, -85.36, 11.21, 28.78, 4.99, -97.26, 24.04, 0.0, 5.0, -105.34, -8.51, -28.78]
[-48.47, -39.79, 1.74, 0.0, 5.0, -85.98, 10.66, 28.78, 4.98, -97.85, 23.56, 0.0, 4.97, -104.81, -7.96, -28.78]
[-48.53, -39.16, 2.31, 0.0, 4.97, -86.56, 10.11, 28.78, 5.0, -98.47, 23.07, 0.0, 4.97, -104.29, -7.4, -28.78]
[-48.61, -38.51, 2.89, 0.0, 4.97, -87.16, 9.56, 28.78, 4.97, -99.04, 22.59, 0.0, 4.99, -103.79, -6.85, -28.78]
[-48.7, -37.83, 3.47, 0.0, 4.99, -87.77, 9.01, 28.78, 4.98, -99.64, 22.11, 0.0, 4.97, -103.25, -6.3, -28.78]
[-48.82, -37.12, 4.06, 0.0, 4.97, -88.35, 8.46, 28.78, 4.97, -100.23, 21.62, 0.0, 4.97, -102.73, -5.74, -28.78]
[-48.95, -36.39, 4.66, 0.0, 4.98, -88.94, 7.92, 28.78, 4.99, -100.84, 21.14, 0.0, 5.0, -102.23, -5.19, -28.78]
[-49.11, -35.62, 5.27, 0.0, 4.97, -89.52, 7.37, 28.78, 4.97, -101.41, 20.65, 0.0, 4.98, -101.69, -4.64, -28.78]
[-49.29, -34.82, 5.89, 0.0, 4.99, -90.12, 6.83, 28.78, 4.98, -102.0, 20.17, 0.0, 4.99, -101.17, -4.09, -28.78]
[-49.49, -33.99, 6.52, 0.0, 4.97, -90.68, 6.28, 28.78, 4.98, -102.58, 19.68, 0.0, 4.99, -100.64, -3.54, -28.78]
[-49.72, -33.12, 7.16, 0.0, 4.97, -91.26, 5.73, 28.78, 4.97, -103.16, 19.2, 0.0, 4.97, -100.1, -2.99, -28.78]
[-49.97, -32.22, 7.81, 0.0, 5.0, -91.85, 5.19, 28.78, 4.99, -103.76, 18.71, 0.0, 4.99, -99.57, -2.45, -28.78]
[-50.26, -31.27, 8.48, 0.0, 4.98, -92.41, 4.64, 28.78, 4.97, -104.32, 18.23, 0.0, 4.99, -99.04, -1.9, -28.78]
[-50.58, -30.27, 9.16, 0.0, 4.99, -92.98, 4.1, 28.78, 4.97, -104.9, 17.74, 0.0, 4.99, -98.5, -1.35, -28.78]
[-50.93, -29.22, 9.85, 0.0, 4.98, -93.54, 3.56, 28.78, 4.97, -105.47, 17.25, 0.0, 4.97, -97.95, -0.81, -28.78]
[-51.32, -28.11, 10.57, 0.0, 4.97, -94.09, 3.01, 28.78, 4.99, -106.06, 16.77, 0.0, 4.98, -97.41, -0.26, -28.78]
[-51.76, -26.94, 11.3, 0.0, 4.99, -94.66, 2.47, 28.78, 4.97, -106.62, 16.28, 0.0, 4.98, -96.86, 0.29, -28.78]
[-52.24, -25.7, 12.06, 0.0, 4.99, -95.22, 1.92, 28.78, 4.98, -107.2, 15.79, 0.0, 4.97, -96.31, 0.83, -28.78]
[-52.78, -24.38, 12.84, 0.0, 4.98, -95.77, 1.38, 28.78, 4.98, -107.77, 15.3, 0.0, 4.98, -95.77, 1.38, -28.78]
[-49.64, -28.82, 11.55, 0.0, 4.99, -95.94, 1.4, 28.3, 4.98, -107.75, 14.92, 0.0, 4.99, -95.94, 1.4, -28.3]
[-46.76, -32.81, 10.43, 0.0, 4.99, -96.1, 1.42, 27.82, 4.98, -107.72, 14.54, 0.0, 4.99, -96.1, 1.42, -27.82]
[-44.21, -36.31, 9.48, 0.0, 4.97, -96.26, 1.45, 27.34, 4.97, -107.69, 14.17, 0.0, 4.97, -96.26, 1.45, -27.34]
[-41.84, -39.52, 8.64, 0.0, 4.98, -96.42, 1.47, 26.85, 4.97, -107.65, 13.81, 0.0, 4.98, -96.42, 1.47, -26.85]
[-39.63, -42.49, 7.89, 0.0, 4.98, -96.57, 1.5, 26.35, 5.0, -107.63, 13.44, 0.0, 4.98, -96.57, 1.5, -26.35]
[-37.52, -45.27, 7.21, 0.0, 4.97, -96.72, 1.52, 25.86, 4.99, -107.58, 13.09, 0.0, 4.97, -96.72, 1.52, -25.86]
[-35.51, -47.9, 6.59, 0.0, 4.98, -96.87, 1.55, 25.35, 4.98, -107.52, 12.74, 0.0, 4.98, -96.87, 1.55, -25.35]
[-33.58, -50.4, 6.02, 0.0, 4.99, -97.02, 1.58, 24.85, 4.96, -107.46, 12.39, 0.0, 4.99, -97.02, 1.58, -24.85]
[-31.71, -52.79, 5.5, 0.0, 4.98, -97.15, 1.61, 24.34, 4.99, -107.41, 12.05, 0.0, 4.98, -97.15, 1.61, -24.34]
[-29.9, -55.08, 5.02, 0.0, 4.99, -97.3, 1.63, 23.82, 4.97, -107.33, 11.71, 0.0, 4.99, -97.3, 1.63, -23.82]
[-28.14, -57.28, 4.58, 0.0, 4.99, -97.43, 1.66, 23.3, 4.99, -107.27, 11.38, 0.0, 4.99, -97.43, 1.66, -23.3]
[-26.41, -59.41, 4.17, 0.0, 4.98, -97.55, 1.69, 22.78, 4.97, -107.18, 11.05, 0.0, 4.98, -97.55, 1.69, -22.78]
[-24.73, -61.48, 3.8, 0.0, 5.0, -97.69, 1.72, 22.26, 4.99, -107.11, 10.73, 0.0, 5.0, -97.69, 1.72, -22.26]
[-23.07, -63.48, 3.45, 0.0, 4.96, -97.79, 1.75, 21.73, 4.97, -107.0, 10.41, 0.0, 4.96, -97.79, 1.75, -21.73]
[-21.45, -65.42, 3.13, 0.0, 4.99, -97.92, 1.78, 21.19, 4.98, -106.92, 10.1, 0.0, 4.99, -97.92, 1.78, -21.19]
[-19.84, -67.31, 2.84, 0.0, 4.97, -98.02, 1.81, 20.65, 5.0, -106.83, 9.8, 0.0, 4.97, -98.02, 1.81, -20.65]
[-18.26, -69.16, 2.58, 0.0, 4.97, -98.13, 1.84, 20.11, 4.97, -106.71, 9.5, 0.0, 4.97, -98.13, 1.84, -20.11]
[-16.7, -70.97, 2.33, 0.0, 4.99, -98.26, 1.87, 19.56, 4.99, -106.61, 9.2, 0.0, 4.99, -98.26, 1.87, -19.56]
[-15.15, -72.73, 2.12, 0.0, 4.97, -98.34, 1.89, 19.01, 4.96, -106.47, 8.91, 0.0, 4.97, -98.34, 1.89, -19.01]
[-13.62, -74.46, 1.92, 0.0, 5.0, -98.47, 1.92, 18.46, 4.97, -106.36, 8.62, 0.0, 5.0, -98.47, 1.92, -18.46]
[-12.1, -76.15, 1.75, 0.0, 4.98, -98.55, 1.95, 17.9, 4.99, -106.24, 8.35, 0.0, 4.98, -98.55, 1.95, -17.9]
[-10.59, -77.81, 1.59, 0.0, 4.99, -98.65, 1.98, 17.34, 5.0, -106.12, 8.07, 0.0, 4.99, -98.65, 1.98, -17.34]
[-9.09, -79.45, 1.46, 0.0, 4.98, -98.74, 2.01, 16.78, 4.97, -105.96, 7.8, 0.0, 4.98, -98.74, 2.01, -16.78]
[-7.6, -81.05, 1.35, 0.0, 4.96, -98.81, 2.03, 16.21, 4.98, -105.83, 7.54, 0.0, 4.96, -98.81, 2.03, -16.21]
[-6.12, -82.63, 1.26, 0.0, 4.97, -98.9, 2.06, 15.64, 4.99, -105.68, 7.28, 0.0, 4.97, -98.9, 2.06, -15.64]
[-4.64, -84.18, 1.19, 0.0, 4.99, -99.0, 2.08, 15.07, 4.97, -105.51, 7.02, 0.0, 4.99, -99.0, 2.08, -15.07]
[-3.16, -85.7, 1.14, 0.0, 4.96, -99.05, 2.11, 14.49, 4.98, -105.36, 6.78, 0.0, 4.96, -99.05, 2.11, -14.49]
[-1.69, -87.21, 1.1, 0.0, 5.0, -99.15, 2.13, 13.91, 4.99, -105.2, 6.54, 0.0, 5.0, -99.15, 2.13, -13.91]
[-0.22, -88.69, 1.09, 0.0, 4.98, -99.21, 2.16, 13.33, 4.96, -105.02, 6.3, 0.0, 4.98, -99.21, 2.16, -13.33]
[1.26, -90.16, 1.1, 0.0, 4.98, -99.28, 2.18, 12.74, 4.97, -104.85, 6.07, 0.0, 4.98, -99.28, 2.18, -12.74]
[2.73, -91.6, 1.12, 0.0, 4.97, -99.34, 2.2, 12.15, 4.99, -104.68, 5.84, 0.0, 4.97, -99.34, 2.2, -12.15]
[4.2, -93.03, 1.17, 0.0, 4.98, -99.4, 2.23, 11.56, 5.0, -104.5, 5.62, 0.0, 4.98, -99.4, 2.23, -11.56]
[4.97, -93.95, 1.21, 0.0, 4.97, -99.46, 2.25, 10.97, 4.97, -104.29, 5.4, 0.0, 4.97, -99.46, 2.25, -10.97]
[4.98, -94.33, 1.23, 0.0, 4.99, -99.53, 2.27, 10.37, 4.99, -104.1, 5.19, 0.0, 4.99, -99.53, 2.27, -10.37]
[4.98, -94.71, 1.26, 0.0, 4.99, -99.58, 2.29, 9.78, 5.0, -103.91, 4.99, 0.0, 4.99, -99.58, 2.29, -9.78]
[4.99, -95.08, 1.3, 0.0, 4.98, -99.62, 2.3, 9.18, 4.98, -103.69, 4.79, 0.0, 4.98, -99.62, 2.3, -9.18]
[4.99, -95.45, 1.34, 0.0, 4.99, -99.67, 2.32, 8.57, 4.99, -103.49, 4.59, 0.0, 4.99, -99.67, 2.32, -8.57]
[5.0, -95.81, 1.38, 0.0, 4.98, -99.71, 2.34, 7.97, 4.97, -103.25, 4.4, 0.0, 4.98, -99.71, 2.34, -7.97]
[4.97, -96.14, 1.43, 0.0, 5.0, -99.75, 2.35, 7.36, 4.98, -103.04, 4.22, 0.0, 5.0, -99.75, 2.35, -7.36]
[4.97, -96.49, 1.48, 0.0, 4.99, -99.79, 2.37, 6.76, 4.96, -102.8, 4.04, 0.0, 4.99, -99.79, 2.37, -6.76]
[4.98, -96.83, 1.54, 0.0, 4.98, -99.81, 2.38, 6.15, 4.98, -102.58, 3.87, 0.0, 4.98, -99.81, 2.38, -6.15]
[4.99, -97.18, 1.61, 0.0, 4.98, -99.84, 2.39, 5.54, 5.0, -102.35, 3.7, 0.0, 4.98, -99.84, 2.39, -5.54]
[4.99, -97.51, 1.68, 0.0, 4.97, -99.86, 2.4, 4.92, 4.98, -102.1, 3.54, 0.0, 4.97, -99.86, 2.4, -4.92]
[4.96, -97.82, 1.76, 0.0, 4.98, -99.89, 2.41, 4.31, 5.0, -101.86, 3.38, 0.0, 4.98, -99.89, 2.41, -4.31]
[4.97, -98.15, 1.84, 0.0, 4.97, -99.9, 2.42, 3.7, 4.98, -101.6, 3.23, 0.0, 4.97, -99.9, 2.42, -3.7]
[4.98, -98.47, 1.93, 0.0, 4.99, -99.93, 2.42, 3.08, 5.0, -101.35, 3.09, 0.0, 4.99, -99.93, 2.42, -3.08]
[4.99, -98.78, 2.02, 0.0, 4.98, -99.94, 2.43, 2.47, 4.98, -101.08, 2.95, 0.0, 4.98, -99.94, 2.43, -2.47]
[4.97, -99.07, 2.11, 0.0, 4.97, -99.94, 2.43, 1.85, 4.97, -100.8, 2.81, 0.0, 4.97, -99.94, 2.43, -1.85]
[4.98, -99.38, 2.22, 0.0, 4.97, -99.95, 2.44, 1.23, 4.99, -100.54, 2.68, 0.0, 4.97, -99.95, 2.44, -1.23]
[4.99, -99.68, 2.33, 0.0, 4.99, -99.97, 2.44, 0.62, 4.98, -100.25, 2.56, 0.0, 4.99, -99.97, 2.44, -0.62]
[4.96, -99.96, 2.44, 0.0, 4.96, -99.96, 2.44, 0.0, 4.96, -99.96, 2.44, 0.0, 4.96, -99.96, 2.44, -0.0]