[2.86, -98.48, 2.38, 0.0, 2.86, -98.48, 2.38, 0.0, 2.86, -98.48, 2.38, 0.0, 2.86, -98.48, 2.38, 0.0]
[4.99, -99.68, 2.33, 0.0, 4.99, -99.97, 2.44, 0.62, 4.98, -100.25, 2.56, 0.0, 4.99, -99.97, 2.44, -0.62]
[4.98, -99.38, 2.22, 0.0, 4.97, -99.95, 2.44, 1.23, 4.99, -100.54, 2.68, 0.0, 4.97, -99.95, 2.44, -1.23]
[4.97, -99.07, 2.11, 0.0, 4.97, -99.94, 2.43, 1.85, 4.97, -100.8, 2.81, 0.0, 4.97, -99.94, 2.43, -1.85]
[4.99, -98.78, 2.02, 0.0, 4.98, -99.94, 2.43, 2.47, 4.98, -101.08, 2.95, 0.0, 4.98, -99.94, 2.43, -2.47]
[4.98, -98.47, 1.93, 0.0, 4.99, -99.93, 2.42, 3.08, 5.0, -101.35, 3.09, 0.0, 4.99, -99.93, 2.42, -3.08]
[4.97, -98.15, 1.84, 0.0, 4.97, -99.9, 2.42, 3.7, 4.98, -101.6, 3.23, 0.0, 4.97, -99.9, 2.42, -3.7]
[4.96, -97.82, 1.76, 0.0, 4.98, -99.89, 2.41, 4.31, 5.0, -101.86, 3.38, 0.0, 4.98, -99.89, 2.41, -4.31]
[4.99, -97.51, 1.68, 0.0, 4.97, -99.86, 2.4, 4.92, 4.98, -102.1, 3.54, 0.0, 4.97, -99.86, 2.4, -4.92]
[4.99, -97.18, 1.61, 0.0, 4.98, -99.84, 2.39, 5.54, 5.0, -102.35, 3.7, 0.0, 4.98, -99.84, 2.39, -5.54]
[4.98, -96.83, 1.54, 0.0, 4.98, -99.81, 2.38, 6.15, 4.98, -102.58, 3.87, 0.0, 4.98, -99.81, 2.38, -6.15]
[4.97, -96.49, 1.48, 0.0, 4.99, -99.79, 2.37, 6.76, 4.96, -102.8, 4.04, 0.0, 4.99, -99.79, 2.37, -6.76]
[4.97, -96.14, 1.43, 0.0, 5.0, -99.75, 2.35, 7.36, 4.98, -103.04, 4.22, 0.0, 5.0, -99.75, 2.35, -7.36]
[5.0, -95.81, 1.38, 0.0, 4.98, -99.71, 2.34, 7.97, 4.97, -103.25, 4.4, 0.0, 4.98, -99.71, 2.34, -7.97]
[4.99, -95.45, 1.34, 0.0, 4.99, -99.67, 2.32, 8.57, 4.99, -103.49, 4.59, 0.0, 4.99, -99.67, 2.32, -8.57]
[4.99, -95.08, 1.3, 0.0, 4.98, -99.62, 2.3, 9.18, 4.98, -103.69, 4.79, 0.0, 4.98, -99.62, 2.3, -9.18]
[4.98, -94.71, 1.26, 0.0, 4.99, -99.58, 2.29, 9.78, 5.0, -103.91, 4.99, 0.0, 4.99, -99.58, 2.29, -9.78]
[4.98, -94.33, 1.23, 0.0, 4.99, -99.53, 2.27, 10.37, 4.99, -104.1, 5.19, 0.0, 4.99, -99.53, 2.27, -10.37]
[4.97, -93.95, 1.21, 0.0, 4.97, -99.46, 2.25, 10.97, 4.97, -104.29, 5.4, 0.0, 4.97, -99.46, 2.25, -10.97]
[4.2, -93.03, 1.17, 0.0, 4.98, -99.4, 2.23, 11.56, 5.0, -104.5, 5.62, 0.0, 4.98, -99.4, 2.23, -11.56]
[2.73, -91.6, 1.12, 0.0, 4.97, -99.34, 2.2, 12.15, 4.99, -104.68, 5.84, 0.0, 4.97, -99.34, 2.2, -12.15]
[1.26, -90.16, 1.1, 0.0, 4.98, -99.28, 2.18, 12.74, 4.97, -104.85, 6.07, 0.0, 4.98, -99.28, 2.18, -12.74]
[-0.22, -88.69, 1.09, 0.0, 4.98, -99.21, 2.16, 13.33, 4.96, -105.02, 6.3, 0.0, 4.98, -99.21, 2.16, -13.33]
[-1.69, -87.21, 1.1, 0.0, 5.0, -99.15, 2.13, 13.91, 4.99, -105.2, 6.54, 0.0, 5.0, -99.15, 2.13, -13.91]
[-3.16, -85.7, 1.14, 0.0, 4.96, -99.05, 2.11, 14.49, 4.98, -105.36, 6.78, 0.0, 4.96, -99.05, 2.11, -14.49]
[-4.64, -84.18, 1.19, 0.0, 4.99, -99.0, 2.08, 15.07, 4.97, -105.51, 7.02, 0.0, 4.99, -99.0, 2.08, -15.07]
[-6.12, -82.63, 1.26, 0.0, 4.97, -98.9, 2.06, 15.64, 4.99, -105.68, 7.28, 0.0, 4.97, -98.9, 2.06, -15.64]
[-7.6, -81.05, 1.35, 0.0, 4.96, -98.81, 2.03, 16.21, 4.98, -105.83, 7.54, 0.0, 4.96, -98.81, 2.03, -16.21]
[-9.09, -79.45, 1.46, 0.0, 4.98, -98.74, 2.01, 16.78, 4.97, -105.96, 7.8, 0.0, 4.98, -98.74, 2.01, -16.78]
[-10.59, -77.81, 1.59, 0.0, 4.99, -98.65, 1.98, 17.34, 5.0, -106.12, 8.07, 0.0, 4.99, -98.65, 1.98, -17.34]
[-12.1, -76.15, 1.75, 0.0, 4.98, -98.55, 1.95, 17.9, 4.99, -106.24, 8.35, 0.0, 4.98, -98.55, 1.95, -17.9]
[-13.62, -74.46, 1.92, 0.0, 5.0, -98.47, 1.92, 18.46, 4.97, -106.36, 8.62, 0.0, 5.0, -98.47, 1.92, -18.46]
[-15.15, -72.73, 2.12, 0.0, 4.97, -98.34, 1.89, 19.01, 4.96, -106.47, 8.91, 0.0, 4.97, -98.34, 1.89, -19.01]
[-16.7, -70.97, 2.33, 0.0, 4.99, -98.26, 1.87, 19.56, 4.99, -106.61, 9.2, 0.0, 4.99, -98.26, 1.87, -19.56]
[-18.26, -69.16, 2.58, 0.0, 4.97, -98.13, 1.84, 20.11, 4.97, -106.71, 9.5, 0.0, 4.97, -98.13, 1.84, -20.11]
[-19.84, -67.31, 2.84, 0.0, 4.97, -98.02, 1.81, 20.65, 5.0, -106.83, 9.8, 0.0, 4.97, -98.02, 1.81, -20.65]
[-21.45, -65.42, 3.13, 0.0, 4.99, -97.92, 1.78, 21.19, 4.98, -106.92, 10.1, 0.0, 4.99, -97.92, 1.78, -21.19]
[-23.07, -63.48, 3.45, 0.0, 4.96, -97.79, 1.75, 21.73, 4.97, -107.0, 10.41, 0.0, 4.96, -97.79, 1.75, -21.73]
[-24.73, -61.48, 3.8, 0.0, 5.0, -97.69, 1.72, 22.26, 4.99, -107.11, 10.73, 0.0, 5.0, -97.69, 1.72, -22.26]
[-26.41, -59.41, 4.17, 0.0, 4.98, -97.55, 1.69, 22.78, 4.97, -107.18, 11.05, 0.0, 4.98, -97.55, 1.69, -22.78]
[-28.14, -57.28, 4.58, 0.0, 4.99, -97.43, 1.66, 23.3, 4.99, -107.27, 11.38, 0.0, 4.99, -97.43, 1.66, -23.3]
[-29.9, -55.08, 5.02, 0.0, 4.99, -97.3, 1.63, 23.82, 4.97, -107.33, 11.71, 0.0, 4.99, -97.3, 1.63, -23.82]
[-31.71, -52.79, 5.5, 0.0, 4.98, -97.15, 1.61, 24.34, 4.99, -107.41, 12.05, 0.0, 4.98, -97.15, 1.61, -24.34]
[-33.58, -50.4, 6.02, 0.0, 4.99, -97.02, 1.58, 24.85, 4.96, -107.46, 12.39, 0.0, 4.99, -97.02, 1.58, -24.85]
[-35.51, -47.9, 6.59, 0.0, 4.98, -96.87, 1.55, 25.35, 4.98, -107.52, 12.74, 0.0, 4.98, -96.87, 1.55, -25.35]
[-37.52, -45.27, 7.21, 0.0, 4.97, -96.72, 1.52, 25.86, 4.99, -107.58, 13.09, 0.0, 4.97, -96.72, 1.52, -25.86]
[-39.63, -42.49, 7.89, 0.0, 4.98, -96.57, 1.5, 26.35, 5.0, -107.63, 13.44, 0.0, 4.98, -96.57, 1.5, -26.35]
[-41.84, -39.52, 8.64, 0.0, 4.98, -96.42, 1.47, 26.85, 4.97, -107.65, 13.81, 0.0, 4.98, -96.42, 1.47, -26.85]
[-44.21, -36.31, 9.48, 0.0, 4.97, -96.26, 1.45, 27.34, 4.97, -107.69, 14.17, 0.0, 4.97, -96.26, 1.45, -27.34]
[-46.76, -32.81, 10.43, 0.0, 4.99, -96.1, 1.42, 27.82, 4.98, -107.72, 14.54, 0.0, 4.99, -96.1, 1.42, -27.82]
[-49.51, -28.97, 11.51, 0.0, 4.99, -95.94, 1.4, 28.3, 4.98, -107.75, 14.92, 0.0, 4.99, -95.94, 1.4, -28.3]
[-52.71, -24.47, 12.82, 0.0, 4.98, -95.77, 1.38, 28.78, 4.98, -107.77, 15.3, 0.0, 4.98, -95.77, 1.38, -28.78]
[-53.05, -24.56, 12.4, 0.09, 4.98, -95.77, 1.38, 28.78, 4.98, -107.77, 15.3, 0.0, 4.98, -95.77, 1.38, -28.78]
[-53.34, -24.71, 11.96, 0.19, 4.98, -95.77, 1.38, 28.78, 4.98, -107.77, 15.3, 0.0, 4.98, -95.77, 1.38, -28.78]
[-53.64, -24.83, 11.53, 0.28, 4.98, -95.77, 1.38, 28.78, 4.98, -107.77, 15.3, 0.0, 4.98, -95.77, 1.38, -28.78]
[-53.97, -24.92, 11.11, 0.38, 4.98, -95.77, 1.38, 28.78, 4.98, -107.77, 15.3, 0.0, 4.98, -95.77, 1.38, -28.78]
[-54.31, -24.98, 10.7, 0.47, 4.98, -95.77, 1.38, 28.78, 4.98, -107.77, 15.3, 0.0, 4.98, -95.77, 1.38, -28.78]
[-54.68, -25.02, 10.3, 0.56, 4.98, -95.77, 1.38, 28.78, 4.98, -107.77, 15.3, 0.0, 4.98, -95.77, 1.38, -28.78]
[-55.06, -25.02, 9.91, 0.66, 4.98, -95.77, 1.38, 28.78, 4.98, -107.77, 15.3, 0.0, 4.98, -95.77, 1.38, -28.78]
[-55.47, -25.0, 9.53, 0.75, 4.98, -95.77, 1.38, 28.78, 4.98, -107.77, 15.3, 0.0, 4.98, -95.77, 1.38, -28.78]
[-55.89, -24.95, 9.16, 0.84, 4.98, -95.77, 1.38, 28.78, 4.98, -107.77, 15.3, 0.0, 4.98, -95.77, 1.38, -28.78]
[-56.33, -24.87, 8.8, 0.93, 4.98, -95.77, 1.38, 28.78, 4.98, -107.77, 15.3, 0.0, 4.98, -95.77, 1.38, -28.78]
[-56.79, -24.76, 8.45, 1.03, 4.98, -95.77, 1.38, 28.78, 4.98, -107.77, 15.3, 0.0, 4.98, -95.77, 1.38, -28.78]
[-57.27, -24.63, 8.1, 1.12, 4.98, -95.77, 1.38, 28.78, 4.98, -107.77, 15.3, 0.0, 4.98, -95.77, 1.38, -28.78]
[-57.77, -24.46, 7.77, 1.21, 4.98, -95.77, 1.38, 28.78, 4.98, -107.77, 15.3, 0.0, 4.98, -95.77, 1.38, -28.78]
[-58.29, -24.26, 7.45, 1.3, 4.98, -95.77, 1.38, 28.78, 4.98, -107.77, 15.3, 0.0, 4.98, -95.77, 1.38, -28.78]
[-58.83, -24.03, 7.14, 1.39, 4.98, -95.77, 1.38, 28.78, 4.98, -107.77, 15.3, 0.0, 4.98, -95.77, 1.38, -28.78]
[-59.39, -23.77, 6.84, 1.48, 4.98, -95.77, 1.38, 28.78, 4.98, -107.77, 15.3, 0.0, 4.98, -95.77, 1.38, -28.78]
[-59.97, -23.48, 6.55, 1.57, 4.98, -95.77, 1.38, 28.78, 4.98, -107.77, 15.3, 0.0, 4.98, -95.77, 1.38, -28.78]
[-60.58, -23.15, 6.27, 1.66, 4.98, -95.77, 1.38, 28.78, 4.98, -107.77, 15.3, 0.0, 4.98, -95.77, 1.38, -28.78]
[-61.2, -22.79, 6.01, 1.75, 4.98, -95.77, 1.38, 28.78, 4.98, -107.77, 15.3, 0.0, 4.98, -95.77, 1.38, -28.78]
[-61.86, -22.39, 5.75, 1.84, 4.98, -95.77, 1.38, 28.78, 4.98, -107.77, 15.3, 0.0, 4.98, -95.77, 1.38, -28.78]
[-62.53, -21.95, 5.52, 1.93, 4.98, -95.77, 1.38, 28.78, 4.98, -107.77, 15.3, 0.0, 4.98, -95.77, 1.38, -28.78]
[-63.24, -21.47, 5.29, 2.01, 4.98, -95.77, 1.38, 28.78, 4.98, -107.77, 15.3, 0.0, 4.98, -95.77, 1.38, -28.78]
[-63.97, -20.94, 5.08, 2.1, 4.98, -95.77, 1.38, 28.78, 4.98, -107.77, 15.3, 0.0, 4.98, -95.77, 1.38, -28.78]
[-64.74, -20.37, 4.89, 2.19, 4.98, -95.77, 1.38, 28.78, 4.98, -107.77, 15.3, 0.0, 4.98, -95.77, 1.38, -28.78]
[-65.53, -19.75, 4.72, 2.28, 4.98, -95.77, 1.38, 28.78, 4.98, -107.77, 15.3, 0.0, 4.98, -95.77, 1.38, -28.78]
[-66.37, -19.07, 4.56, 2.36, 4.98, -95.77, 1.38, 28.78, 4.98, -107.77, 15.3, 0.0, 4.98, -95.77, 1.38, -28.78]
[-67.24, -18.33, 4.43, 2.45, 4.98, -95.77, 1.38, 28.78, 4.98, -107.77, 15.3, 0.0, 4.98, -95.77, 1.38, -28.78]
[-68.16, -17.51, 4.32, 2.54, 4.98, -95.77, 1.38, 28.78, 4.98, -107.77, 15.3, 0.0, 4.98, -95.77, 1.38, -28.78]
[-69.14, -16.62, 4.24, 2.62, 4.98, -95.77, 1.38, 28.78, 4.98, -107.77, 15.3, 0.0, 4.98, -95.77, 1.38, -28.78]
[-70.17, -15.63, 4.2, 2.71, 4.98, -95.77, 1.38, 28.78, 4.98, -107.77, 15.3, 0.0, 4.98, -95.77, 1.38, -28.78]
[-71.28, -14.53, 4.19, 2.8, 4.98, -95.77, 1.38, 28.78, 4.98, -107.77, 15.3, 0.0, 4.98, -95.77, 1.38, -28.78]
[-72.48, -13.29, 4.23, 2.88, 4.98, -95.77, 1.38, 28.78, 4.98, -107.77, 15.3, 0.0, 4.98, -95.77, 1.38, -28.78]
[-73.8, -11.87, 4.33, 2.97, 4.98, -95.77, 1.38, 28.78, 4.98, -107.77, 15.3, 0.0, 4.98, -95.77, 1.38, -28.78]
[-75.13, -10.41, 4.45, 3.05, 4.98, -95.77, 1.38, 28.78, 4.98, -107.77, 15.3, 0.0, 4.98, -95.77, 1.38, -28.78]
[-76.86, -8.36, 4.77, 3.14, 4.98, -95.77, 1.38, 28.78, 4.98, -107.77, 15.3, 0.0, 4.98, -95.77, 1.38, -28.78]
[-78.86, -5.88, 5.24, 3.22, 4.98, -95.77, 1.38, 28.78, 4.98, -107.77, 15.3, 0.0, 4.98, -95.77, 1.38, -28.78]
[-81.3, -2.7, 5.95, 3.3, 4.98, -95.77, 1.38, 28.78, 4.98, -107.77, 15.3, 0.0, 4.98, -95.77, 1.38, -28.78]
[-82.51, -1.3, 6.06, 3.39, 4.98, -95.77, 1.38, 28.78, 4.98, -107.77, 15.3, 0.0, 4.98, -95.77, 1.38, -28.78]
[-82.31, -2.0, 5.46, 3.47, 4.98, -95.77, 1.38, 28.78, 4.98, -107.77, 15.3, 0.0, 4.98, -95.77, 1.38, -28.78]
[-83.47, -0.66, 5.55, 3.56, 4.98, -95.77, 1.38, 28.78, 4.98, -107.77, 15.3, 0.0, 4.98, -95.77, 1.38, -28.78]
[-83.85, -0.48, 5.25, 3.64, 4.98, -95.77, 1.38, 28.78, 4.98, -107.77, 15.3, 0.0, 4.98, -95.77, 1.38, -28.78]
[-83.2, -1.83, 4.43, 3.72, 4.98, -95.77, 1.38, 28.78, 4.98, -107.77, 15.3, 0.0, 4.98, -95.77, 1.38, -28.78]
[-84.14, -0.81, 4.42, 3.8, 4.98, -95.77, 1.38, 28.78, 4.98, -107.77, 15.3, 0.0, 4.98, -95.77, 1.38, -28.78]
[-84.18, -1.14, 3.95, 3.89, 4.98, -95.77, 1.38, 28.78, 4.98, -107.77, 15.3, 0.0, 4.98, -95.77, 1.38, -28.78]
[-84.63, -0.83, 3.69, 3.97, 4.98, -95.77, 1.38, 28.78, 4.98, -107.77, 15.3, 0.0, 4.98, -95.77, 1.38, -28.78]
[-84.19, -1.86, 2.98, 4.05, 4.98, -95.77, 1.38, 28.78, 4.98, -107.77, 15.3, 0.0, 4.98, -95.77, 1.38, -28.78]
[-85.27, -0.6, 3.05, 4.13, 4.98, -95.77, 1.38, 28.78, 4.98, -107.77, 15.3, 0.0, 4.98, -95.77, 1.38, -28.78]
[-85.37, -0.8, 2.62, 4.21, 4.98, -95.77, 1.38, 28.78, 4.98, -107.77, 15.3, 0.0, 4.98, -95.77, 1.38, -28.78]
[-84.76, -2.08, 1.83, 4.29, 4.98, -95.77, 1.38, 28.78, 4.98, -107.77, 15.3, 0.0, 4.98, -95.77, 1.38, -28.78]
[-85.4, -1.46, 1.68, 4.37, 4.98, -95.77, 1.38, 28.78, 4.98, -107.77, 15.3, 0.0, 4.98, -95.77, 1.38, -28.78]
[-85.39, -1.83, 1.2, 4.45, 4.98, -95.77, 1.38, 28.78, 4.98, -107.77, 15.3, 0.0, 4.98, -95.77, 1.38, -28.78]
[-85.62, -1.83, 0.84, 4.53, 4.98, -95.77, 1.38, 28.78, 4.98, -107.77, 15.3, 0.0, 4.98, -95.77, 1.38, -28.78]
[-86.09, -1.45, 0.61, 4.61, 4.98, -95.77, 1.38, 28.78, 4.98, -107.77, 15.3, 0.0, 4.98, -95.77, 1.38, -28.78]
[-85.9, -2.07, 0.05, 4.69, 4.98, -95.77, 1.38, 28.78, 4.98, -107.77, 15.3, 0.0, 4.98, -95.77, 1.38, -28.78]
[-86.98, -0.78, 0.13, 4.77, 4.98, -95.77, 1.38, 28.78, 4.98, -107.77, 15.3, 0.0, 4.98, -95.77, 1.38, -28.78]
[-87.32, -0.59, -0.16, 4.85, 4.98, -95.77, 1.38, 28.78, 4.98, -107.77, 15.3, 0.0, 4.98, -95.77, 1.38, -28.78]
[-86.68, -1.87, -0.95, 4.93, 4.98, -95.77, 1.38, 28.78, 4.98, -107.77, 15.3, 0.0, 4.98, -95.77, 1.38, -28.78]
[-87.53, -0.91, -0.98, 5.01, 4.98, -95.77, 1.38, 28.78, 4.98, -107.77, 15.3, 0.0, 4.98, -95.77, 1.38, -28.78]
[-87.5, -1.26, -1.45, 5.09, 4.98, -95.77, 1.38, 28.78, 4.98, -107.77, 15.3, 0.0, 4.98, -95.77, 1.38, -28.78]
[-87.83, -1.07, -1.74, 5.17, 4.98, -95.77, 1.38, 28.78, 4.98, -107.77, 15.3, 0.0, 4.98, -95.77, 1.38, -28.78]
[-87.39, -2.03, -2.42, 5.24, 4.98, -95.77, 1.38, 28.78, 4.98, -107.77, 15.3, 0.0, 4.98, -95.77, 1.38, -28.78]
[-88.18, -1.13, -2.47, 5.32, 4.98, -95.77, 1.38, 28.78, 4.98, -107.77, 15.3, 0.0, 4.98, -95.77, 1.38, -28.78]
[-88.22, -1.38, -2.9, 5.4, 4.98, -95.77, 1.38, 28.78, 4.98, -107.77, 15.3, 0.0, 4.98, -95.77, 1.38, -28.78]
[-88.56, -1.15, -3.18, 5.47, 4.98, -95.77, 1.38, 28.78, 4.98, -107.77, 15.3, 0.0, 4.98, -95.77, 1.38, -28.78]
[-88.15, -2.05, -3.84, 5.55, 4.98, -95.77, 1.38, 28.78, 4.98, -107.77, 15.3, 0.0, 4.98, -95.77, 1.38, -28.78]
[-88.95, -1.12, -3.87, 5.63, 4.98, -95.77, 1.38, 28.78, 4.98, -107.77, 15.3, 0.0, 4.98, -95.77, 1.38, -28.78]
[-88.99, -1.33, -4.29, 5.7, 4.98, -95.77, 1.38, 28.78, 4.98, -107.77, 15.3, 0.0, 4.98, -95.77, 1.38, -28.78]
[-89.35, -1.06, -4.55, 5.78, 4.98, -95.77, 1.38, 28.78, 4.98, -107.77, 15.3, 0.0, 4.98, -95.77, 1.38, -28.78]
[-88.91, -1.98, -5.22, 5.86, 4.98, -95.77, 1.38, 28.78, 4.98, -107.77, 15.3, 0.0, 4.98, -95.77, 1.38, -28.78]
[-89.75, -0.98, -5.23, 5.93, 4.98, -95.77, 1.38, 28.78, 4.98, -107.77, 15.3, 0.0, 4.98, -95.77, 1.38, -28.78]
[-89.77, -1.21, -5.65, 6.01, 4.98, -95.77, 1.38, 28.78, 4.98, -107.77, 15.3, 0.0, 4.98, -95.77, 1.38, -28.78]
[-90.14, -0.9, -5.9, 6.08, 4.98, -95.77, 1.38, 28.78, 4.98, -107.77, 15.3, 0.0, 4.98, -95.77, 1.38, -28.78]
[-89.64, -1.91, -6.58, 6.16, 4.98, -95.77, 1.38, 28.78, 4.98, -107.77, 15.3, 0.0, 4.98, -95.77, 1.38, -28.78]
[-90.51, -0.84, -6.57, 6.23, 4.98, -95.77, 1.38, 28.78, 4.98, -107.77, 15.3, 0.0, 4.98, -95.77, 1.38, -28.78]
[-90.48, -1.12, -7.01, 6.31, 4.98, -95.77, 1.38, 28.78, 4.98, -107.77, 15.3, 0.0, 4.98, -95.77, 1.38, -28.78]
[-90.84, -0.82, -7.25, 6.38, 4.98, -95.77, 1.38, 28.78, 4.98, -107.77, 15.3, 0.0, 4.98, -95.77, 1.38, -28.78]
[-90.27, -1.89, -7.96, 6.45, 4.98, -95.77, 1.38, 28.78, 4.98, -107.77, 15.3, 0.0, 4.98, -95.77, 1.38, -28.78]
[-91.11, -0.86, -7.96, 6.53, 4.98, -95.77, 1.38, 28.78, 4.98, -107.77, 15.3, 0.0, 4.98, -95.77, 1.38, -28.78]
[-91.04, -1.19, -8.42, 6.6, 4.98, -95.77, 1.38, 28.78, 4.98, -107.77, 15.3, 0.0, 4.98, -95.77, 1.38, -28.78]
[-91.32, -0.98, -8.69, 6.67, 4.98, -95.77, 1.38, 28.78, 4.98, -107.77, 15.3, 0.0, 4.98, -95.77, 1.38, -28.78]
[-90.77, -2.01, -9.38, 6.75, 4.98, -95.77, 1.38, 28.78, 4.98, -107.77, 15.3, 0.0, 4.98, -95.77, 1.38, -28.78]
[-91.47, -1.17, -9.44, 6.82, 4.98, -95.77, 1.38, 28.78, 4.98, -107.77, 15.3, 0.0, 4.98, -95.77, 1.38, -28.78]
[-91.38, -1.5, -9.89, 6.89, 4.98, -95.77, 1.38, 28.78, 4.98, -107.77, 15.3, 0.0, 4.98, -95.77, 1.38, -28.78]
[-91.57, -1.42, -10.21, 6.96, 4.98, -95.77, 1.38, 28.78, 4.98, -107.77, 15.3, 0.0, 4.98, -95.77, 1.38, -28.78]
[-92.08, -0.84, -10.35, 7.04, 4.98, -95.77, 1.38, 28.78, 4.98, -107.77, 15.3, 0.0, 4.98, -95.77, 1.38, -28.78]
[-91.62, -1.71, -10.99, 7.11, 4.98, -95.77, 1.38, 28.78, 4.98, -107.77, 15.3, 0.0, 4.98, -95.77, 1.38, -28.78]
[-91.54, -2.02, -11.43, 7.18, 4.98, -95.77, 1.38, 28.78, 4.98, -107.77, 15.3, 0.0, 4.98, -95.77, 1.38, -28.78]
[-91.65, -2.04, -11.78, 7.25, 4.98, -95.77, 1.38, 28.78, 4.98, -107.77, 15.3, 0.0, 4.98, -95.77, 1.38, -28.78]
[-91.94, -1.78, -12.03, 7.32, 4.98, -95.77, 1.38, 28.78, 4.98, -107.77, 15.3, 0.0, 4.98, -95.77, 1.38, -28.78]
[-92.53, -1.07, -12.12, 7.39, 4.98, -95.77, 1.38, 28.78, 4.98, -107.77, 15.3, 0.0, 4.98, -95.77, 1.38, -28.78]
[-92.26, -1.63, -12.65, 7.46, 4.98, -95.77, 1.38, 28.78, 4.98, -107.77, 15.3, 0.0, 4.98, -95.77, 1.38, -28.78]
[-92.28, -1.77, -13.03, 7.53, 4.98, -95.77, 1.38, 28.78, 4.98, -107.77, 15.3, 0.0, 4.98, -95.77, 1.38, -28.78]
[-92.49, -1.6, -13.31, 7.6, 4.98, -95.77, 1.38, 28.78, 4.98, -107.77, 15.3, 0.0, 4.98, -95.77, 1.38, -28.78]
[-93.01, -0.98, -13.44, 7.67, 4.98, -95.77, 1.38, 28.78, 4.98, -107.77, 15.3, 0.0, 4.98, -95.77, 1.38, -28.78]
[-92.61, -1.72, -14.02, 7.74, 4.98, -95.77, 1.38, 28.78, 4.98, -107.77, 15.3, 0.0, 4.98, -95.77, 1.38, -28.78]
[-92.54, -1.98, -14.44, 7.81, 4.98, -95.77, 1.38, 28.78, 4.98, -107.77, 15.3, 0.0, 4.98, -95.77, 1.38, -28.78]
[-92.64, -1.96, -14.77, 7.88, 4.98, -95.77, 1.38, 28.78, 4.98, -107.77, 15.3, 0.0, 4.98, -95.77, 1.38, -28.78]
[-92.92, -1.67, -15.0, 7.95, 4.98, -95.77, 1.38, 28.78, 4.98, -107.77, 15.3, 0.0, 4.98, -95.77, 1.38, -28.78]
[-93.56, -0.84, -15.05, 8.02, 4.98, -95.77, 1.38, 28.78, 4.98, -107.77, 15.3, 0.0, 4.98, -95.77, 1.38, -28.78]
[-93.2, -1.5, -15.61, 8.09, 4.98, -95.77, 1.38, 28.78, 4.98, -107.77, 15.3, 0.0, 4.98, -95.77, 1.38, -28.78]
[-93.16, -1.68, -15.99, 8.16, 4.98, -95.77, 1.38, 28.78, 4.98, -107.77, 15.3, 0.0, 4.98, -95.77, 1.38, -28.78]
[-93.33, -1.55, -16.28, 8.22, 4.98, -95.77, 1.38, 28.78, 4.98, -107.77, 15.3, 0.0, 4.98, -95.77, 1.38, -28.78]
[-93.77, -1.0, -16.42, 8.29, 4.98, -95.77, 1.38, 28.78, 4.98, -107.77, 15.3, 0.0, 4.98, -95.77, 1.38, -28.78]
[-93.31, -1.8, -17.02, 8.36, 4.98, -95.77, 1.38, 28.78, 4.98, -107.77, 15.3, 0.0, 4.98, -95.77, 1.38, -28.78]
[-93.16, -2.13, -17.45, 8.43, 4.98, -95.77, 1.38, 28.78, 4.98, -107.77, 15.3, 0.0, 4.98, -95.77, 1.38, -28.78]
[-94.32, -0.48, -17.22, 8.49, 4.98, -95.77, 1.38, 28.78, 4.98, -107.77, 15.3, 0.0, 4.98, -95.77, 1.38, -28.78]
[-93.33, -2.05, -18.08, 8.56, 4.98, -95.77, 1.38, 28.78, 4.98, -107.77, 15.3, 0.0, 4.98, -95.77, 1.38, -28.78]
[-93.68, -1.63, -18.25, 8.63, 4.98, -95.77, 1.38, 28.78, 4.98, -107.77, 15.3, 0.0, 4.98, -95.77, 1.38, -28.78]
[-94.56, -0.38, -18.15, 8.69, 4.98, -95.77, 1.38, 28.78, 4.98, -107.77, 15.3, 0.0, 4.98, -95.77, 1.38, -28.78]
[-94.1, -1.15, -18.73, 8.76, 4.98, -95.77, 1.38, 28.78, 4.98, -107.77, 15.3, 0.0, 4.98, -95.77, 1.38, -28.78]
[-94.08, -1.26, -19.09, 8.83, 4.98, -95.77, 1.38, 28.78, 4.98, -107.77, 15.3, 0.0, 4.98, -95.77, 1.38, -28.78]
[-94.32, -0.97, -19.31, 8.89, 4.98, -95.77, 1.38, 28.78, 4.98, -107.77, 15.3, 0.0, 4.98, -95.77, 1.38, -28.78]
[-93.68, -2.0, -19.98, 8.96, 4.98, -95.77, 1.38, 28.78, 4.98, -107.77, 15.3, 0.0, 4.98, -95.77, 1.38, -28.78]
[-94.22, -1.25, -20.04, 9.02, 4.98, -95.77, 1.38, 28.78, 4.98, -107.77, 15.3, 0.0, 4.98, -95.77, 1.38, -28.78]
[-93.97, -1.68, -20.5, 9.09, 4.98, -95.77, 1.38, 28.78, 4.98, -107.77, 15.3, 0.0, 4.98, -95.77, 1.38, -28.78]
[-93.93, -1.8, -20.85, 9.16, 4.98, -95.77, 1.38, 28.78, 4.98, -107.77, 15.3, 0.0, 4.98, -95.77, 1.38, -28.78]
[-94.05, -1.66, -21.12, 9.22, 4.98, -95.77, 1.38, 28.78, 4.98, -107.77, 15.3, 0.0, 4.98, -95.77, 1.38, -28.78]
[-94.4, -1.18, -21.27, 9.28, 4.98, -95.77, 1.38, 28.78, 4.98, -107.77, 15.3, 0.0, 4.98, -95.77, 1.38, -28.78]
[-93.91, -1.95, -21.84, 9.35, 4.98, -95.77, 1.38, 28.78, 4.98, -107.77, 15.3, 0.0, 4.98, -95.77, 1.38, -28.78]
[-94.66, -0.86, -21.78, 9.41, 4.98, -95.77, 1.38, 28.78, 4.98, -107.77, 15.3, 0.0, 4.98, -95.77, 1.38, -28.78]
[-94.45, -1.2, -22.2, 9.48, 4.98, -95.77, 1.38, 28.78, 4.98, -107.77, 15.3, 0.0, 4.98, -95.77, 1.38, -28.78]
[-94.5, -1.15, -22.49, 9.54, 4.98, -95.77, 1.38, 28.78, 4.98, -107.77, 15.3, 0.0, 4.98, -95.77, 1.38, -28.78]
[-94.88, -0.61, -22.61, 9.61, 4.98, -95.77, 1.38, 28.78, 4.98, -107.77, 15.3, 0.0, 4.98, -95.77, 1.38, -28.78]
[-94.1, -1.79, -23.32, 9.67, 4.98, -95.77, 1.38, 28.78, 4.98, -107.77, 15.3, 0.0, 4.98, -95.77, 1.38, -28.78]
[-94.77, -0.79, -23.29, 9.73, 4.98, -95.77, 1.38, 28.78, 4.98, -107.77, 15.3, 0.0, 4.98, -95.77, 1.38, -28.78]
[-94.4, -1.36, -23.78, 9.8, 4.98, -95.77, 1.38, 28.78, 4.98, -107.77, 15.3, 0.0, 4.98, -95.77, 1.38, -28.78]
[-94.3, -1.51, -24.13, 9.86, 4.98, -95.77, 1.38, 28.78, 4.98, -107.77, 15.3, 0.0, 4.98, -95.77, 1.38, -28.78]
[-94.38, -1.39, -24.39, 9.92, 4.98, -95.77, 1.38, 28.78, 4.98, -107.77, 15.3, 0.0, 4.98, -95.77, 1.38, -28.78]
[-94.71, -0.89, -24.52, 9.98, 4.98, -95.77, 1.38, 28.78, 4.98, -107.77, 15.3, 0.0, 4.98, -95.77, 1.38, -28.78]
[-94.05, -1.87, -25.15, 10.05, 4.98, -95.77, 1.38, 28.78, 4.98, -107.77, 15.3, 0.0, 4.98, -95.77, 1.38, -28.78]
[-94.68, -0.91, -25.12, 10.11, 4.98, -95.77, 1.38, 28.78, 4.98, -107.77, 15.3, 0.0, 4.98, -95.77, 1.38, -28.78]
[-94.32, -1.42, -25.59, 10.17, 4.98, -95.77, 1.38, 28.78, 4.98, -107.77, 15.3, 0.0, 4.98, -95.77, 1.38, -28.78]
[-94.21, -1.57, -25.93, 10.23, 4.98, -95.77, 1.38, 28.78, 4.98, -107.77, 15.3, 0.0, 4.98, -95.77, 1.38, -28.78]
[-94.25, -1.48, -26.19, 10.29, 4.98, -95.77, 1.38, 28.78, 4.98, -107.77, 15.3, 0.0, 4.98, -95.77, 1.38, -28.78]
[-94.5, -1.08, -26.34, 10.36, 4.98, -95.77, 1.38, 28.78, 4.98, -107.77, 15.3, 0.0, 4.98, -95.77, 1.38, -28.78]
[-93.85, -2.01, -26.95, 10.42, 4.98, -95.77, 1.38, 28.78, 4.98, -107.77, 15.3, 0.0, 4.98, -95.77, 1.38, -28.78]
[-94.32, -1.26, -26.98, 10.48, 4.98, -95.77, 1.38, 28.78, 4.98, -107.77, 15.3, 0.0, 4.98, -95.77, 1.38, -28.78]
[-93.97, -1.74, -27.43, 10.54, 4.98, -95.77, 1.38, 28.78, 4.98, -107.77, 15.3, 0.0, 4.98, -95.77, 1.38, -28.78]
[-93.8, -1.95, -27.78, 10.6, 4.98, -95.77, 1.38, 28.78, 4.98, -107.77, 15.3, 0.0, 4.98, -95.77, 1.38, -28.78]
[-93.75, -1.97, -28.07, 10.66, 4.98, -95.77, 1.38, 28.78, 4.98, -107.77, 15.3, 0.0, 4.98, -95.77, 1.38, -28.78]
[-93.81, -1.8, -28.3, 10.72, 4.98, -95.77, 1.38, 28.78, 4.98, -107.77, 15.3, 0.0, 4.98, -95.77, 1.38, -28.78]
[-94.04, -1.4, -28.44, 10.78, 4.98, -95.77, 1.38, 28.78, 4.98, -107.77, 15.3, 0.0, 4.98, -95.77, 1.38, -28.78]
[-94.8, -0.18, -28.3, 10.84, 4.98, -95.77, 1.38, 28.78, 4.98, -107.77, 15.3, 0.0, 4.98, -95.77, 1.38, -28.78]
[-93.92, -1.43, -29.0, 10.9, 4.98, -95.77, 1.38, 28.78, 4.98, -107.77, 15.3, 0.0, 4.98, -95.77, 1.38, -28.78]
[-93.59, -1.85, -29.42, 10.96, 4.98, -95.77, 1.38, 28.78, 4.98, -107.77, 15.3, 0.0, 4.98, -95.77, 1.38, -28.78]
[-93.41, -2.04, -29.76, 11.02, 4.98, -95.77, 1.38, 28.78, 4.98, -107.77, 15.3, 0.0, 4.98, -95.77, 1.38, -28.78]
[-93.34, -2.06, -30.04, 11.08, 4.98, -95.77, 1.38, 28.78, 4.98, -107.77, 15.3, 0.0, 4.98, -95.77, 1.38, -28.78]
[-93.36, -1.93, -30.26, 11.14, 4.98, -95.77, 1.38, 28.78, 4.98, -107.77, 15.3, 0.0, 4.98, -95.77, 1.38, -28.78]
[-93.51, -1.61, -30.42, 11.2, 4.98, -95.77, 1.38, 28.78, 4.98, -107.77, 15.3, 0.0, 4.98, -95.77, 1.38, -28.78]
[-93.91, -0.91, -30.45, 11.25, 4.98, -95.77, 1.38, 28.78, 4.98, -107.77, 15.3, 0.0, 4.98, -95.77, 1.38, -28.78]
[-92.84, -2.1, -30.77, 11.07, 4.98, -95.77, 1.38, 28.78, 4.98, -107.77, 15.3, 0.0, 4.98, -95.77, 1.38, -28.78]
[-92.82, -1.7, -30.54, 10.88, 4.98, -95.77, 1.38, 28.78, 4.98, -107.77, 15.3, 0.0, 4.98, -95.77, 1.38, -28.78]
[-93.04, -0.94, -30.19, 10.7, 4.98, -95.77, 1.38, 28.78, 4.98, -107.77, 15.3, 0.0, 4.98, -95.77, 1.38, -28.78]
[-92.22, -1.74, -30.37, 10.51, 4.98, -95.77, 1.38, 28.78, 4.98, -107.77, 15.3, 0.0, 4.98, -95.77, 1.38, -28.78]
[-92.91, -0.27, -29.78, 10.33, 4.98, -95.77, 1.38, 28.78, 4.98, -107.77, 15.3, 0.0, 4.98, -95.77, 1.38, -28.78]
[-92.06, -1.12, -29.98, 10.14, 4.98, -95.77, 1.38, 28.78, 4.98, -107.77, 15.3, 0.0, 4.98, -95.77, 1.38, -28.78]
[-91.58, -1.4, -29.98, 9.96, 4.98, -95.77, 1.38, 28.78, 4.98, -107.77, 15.3, 0.0, 4.98, -95.77, 1.38, -28.78]
[-91.24, -1.47, -29.91, 9.78, 4.98, -95.77, 1.38, 28.78, 4.98, -107.77, 15.3, 0.0, 4.98, -95.77, 1.38, -28.78]
[-91.0, -1.38, -29.79, 9.6, 4.98, -95.77, 1.38, 28.78, 4.98, -107.77, 15.3, 0.0, 4.98, -95.77, 1.38, -28.78]
[-90.91, -1.08, -29.59, 9.42, 4.98, -95.77, 1.38, 28.78, 4.98, -107.77, 15.3, 0.0, 4.98, -95.77, 1.38, -28.78]
[-89.9, -2.14, -29.85, 9.24, 4.98, -95.77, 1.38, 28.78, 4.98, -107.77, 15.3, 0.0, 4.98, -95.77, 1.38, -28.78]
[-89.9, -1.69, -29.6, 9.06, 4.98, -95.77, 1.38, 28.78, 4.98, -107.77, 15.3, 0.0, 4.98, -95.77, 1.38, -28.78]
[-90.18, -0.8, -29.19, 8.88, 4.98, -95.77, 1.38, 28.78, 4.98, -107.77, 15.3, 0.0, 4.98, -95.77, 1.38, -28.78]
[-89.34, -1.6, -29.37, 8.71, 4.98, -95.77, 1.38, 28.78, 4.98, -107.77, 15.3, 0.0, 4.98, -95.77, 1.38, -28.78]
[-88.77, -2.0, -29.4, 8.53, 4.98, -95.77, 1.38, 28.78, 4.98, -107.77, 15.3, 0.0, 4.98, -95.77, 1.38, -28.78]
[-89.4, -0.59, -28.82, 8.36, 4.98, -95.77, 1.38, 28.78, 4.98, -107.77, 15.3, 0.0, 4.98, -95.77, 1.38, -28.78]
[-88.88, -0.9, -28.82, 8.18, 4.98, -95.77, 1.38, 28.78, 4.98, -107.77, 15.3, 0.0, 4.98, -95.77, 1.38, -28.78]
[-88.58, -0.88, -28.71, 8.01, 4.98, -95.77, 1.38, 28.78, 4.98, -107.77, 15.3, 0.0, 4.98, -95.77, 1.38, -28.78]
[-88.52, -0.49, -28.47, 7.83, 4.98, -95.77, 1.38, 28.78, 4.98, -107.77, 15.3, 0.0, 4.98, -95.77, 1.38, -28.78]
[-87.22, -1.96, -28.86, 7.66, 4.98, -95.77, 1.38, 28.78, 4.98, -107.77, 15.3, 0.0, 4.98, -95.77, 1.38, -28.78]
[-87.19, -1.52, -28.6, 7.49, 4.98, -95.77, 1.38, 28.78, 4.98, -107.77, 15.3, 0.0, 4.98, -95.77, 1.38, -28.78]
[-87.52, -0.53, -28.15, 7.32, 4.98, -95.77, 1.38, 28.78, 4.98, -107.77, 15.3, 0.0, 4.98, -95.77, 1.38, -28.78]
[-86.53, -1.54, -28.39, 7.15, 4.98, -95.77, 1.38, 28.78, 4.98, -107.77, 15.3, 0.0, 4.98, -95.77, 1.38, -28.78]
[-85.9, -1.99, -28.43, 6.98, 4.98, -95.77, 1.38, 28.78, 4.98, -107.77, 15.3, 0.0, 4.98, -95.77, 1.38, -28.78]
[-86.47, -0.63, -27.85, 6.81, 4.98, -95.77, 1.38, 28.78, 4.98, -107.77, 15.3, 0.0, 4.98, -95.77, 1.38, -28.78]
[-85.91, -0.98, -27.85, 6.65, 4.98, -95.77, 1.38, 28.78, 4.98, -107.77, 15.3, 0.0, 4.98, -95.77, 1.38, -28.78]
[-85.56, -1.0, -27.75, 6.48, 4.98, -95.77, 1.38, 28.78, 4.98, -107.77, 15.3, 0.0, 4.98, -95.77, 1.38, -28.78]
[-85.4, -0.72, -27.54, 6.31, 4.98, -95.77, 1.38, 28.78, 4.98, -107.77, 15.3, 0.0, 4.98, -95.77, 1.38, -28.78]
[-84.19, -2.04, -27.86, 6.15, 4.98, -95.77, 1.38, 28.78, 4.98, -107.77, 15.3, 0.0, 4.98, -95.77, 1.38, -28.78]
[-84.12, -1.62, -27.6, 5.99, 4.98, -95.77, 1.38, 28.78, 4.98, -107.77, 15.3, 0.0, 4.98, -95.77, 1.38, -28.78]
[-84.35, -0.76, -27.19, 5.82, 4.98, -95.77, 1.38, 28.78, 4.98, -107.77, 15.3, 0.0, 4.98, -95.77, 1.38, -28.78]
[-83.43, -1.62, -27.36, 5.66, 4.98, -95.77, 1.38, 28.78, 4.98, -107.77, 15.3, 0.0, 4.98, -95.77, 1.38, -28.78]
[-82.81, -2.03, -27.37, 5.5, 4.98, -95.77, 1.38, 28.78, 4.98, -107.77, 15.3, 0.0, 4.98, -95.77, 1.38, -28.78]
[-83.35, -0.68, -26.79, 5.34, 4.98, -95.77, 1.38, 28.78, 4.98, -107.77, 15.3, 0.0, 4.98, -95.77, 1.38, -28.78]
[-82.82, -0.94, -26.75, 5.17, 4.98, -95.77, 1.38, 28.78, 4.98, -107.77, 15.3, 0.0, 4.98, -95.77, 1.38, -28.78]
[-82.51, -0.87, -26.6, 5.02, 4.98, -95.77, 1.38, 28.78, 4.98, -107.77, 15.3, 0.0, 4.98, -95.77, 1.38, -28.78]
[-82.54, -0.28, -26.28, 4.86, 4.98, -95.77, 1.38, 28.78, 4.98, -107.77, 15.3, 0.0, 4.98, -95.77, 1.38, -28.78]
[-81.13, -1.85, -26.68, 4.7, 4.98, -95.77, 1.38, 28.78, 4.98, -107.77, 15.3, 0.0, 4.98, -95.77, 1.38, -28.78]
[-81.15, -1.29, -26.36, 4.54, 4.98, -95.77, 1.38, 28.78, 4.98, -107.77, 15.3, 0.0, 4.98, -95.77, 1.38, -28.78]
[-80.32, -1.97, -26.45, 4.38, 4.98, -95.77, 1.38, 28.78, 4.98, -107.77, 15.3, 0.0, 4.98, -95.77, 1.38, -28.78]
[-80.61, -0.99, -25.99, 4.23, 4.98, -95.77, 1.38, 28.78, 4.98, -107.77, 15.3, 0.0, 4.98, -95.77, 1.38, -28.78]
[-79.94, -1.44, -26.01, 4.07, 4.98, -95.77, 1.38, 28.78, 4.98, -107.77, 15.3, 0.0, 4.98, -95.77, 1.38, -28.78]
[-79.45, -1.61, -25.93, 3.92, 4.98, -95.77, 1.38, 28.78, 4.98, -107.77, 15.3, 0.0, 4.98, -95.77, 1.38, -28.78]
[-79.09, -1.58, -25.78, 3.76, 4.98, -95.77, 1.38, 28.78, 4.98, -107.77, 15.3, 0.0, 4.98, -95.77, 1.38, -28.78]
[-78.85, -1.36, -25.57, 3.61, 4.98, -95.77, 1.38, 28.78, 4.98, -107.77, 15.3, 0.0, 4.98, -95.77, 1.38, -28.78]
[-78.86, -0.78, -25.23, 3.46, 4.98, -95.77, 1.38, 28.78, 4.98, -107.77, 15.3, 0.0, 4.98, -95.77, 1.38, -28.78]
[-77.78, -1.82, -25.44, 3.31, 4.98, -95.77, 1.38, 28.78, 4.98, -107.77, 15.3, 0.0, 4.98, -95.77, 1.38, -28.78]
[-77.98, -0.93, -24.99, 3.16, 4.98, -95.77, 1.38, 28.78, 4.98, -107.77, 15.3, 0.0, 4.98, -95.77, 1.38, -28.78]
[-77.19, -1.53, -25.05, 3.0, 4.98, -95.77, 1.38, 28.78, 4.98, -107.77, 15.3, 0.0, 4.98, -95.77, 1.38, -28.78]
[-76.62, -1.79, -24.99, 2.86, 4.98, -95.77, 1.38, 28.78, 4.98, -107.77, 15.3, 0.0, 4.98, -95.77, 1.38, -28.78]
[-76.18, -1.86, -24.87, 2.71, 4.98, -95.77, 1.38, 28.78, 4.98, -107.77, 15.3, 0.0, 4.98, -95.77, 1.38, -28.78]
[-75.85, -1.75, -24.68, 2.56, 4.98, -95.77, 1.38, 28.78, 4.98, -107.77, 15.3, 0.0, 4.98, -95.77, 1.38, -28.78]
[-75.67, -1.42, -24.42, 2.41, 4.98, -95.77, 1.38, 28.78, 4.98, -107.77, 15.3, 0.0, 4.98, -95.77, 1.38, -28.78]
[-75.81, -0.6, -23.99, 2.26, 4.98, -95.77, 1.38, 28.78, 4.98, -107.77, 15.3, 0.0, 4.98, -95.77, 1.38, -28.78]
[-74.74, -1.59, -24.17, 2.12, 4.98, -95.77, 1.38, 28.78, 4.98, -107.77, 15.3, 0.0, 4.98, -95.77, 1.38, -28.78]
[-74.04, -2.01, -24.15, 1.97, 4.98, -95.77, 1.38, 28.78, 4.98, -107.77, 15.3, 0.0, 4.98, -95.77, 1.38, -28.78]
[-74.55, -0.64, -23.53, 1.83, 4.98, -95.77, 1.38, 28.78, 4.98, -107.77, 15.3, 0.0, 4.98, -95.77, 1.38, -28.78]
[-74.05, -0.76, -23.41, 1.68, 4.98, -95.77, 1.38, 28.78, 4.98, -107.77, 15.3, 0.0, 4.98, -95.77, 1.38, -28.78]
[-73.97, -0.24, -23.08, 1.54, 4.98, -95.77, 1.38, 28.78, 4.98, -107.77, 15.3, 0.0, 4.98, -95.77, 1.38, -28.78]
[-72.49, -1.82, -23.45, 1.4, 4.98, -95.77, 1.38, 28.78, 4.98, -107.77, 15.3, 0.0, 4.98, -95.77, 1.38, -28.78]
[-72.49, -1.18, -23.07, 1.26, 4.98, -95.77, 1.38, 28.78, 4.98, -107.77, 15.3, 0.0, 4.98, -95.77, 1.38, -28.78]
[-71.65, -1.79, -23.11, 1.11, 4.98, -95.77, 1.38, 28.78, 4.98, -107.77, 15.3, 0.0, 4.98, -95.77, 1.38, -28.78]
[-71.02, -2.07, -23.04, 0.97, 4.98, -95.77, 1.38, 28.78, 4.98, -107.77, 15.3, 0.0, 4.98, -95.77, 1.38, -28.78]
[-71.64, -0.5, -22.33, 0.83, 4.98, -95.77, 1.38, 28.78, 4.98, -107.77, 15.3, 0.0, 4.98, -95.77, 1.38, -28.78]
[-70.15, -2.06, -22.69, 0.69, 4.98, -95.77, 1.38, 28.78, 4.98, -107.77, 15.3, 0.0, 4.98, -95.77, 1.38, -28.78]
[-69.9, -1.77, -22.42, 0.56, 4.98, -95.77, 1.38, 28.78, 4.98, -107.77, 15.3, 0.0, 4.98, -95.77, 1.38, -28.78]
[-69.89, -1.12, -22.02, 0.42, 4.98, -95.77, 1.38, 28.78, 4.98, -107.77, 15.3, 0.0, 4.98, -95.77, 1.38, -28.78]
[-69.03, -1.72, -22.05, 0.28, 4.98, -95.77, 1.38, 28.78, 4.98, -107.77, 15.3, 0.0, 4.98, -95.77, 1.38, -28.78]
[-68.41, -1.97, -21.96, 0.14, 4.98, -95.77, 1.38, 28.78, 4.98, -107.77, 15.3, 0.0, 4.98, -95.77, 1.38, -28.78]
[-67.93, -2.0, -21.78, 0.01, 4.98, -95.77, 1.38, 28.78, 4.98, -107.77, 15.3, 0.0, 4.98, -95.77, 1.38, -28.78]
[-67.58, -1.82, -21.54, -0.13, 4.98, -95.77, 1.38, 28.78, 4.98, -107.77, 15.3, 0.0, 4.98, -95.77, 1.38, -28.78]
[-67.43, -1.34, -21.2, -0.26, 4.98, -95.77, 1.38, 28.78, 4.98, -107.77, 15.3, 0.0, 4.98, -95.77, 1.38, -28.78]
[-66.56, -1.94, -21.21, -0.4, 4.98, -95.77, 1.38, 28.78, 4.98, -107.77, 15.3, 0.0, 4.98, -95.77, 1.38, -28.78]
[-66.86, -0.77, -20.63, -0.53, 4.98, -95.77, 1.38, 28.78, 4.98, -107.77, 15.3, 0.0, 4.98, -95.77, 1.38, -28.78]
[-66.28, -0.92, -20.49, -0.66, 4.98, -95.77, 1.38, 28.78, 4.98, -107.77, 15.3, 0.0, 4.98, -95.77, 1.38, -28.78]
[-66.09, -0.48, -20.15, -0.8, 4.98, -95.77, 1.38, 28.78, 4.98, -107.77, 15.3, 0.0, 4.98, -95.77, 1.38, -28.78]
[-64.78, -1.72, -20.37, -0.93, 4.98, -95.77, 1.38, 28.78, 4.98, -107.77, 15.3, 0.0, 4.98, -95.77, 1.38, -28.78]
[-64.94, -0.74, -19.84, -1.06, 4.98, -95.77, 1.38, 28.78, 4.98, -107.77, 15.3, 0.0, 4.98, -95.77, 1.38, -28.78]
[-64.14, -1.19, -19.79, -1.19, 4.98, -95.77, 1.38, 28.78, 4.98, -107.77, 15.3, 0.0, 4.98, -95.77, 1.38, -28.78]
[-63.66, -1.16, -19.58, -1.32, 4.98, -95.77, 1.38, 28.78, 4.98, -107.77, 15.3, 0.0, 4.98, -95.77, 1.38, -28.78]
[-63.54, -0.58, -19.18, -1.45, 4.98, -95.77, 1.38, 28.78, 4.98, -107.77, 15.3, 0.0, 4.98, -95.77, 1.38, -28.78]
[-62.36, -1.58, -19.31, -1.58, 4.98, -95.77, 1.38, 28.78, 4.98, -107.77, 15.3, 0.0, 4.98, -95.77, 1.38, -28.78]
[-61.62, -1.91, -19.21, -1.71, 4.98, -95.77, 1.38, 28.78, 4.98, -107.77, 15.3, 0.0, 4.98, -95.77, 1.38, -28.78]
[-61.08, -1.94, -19.01, -1.83, 4.98, -95.77, 1.38, 28.78, 4.98, -107.77, 15.3, 0.0, 4.98, -95.77, 1.38, -28.78]
[-60.71, -1.7, -18.71, -1.96, 4.98, -95.77, 1.38, 28.78, 4.98, -107.77, 15.3, 0.0, 4.98, -95.77, 1.38, -28.78]
[-60.67, -0.97, -18.25, -2.09, 4.98, -95.77, 1.38, 28.78, 4.98, -107.77, 15.3, 0.0, 4.98, -95.77, 1.38, -28.78]
[-59.84, -1.41, -18.18, -2.21, 4.98, -95.77, 1.38, 28.78, 4.98, -107.77, 15.3, 0.0, 4.98, -95.77, 1.38, -28.78]
[-59.31, -1.39, -17.95, -2.34, 4.98, -95.77, 1.38, 28.78, 4.98, -107.77, 15.3, 0.0, 4.98, -95.77, 1.38, -28.78]
[-59.1, -0.88, -17.55, -2.46, 4.98, -95.77, 1.38, 28.78, 4.98, -107.77, 15.3, 0.0, 4.98, -95.77, 1.38, -28.78]
[-58.09, -1.56, -17.55, -2.58, 4.98, -95.77, 1.38, 28.78, 4.98, -107.77, 15.3, 0.0, 4.98, -95.77, 1.38, -28.78]
[-57.43, -1.71, -17.37, -2.71, 4.98, -95.77, 1.38, 28.78, 4.98, -107.77, 15.3, 0.0, 4.98, -95.77, 1.38, -28.78]
[-57.01, -1.49, -17.06, -2.83, 4.98, -95.77, 1.38, 28.78, 4.98, -107.77, 15.3, 0.0, 4.98, -95.77, 1.38, -28.78]
[-57.06, -0.56, -16.51, -2.95, 4.98, -95.77, 1.38, 28.78, 4.98, -107.77, 15.3, 0.0, 4.98, -95.77, 1.38, -28.78]
[-56.17, -1.03, -16.43, -3.07, 4.98, -95.77, 1.38, 28.78, 4.98, -107.77, 15.3, 0.0, 4.98, -95.77, 1.38, -28.78]
[-55.8, -0.71, -16.08, -3.19, 4.98, -95.77, 1.38, 28.78, 4.98, -107.77, 15.3, 0.0, 4.98, -95.77, 1.38, -28.78]
[-54.63, -1.57, -16.12, -3.32, 4.98, -95.77, 1.38, 28.78, 4.98, -107.77, 15.3, 0.0, 4.98, -95.77, 1.38, -28.78]
[-53.9, -1.76, -15.93, -3.43, 4.98, -95.77, 1.38, 28.78, 4.98, -107.77, 15.3, 0.0, 4.98, -95.77, 1.38, -28.78]
[-53.46, -1.52, -15.6, -3.55, 4.98, -95.77, 1.38, 28.78, 4.98, -107.77, 15.3, 0.0, 4.98, -95.77, 1.38, -28.78]
[-53.61, -0.37, -14.95, -3.67, 4.98, -95.77, 1.38, 28.78, 4.98, -107.77, 15.3, 0.0, 4.98, -95.77, 1.38, -28.78]
[-52.9, -0.51, -14.73, -3.79, 4.98, -95.77, 1.38, 28.78, 4.98, -107.77, 15.3, 0.0, 4.98, -95.77, 1.38, -28.78]
[-52.9, -0.51, -14.73, -3.79, 4.98, -95.77, 1.38, 28.78, 4.98, -107.77, 15.3, 0.0, 4.98, -95.77, 1.38, -28.78]
[-52.9, -0.51, -14.73, -3.79, 4.98, -95.77, 1.38, 28.78, 4.98, -107.77, 15.3, 0.0, 4.98, -95.77, 1.38, -28.78]
[-52.9, -0.51, -14.73, -3.79, 4.98, -95.77, 1.38, 28.78, 4.98, -107.77, 15.3, 0.0, 4.98, -95.77, 1.38, -28.78]
[-52.9, -0.51, -14.73, -3.79, 4.98, -95.77, 1.38, 28.78, 4.98, -107.77, 15.3, 0.0, 4.98, -95.77, 1.38, -28.78]
[-52.9, -0.51, -14.73, -3.79, 4.98, -95.77, 1.38, 28.78, 4.98, -107.77, 15.3, 0.0, 4.98, -95.77, 1.38, -28.78]
[-53.61, -0.37, -14.95, -3.67, 4.98, -95.77, 1.38, 28.78, 4.98, -107.77, 15.3, 0.0, 4.98, -95.77, 1.38, -28.78]
[-53.46, -1.52, -15.6, -3.55, 4.98, -95.77, 1.38, 28.78, 4.98, -107.77, 15.3, 0.0, 4.98, -95.77, 1.38, -28.78]
[-53.9, -1.76, -15.93, -3.43, 4.98, -95.77, 1.38, 28.78, 4.98, -107.77, 15.3, 0.0, 4.98, -95.77, 1.38, -28.78]
[-54.63, -1.57, -16.12, -3.32, 4.98, -95.77, 1.38, 28.78, 4.98, -107.77, 15.3, 0.0, 4.98, -95.77, 1.38, -28.78]
[-55.8, -0.71, -16.08, -3.19, 4.98, -95.77, 1.38, 28.78, 4.98, -107.77, 15.3, 0.0, 4.98, -95.77, 1.38, -28.78]
[-56.17, -1.03, -16.43, -3.07, 4.98, -95.77, 1.38, 28.78, 4.98, -107.77, 15.3, 0.0, 4.98, -95.77, 1.38, -28.78]
[-57.06, -0.56, -16.51, -2.95, 4.98, -95.77, 1.38, 28.78, 4.98, -107.77, 15.3, 0.0, 4.98, -95.77, 1.38, -28.78]
[-57.01, -1.49, -17.06, -2.83, 4.98, -95.77, 1.38, 28.78, 4.98, -107.77, 15.3, 0.0, 4.98, -95.77, 1.38, -28.78]
[-57.43, -1.71, -17.37, -2.71, 4.98, -95.77, 1.38, 28.78, 4.98, -107.77, 15.3, 0.0, 4.98, -95.77, 1.38, -28.78]
[-58.09, -1.56, -17.55, -2.58, 4.98, -95.77, 1.38, 28.78, 4.98, -107.77, 15.3, 0.0, 4.98, -95.77, 1.38, -28.78]
[-59.1, -0.88, -17.55, -2.46, 4.98, -95.77, 1.38, 28.78, 4.98, -107.77, 15.3, 0.0, 4.98, -95.77, 1.38, -28.78]
[-59.31, -1.39, -17.95, -2.34, 4.98, -95.77, 1.38, 28.78, 4.98, -107.77, 15.3, 0.0, 4.98, -95.77, 1.38, -28.78]
[-59.84, -1.41, -18.18, -2.21, 4.98, -95.77, 1.38, 28.78, 4.98, -107.77, 15.3, 0.0, 4.98, -95.77, 1.38, -28.78]
[-60.67, -0.97, -18.25, -2.09, 4.98, -95.77, 1.38, 28.78, 4.98, -107.77, 15.3, 0.0, 4.98, -95.77, 1.38, -28.78]
[-60.71, -1.7, -18.71, -1.96, 4.98, -95.77, 1.38, 28.78, 4.98, -107.77, 15.3, 0.0, 4.98, -95.77, 1.38, -28.78]
[-61.08, -1.94, -19.01, -1.83, 4.98, -95.77, 1.38, 28.78, 4.98, -107.77, 15.3, 0.0, 4.98, -95.77, 1.38, -28.78]
[-61.62, -1.91, -19.21, -1.71, 4.98, -95.77, 1.38, 28.78, 4.98, -107.77, 15.3, 0.0, 4.98, -95.77, 1.38, -28.78]
[-62.36, -1.58, -19.31, -1.58, 4.98, -95.77, 1.38, 28.78, 4.98, -107.77, 15.3, 0.0, 4.98, -95.77, 1.38, -28.78]
[-63.54, -0.58, -19.18, -1.45, 4.98, -95.77, 1.38, 28.78, 4.98, -107.77, 15.3, 0.0, 4.98, -95.77, 1.38, -28.78]
[-63.66, -1.16, -19.58, -1.32, 4.98, -95.77, 1.38, 28.78, 4.98, -107.77, 15.3, 0.0, 4.98, -95.77, 1.38, -28.78]
[-64.14, -1.19, -19.79, -1.19, 4.98, -95.77, 1.38, 28.78, 4.98, -107.77, 15.3, 0.0, 4.98, -95.77, 1.38, -28.78]
[-64.94, -0.74, -19.84, -1.06, 4.98, -95.77, 1.38, 28.78, 4.98, -107.77, 15.3, 0.0, 4.98, -95.77, 1.38, -28.78]
[-64.78, -1.72, -20.37, -0.93, 4.98, -95.77, 1.38, 28.78, 4.98, -107.77, 15.3, 0.0, 4.98, -95.77, 1.38, -28.78]
[-66.09, -0.48, -20.15, -0.8, 4.98, -95.77, 1.38, 28.78, 4.98, -107.77, 15.3, 0.0, 4.98, -95.77, 1.38, -28.78]
[-66.28, -0.92, -20.49, -0.66, 4.98, -95.77, 1.38, 28.78, 4.98, -107.77, 15.3, 0.0, 4.98, -95.77, 1.38, -28.78]
[-66.86, -0.77, -20.63, -0.53, 4.98, -95.77, 1.38, 28.78, 4.98, -107.77, 15.3, 0.0, 4.98, -95.77, 1.38, -28.78]
[-66.56, -1.94, -21.21, -0.4, 4.98, -95.77, 1.38, 28.78, 4.98, -107.77, 15.3, 0.0, 4.98, -95.77, 1.38, -28.78]
[-67.43, -1.34, -21.2, -0.26, 4.98, -95.77, 1.38, 28.78, 4.98, -107.77, 15.3, 0.0, 4.98, -95.77, 1.38, -28.78]
[-67.58, -1.82, -21.54, -0.13, 4.98, -95.77, 1.38, 28.78, 4.98, -107.77, 15.3, 0.0, 4.98, -95.77, 1.38, -28.78]
[-67.93, -2.0, -21.78, 0.01, 4.98, -95.77, 1.38, 28.78, 4.98, -107.77, 15.3, 0.0, 4.98, -95.77, 1.38, -28.78]
[-68.41, -1.97, -21.96, 0.14, 4.98, -95.77, 1.38, 28.78, 4.98, -107.77, 15.3, 0.0, 4.98, -95.77, 1.38, -28.78]
[-69.03, -1.72, -22.05, 0.28, 4.98, -95.77, 1.38, 28.78, 4.98, -107.77, 15.3, 0.0, 4.98, -95.77, 1.38, -28.78]
[-69.89, -1.12, -22.02, 0.42, 4.98, -95.77, 1.38, 28.78, 4.98, -107.77, 15.3, 0.0, 4.98, -95.77, 1.38, -28.78]
[-69.9, -1.77, -22.42, 0.56, 4.98, -95.77, 1.38, 28.78, 4.98, -107.77, 15.3, 0.0, 4.98, -95.77, 1.38, -28.78]
[-70.15, -2.06, -22.69, 0.69, 4.98, -95.77, 1.38, 28.78, 4.98, -107.77, 15.3, 0.0, 4.98, -95.77, 1.38, -28.78]
[-71.64, -0.5, -22.33, 0.83, 4.98, -95.77, 1.38, 28.78, 4.98, -107.77, 15.3, 0.0, 4.98, -95.77, 1.38, -28.78]
[-71.02, -2.07, -23.04, 0.97, 4.98, -95.77, 1.38, 28.78, 4.98, -107.77, 15.3, 0.0, 4.98, -95.77, 1.38, -28.78]
[-71.65, -1.79, -23.11, 1.11, 4.98, -95.77, 1.38, 28.78, 4.98, -107.77, 15.3, 0.0, 4.98, -95.77, 1.38, -28.78]
[-72.49, -1.18, -23.07, 1.26, 4.98, -95.77, 1.38, 28.78, 4.98, -107.77, 15.3, 0.0, 4.98, -95.77, 1.38, -28.78]
[-72.49, -1.82, -23.45, 1.4, 4.98, -95.77, 1.38, 28.78, 4.98, -107.77, 15.3, 0.0, 4.98, -95.77, 1.38, -28.78]
[-73.97, -0.24, -23.08, 1.54, 4.98, -95.77, 1.38, 28.78, 4.98, -107.77, 15.3, 0.0, 4.98, -95.77, 1.38, -28.78]
[-74.05, -0.76, -23.41, 1.68, 4.98, -95.77, 1.38, 28.78, 4.98, -107.77, 15.3, 0.0, 4.98, -95.77, 1.38, -28.78]
[-74.55, -0.64, -23.53, 1.83, 4.98, -95.77, 1.38, 28.78, 4.98, -107.77, 15.3, 0.0, 4.98, -95.77, 1.38, -28.78]
[-74.04, -2.01, -24.15, 1.97, 4.98, -95.77, 1.38, 28.78, 4.98, -107.77, 15.3, 0.0, 4.98, -95.77, 1.38, -28.78]
[-74.74, -1.59, -24.17, 2.12, 4.98, -95.77, 1.38, 28.78, 4.98, -107.77, 15.3, 0.0, 4.98, -95.77, 1.38, -28.78]
[-75.81, -0.6, -23.99, 2.26, 4.98, -95.77, 1.38, 28.78, 4.98, -107.77, 15.3, 0.0, 4.98, -95.77, 1.38, -28.78]
[-75.67, -1.42, -24.42, 2.41, 4.98, -95.77, 1.38, 28.78, 4.98, -107.77, 15.3, 0.0, 4.98, -95.77, 1.38, -28.78]
[-75.85, -1.75, -24.68, 2.56, 4.98, -95.77, 1.38, 28.78, 4.98, -107.77, 15.3, 0.0, 4.98, -95.77, 1.38, -28.78]
[-76.18, -1.86, -24.87, 2.71, 4.98, -95.77, 1.38, 28.78, 4.98, -107.77, 15.3, 0.0, 4.98, -95.77, 1.38, -28.78]
[-76.62, -1.79, -24.99, 2.86, 4.98, -95.77, 1.38, 28.78, 4.98, -107.77, 15.3, 0.0, 4.98, -95.77, 1.38, -28.78]
[-77.19, -1.53, -25.05, 3.0, 4.98, -95.77, 1.38, 28.78, 4.98, -107.77, 15.3, 0.0, 4.98, -95.77, 1.38, -28.78]
[-77.98, -0.93, -24.99, 3.16, 4.98, -95.77, 1.38, 28.78, 4.98, -107.77, 15.3, 0.0, 4.98, -95.77, 1.38, -28.78]
[-77.78, -1.82, -25.44, 3.31, 4.98, -95.77, 1.38, 28.78, 4.98, -107.77, 15.3, 0.0, 4.98, -95.77, 1.38, -28.78]
[-78.86, -0.78, -25.23, 3.46, 4.98, -95.77, 1.38, 28.78, 4.98, -107.77, 15.3, 0.0, 4.98, -95.77, 1.38, -28.78]
[-78.85, -1.36, -25.57, 3.61, 4.98, -95.77, 1.38, 28.78, 4.98, -107.77, 15.3, 0.0, 4.98, -95.77, 1.38, -28.78]
[-79.09, -1.58, -25.78, 3.76, 4.98, -95.77, 1.38, 28.78, 4.98, -107.77, 15.3, 0.0, 4.98, -95.77, 1.38, -28.78]
[-79.45, -1.61, -25.93, 3.92, 4.98, -95.77, 1.38, 28.78, 4.98, -107.77, 15.3, 0.0, 4.98, -95.77, 1.38, -28.78]
[-79.94, -1.44, -26.01, 4.07, 4.98, -95.77, 1.38, 28.78, 4.98, -107.77, 15.3, 0.0, 4.98, -95.77, 1.38, -28.78]
[-80.61, -0.99, -25.99, 4.23, 4.98, -95.77, 1.38, 28.78, 4.98, -107.77, 15.3, 0.0, 4.98, -95.77, 1.38, -28.78]
[-80.32, -1.97, -26.45, 4.38, 4.98, -95.77, 1.38, 28.78, 4.98, -107.77, 15.3, 0.0, 4.98, -95.77, 1.38, -28.78]
[-81.15, -1.29, -26.36, 4.54, 4.98, -95.77, 1.38, 28.78, 4.98, -107.77, 15.3, 0.0, 4.98, -95.77, 1.38, -28.78]
[-81.13, -1.85, -26.68, 4.7, 4.98, -95.77, 1.38, 28.78, 4.98, -107.77, 15.3, 0.0, 4.98, -95.77, 1.38, -28.78]
[-82.54, -0.28, -26.28, 4.86, 4.98, -95.77, 1.38, 28.78, 4.98, -107.77, 15.3, 0.0, 4.98, -95.77, 1.38, -28.78]
[-82.51, -0.87, -26.6, 5.02, 4.98, -95.77, 1.38, 28.78, 4.98, -107.77, 15.3, 0.0, 4.98, -95.77, 1.38, -28.78]
[-82.82, -0.94, -26.75, 5.17, 4.98, -95.77, 1.38, 28.78, 4.98, -107.77, 15.3, 0.0, 4.98, -95.77, 1.38, -28.78]
[-83.35, -0.68, -26.79, 5.34, 4.98, -95.77, 1.38, 28.78, 4.98, -107.77, 15.3, 0.0, 4.98, -95.77, 1.38, -28.78]
[-82.81, -2.03, -27.37, 5.5, 4.98, -95.77, 1.38, 28.78, 4.98, -107.77, 15.3, 0.0, 4.98, -95.77, 1.38, -28.78]
[-83.43, -1.62, -27.36, 5.66, 4.98, -95.77, 1.38, 28.78, 4.98, -107.77, 15.3, 0.0, 4.98, -95.77, 1.38, -28.78]
[-84.35, -0.76, -27.19, 5.82, 4.98, -95.77, 1.38, 28.78, 4.98, -107.77, 15.3, 0.0, 4.98, -95.77, 1.38, -28.78]
[-84.12, -1.62, -27.6, 5.99, 4.98, -95.77, 1.38, 28.78, 4.98, -107.77, 15.3, 0.0, 4.98, -95.77, 1.38, -28.78]
[-84.19, -2.04, -27.86, 6.15, 4.98, -95.77, 1.38, 28.78, 4.98, -107.77, 15.3, 0.0, 4.98, -95.77, 1.38, -28.78]
[-85.4, -0.72, -27.54, 6.31, 4.98, -95.77, 1.38, 28.78, 4.98, -107.77, 15.3, 0.0, 4.98, -95.77, 1.38, -28.78]
[-85.56, -1.0, -27.75, 6.48, 4.98, -95.77, 1.38, 28.78, 4.98, -107.77, 15.3, 0.0, 4.98, -95.77, 1.38, -28.78]
[-85.91, -0.98, -27.85, 6.65, 4.98, -95.77, 1.38, 28.78, 4.98, -107.77, 15.3, 0.0, 4.98, -95.77, 1.38, -28.78]
[-86.47, -0.63, -27.85, 6.81, 4.98, -95.77, 1.38, 28.78, 4.98, -107.77, 15.3, 0.0, 4.98, -95.77, 1.38, -28.78]
[-85.9, -1.99, -28.43, 6.98, 4.98, -95.77, 1.38, 28.78, 4.98, -107.77, 15.3, 0.0, 4.98, -95.77, 1.38, -28.78]
[-86.53, -1.54, -28.39, 7.15, 4.98, -95.77, 1.38, 28.78, 4.98, -107.77, 15.3, 0.0, 4.98, -95.77, 1.38, -28.78]
[-87.52, -0.53, -28.15, 7.32, 4.98, -95.77, 1.38, 28.78, 4.98, -107.77, 15.3, 0.0, 4.98, -95.77, 1.38, -28.78]
[-87.19, -1.52, -28.6, 7.49, 4.98, -95.77, 1.38, 28.78, 4.98, -107.77, 15.3, 0.0, 4.98, -95.77, 1.38, -28.78]
[-87.22, -1.96, -28.86, 7.66, 4.98, -95.77, 1.38, 28.78, 4.98, -107.77, 15.3, 0.0, 4.98, -95.77, 1.38, -28.78]
[-88.52, -0.49, -28.47, 7.83, 4.98, -95.77, 1.38, 28.78, 4.98, -107.77, 15.3, 0.0, 4.98, -95.77, 1.38, -28.78]
[-88.58, -0.88, -28.71, 8.01, 4.98, -95.77, 1.38, 28.78, 4.98, -107.77, 15.3, 0.0, 4.98, -95.77, 1.38, -28.78]
[-88.88, -0.9, -28.82, 8.18, 4.98, -95.77, 1.38, 28.78, 4.98, -107.77, 15.3, 0.0, 4.98, -95.77, 1.38, -28.78]
[-89.4, -0.59, -28.82, 8.36, 4.98, -95.77, 1.38, 28.78, 4.98, -107.77, 15.3, 0.0, 4.98, -95.77, 1.38, -28.78]
[-88.77, -2.0, -29.4, 8.53, 4.98, -95.77, 1.38, 28.78, 4.98, -107.77, 15.3, 0.0, 4.98, -95.77, 1.38, -28.78]
[-89.34, -1.6, -29.37, 8.71, 4.98, -95.77, 1.38, 28.78, 4.98, -107.77, 15.3, 0.0, 4.98, -95.77, 1.38, -28.78]
[-90.18, -0.8, -29.19, 8.88, 4.98, -95.77, 1.38, 28.78, 4.98, -107.77, 15.3, 0.0, 4.98, -95.77, 1.38, -28.78]
[-89.9, -1.69, -29.6, 9.06, 4.98, -95.77, 1.38, 28.78, 4.98, -107.77, 15.3, 0.0, 4.98, -95.77, 1.38, -28.78]
[-89.9, -2.14, -29.85, 9.24, 4.98, -95.77, 1.38, 28.78, 4.98, -107.77, 15.3, 0.0, 4.98, -95.77, 1.38, -28.78]
[-90.91, -1.08, -29.59, 9.42, 4.98, -95.77, 1.38, 28.78, 4.98, -107.77, 15.3, 0.0, 4.98, -95.77, 1.38, -28.78]
[-91.0, -1.38, -29.79, 9.6, 4.98, -95.77, 1.38, 28.78, 4.98, -107.77, 15.3, 0.0, 4.98, -95.77, 1.38, -28.78]
[-91.24, -1.47, -29.91, 9.78, 4.98, -95.77, 1.38, 28.78, 4.98, -107.77, 15.3, 0.0, 4.98, -95.77, 1.38, -28.78]
[-91.58, -1.4, -29.98, 9.96, 4.98, -95.77, 1.38, 28.78, 4.98, -107.77, 15.3, 0.0, 4.98, -95.77, 1.38, -28.78]
[-92.06, -1.12, -29.98, 10.14, 4.98, -95.77, 1.38, 28.78, 4.98, -107.77, 15.3, 0.0, 4.98, -95.77, 1.38, -28.78]
[-92.91, -0.27, -29.78, 10.33, 4.98, -95.77, 1.38, 28.78, 4.98, -107.77, 15.3, 0.0, 4.98, -95.77, 1.38, -28.78]
[-92.22, -1.74, -30.37, 10.51, 4.98, -95.77, 1.38, 28.78, 4.98, -107.77, 15.3, 0.0, 4.98, -95.77, 1.38, -28.78]
[-93.04, -0.94, -30.19, 10.7, 4.98, -95.77, 1.38, 28.78, 4.98, -107.77, 15.3, 0.0, 4.98, -95.77, 1.38, -28.78]
[-92.82, -1.7, -30.54, 10.88, 4.98, -95.77, 1.38, 28.78, 4.98, -107.77, 15.3, 0.0, 4.98, -95.77, 1.38, -28.78]
[-92.84, -2.1, -30.77, 11.07, 4.98, -95.77, 1.38, 28.78, 4.98, -107.77, 15.3, 0.0, 4.98, -95.77, 1.38, -28.78]
[-93.91, -0.91, -30.45, 11.25, 4.98, -95.77, 1.38, 28.78, 4.98, -107.77, 15.3, 0.0, 4.98, -95.77, 1.38, -28.78]
[-93.91, -0.91, -30.45, 11.25, 4.98, -95.77, 1.38, 28.78, 4.98, -107.77, 15.3, 0.0, 4.98, -95.77, 1.38, -28.78]
[-93.91, -0.91, -30.45, 11.25, 4.98, -95.77, 1.38, 28.78, 4.98, -107.77, 15.3, 0.0, 4.98, -95.77, 1.38, -28.78]
[-93.91, -0.91, -30.45, 11.25, 4.98, -95.77, 1.38, 28.78, 4.98, -107.77, 15.3, 0.0, 4.98, -95.77, 1.38, -28.78]
[-93.91, -0.91, -30.45, 11.25, 4.98, -95.77, 1.38, 28.78, 4.98, -107.77, 15.3, 0.0, 4.98, -95.77, 1.38, -28.78]
[-93.91, -0.91, -30.45, 11.25, 4.98, -95.77, 1.38, 28.78, 4.98, -107.77, 15.3, 0.0, 4.98, -95.77, 1.38, -28.78]
[-92.84, -2.1, -30.77, 11.07, 4.98, -95.77, 1.38, 28.78, 4.98, -107.77, 15.3, 0.0, 4.98, -95.77, 1.38, -28.78]
[-92.82, -1.7, -30.54, 10.88, 4.98, -95.77, 1.38, 28.78, 4.98, -107.77, 15.3, 0.0, 4.98, -95.77, 1.38, -28.78]
[-93.04, -0.94, -30.19, 10.7, 4.98, -95.77, 1.38, 28.78, 4.98, -107.77, 15.3, 0.0, 4.98, -95.77, 1.38, -28.78]
[-92.22, -1.74, -30.37, 10.51, 4.98, -95.77, 1.38, 28.78, 4.98, -107.77, 15.3, 0.0, 4.98, -95.77, 1.38, -28.78]
[-92.91, -0.27, -29.78, 10.33, 4.98, -95.77, 1.38, 28.78, 4.98, -107.77, 15.3, 0.0, 4.98, -95.77, 1.38, -28.78]
[-92.06, -1.12, -29.98, 10.14, 4.98, -95.77, 1.38, 28.78, 4.98, -107.77, 15.3, 0.0, 4.98, -95.77, 1.38, -28.78]
[-91.58, -1.4, -29.98, 9.96, 4.98, -95.77, 1.38, 28.78, 4.98, -107.77, 15.3, 0.0, 4.98, -95.77, 1.38, -28.78]
[-91.24, -1.47, -29.91, 9.78, 4.98, -95.77, 1.38, 28.78, 4.98, -107.77, 15.3, 0.0, 4.98, -95.77, 1.38, -28.78]
[-91.0, -1.38, -29.79, 9.6, 4.98, -95.77, 1.38, 28.78, 4.98, -107.77, 15.3, 0.0, 4.98, -95.77, 1.38, -28.78]
[-90.91, -1.08, -29.59, 9.42, 4.98, -95.77, 1.38, 28.78, 4.98, -107.77, 15.3, 0.0, 4.98, -95.77, 1.38, -28.78]
[-89.9, -2.14, -29.85, 9.24, 4.98, -95.77, 1.38, 28.78, 4.98, -107.77, 15.3, 0.0, 4.98, -95.77, 1.38, -28.78]
[-89.9, -1.69, -29.6, 9.06, 4.98, -95.77, 1.38, 28.78, 4.98, -107.77, 15.3, 0.0, 4.98, -95.77, 1.38, -28.78]
[-90.18, -0.8, -29.19, 8.88, 4.98, -95.77, 1.38, 28.78, 4.98, -107.77, 15.3, 0.0, 4.98, -95.77, 1.38, -28.78]
[-89.34, -1.6, -29.37, 8.71, 4.98, -95.77, 1.38, 28.78, 4.98, -107.77, 15.3, 0.0, 4.98, -95.77, 1.38, -28.78]
[-88.77, -2.0, -29.4, 8.53, 4.98, -95.77, 1.38, 28.78, 4.98, -107.77, 15.3, 0.0, 4.98, -95.77, 1.38, -28.78]
[-89.4, -0.59, -28.82, 8.36, 4.98, -95.77, 1.38, 28.78, 4.98, -107.77, 15.3, 0.0, 4.98, -95.77, 1.38, -28.78]
[-88.88, -0.9, -28.82, 8.18, 4.98, -95.77, 1.38, 28.78, 4.98, -107.77, 15.3, 0.0, 4.98, -95.77, 1.38, -28.78]
[-88.58, -0.88, -28.71, 8.01, 4.98, -95.77, 1.38, 28.78, 4.98, -107.77, 15.3, 0.0, 4.98, -95.77, 1.38, -28.78]
[-88.52, -0.49, -28.47, 7.83, 4.98, -95.77, 1.38, 28.78, 4.98, -107.77, 15.3, 0.0, 4.98, -95.77, 1.38, -28.78]
[-87.22, -1.96, -28.86, 7.66, 4.98, -95.77, 1.38, 28.78, 4.98, -107.77, 15.3, 0.0, 4.98, -95.77, 1.38, -28.78]
[-87.19, -1.52, -28.6, 7.49, 4.98, -95.77, 1.38, 28.78, 4.98, -107.77, 15.3, 0.0, 4.98, -95.77, 1.38, -28.78]
[-87.52, -0.53, -28.15, 7.32, 4.98, -95.77, 1.38, 28.78, 4.98, -107.77, 15.3, 0.0, 4.98, -95.77, 1.38, -28.78]
[-86.53, -1.54, -28.39, 7.15, 4.98, -95.77, 1.38, 28.78, 4.98, -107.77, 15.3, 0.0, 4.98, -95.77, 1.38, -28.78]
[-85.9, -1.99, -28.43, 6.98, 4.98, -95.77, 1.38, 28.78, 4.98, -107.77, 15.3, 0.0, 4.98, -95.77, 1.38, -28.78]
[-86.47, -0.63, -27.85, 6.81, 4.98, -95.77, 1.38, 28.78, 4.98, -107.77, 15.3, 0.0, 4.98, -95.77, 1.38, -28.78]
[-85.91, -0.98, -27.85, 6.65, 4.98, -95.77, 1.38, 28.78, 4.98, -107.77, 15.3, 0.0, 4.98, -95.77, 1.38, -28.78]
[-85.56, -1.0, -27.75, 6.48, 4.98, -95.77, 1.38, 28.78, 4.98, -107.77, 15.3, 0.0, 4.98, -95.77, 1.38, -28.78]
[-85.4, -0.72, -27.54, 6.31, 4.98, -95.77, 1.38, 28.78, 4.98, -107.77, 15.3, 0.0, 4.98, -95.77, 1.38, -28.78]
[-84.19, -2.04, -27.86, 6.15, 4.98, -95.77, 1.38, 28.78, 4.98, -107.77, 15.3, 0.0, 4.98, -95.77, 1.38, -28.78]
[-84.12, -1.62, -27.6, 5.99, 4.98, -95.77, 1.38, 28.78, 4.98, -107.77, 15.3, 0.0, 4.98, -95.77, 1.38, -28.78]
[-84.35, -0.76, -27.19, 5.82, 4.98, -95.77, 1.38, 28.78, 4.98, -107.77, 15.3, 0.0, 4.98, -95.77, 1.38, -28.78]
[-83.43, -1.62, -27.36, 5.66, 4.98, -95.77, 1.38, 28.78, 4.98, -107.77, 15.3, 0.0, 4.98, -95.77, 1.38, -28.78]
[-82.81, -2.03, -27.37, 5.5, 4.98, -95.77, 1.38, 28.78, 4.98, -107.77, 15.3, 0.0, 4.98, -95.77, 1.38, -28.78]
[-83.35, -0.68, -26.79, 5.34, 4.98, -95.77, 1.38, 28.78, 4.98, -107.77, 15.3, 0.0, 4.98, -95.77, 1.38, -28.78]
[-82.82, -0.94, -26.75, 5.17, 4.98, -95.77, 1.38, 28.78, 4.98, -107.77, 15.3, 0.0, 4.98, -95.77, 1.38, -28.78]
[-82.51, -0.87, -26.6, 5.02, 4.98, -95.77, 1.38, 28.78, 4.98, -107.77, 15.3, 0.0, 4.98, -95.77, 1.38, -28.78]
[-82.54, -0.28, -26.28, 4.86, 4.98, -95.77, 1.38, 28.78, 4.98, -107.77, 15.3, 0.0, 4.98, -95.77, 1.38, -28.78]
[-81.13, -1.85, -26.68, 4.7, 4.98, -95.77, 1.38, 28.78, 4.98, -107.77, 15.3, 0.0, 4.98, -95.77, 1.38, -28.78]
[-81.15, -1.29, -26.36, 4.54, 4.98, -95.77, 1.38, 28.78, 4.98, -107.77, 15.3, 0.0, 4.98, -95.77, 1.38, -28.78]
[-80.32, -1.97, -26.45, 4.38, 4.98, -95.77, 1.38, 28.78, 4.98, -107.77, 15.3, 0.0, 4.98, -95.77, 1.38, -28.78]
[-80.61, -0.99, -25.99, 4.23, 4.98, -95.77, 1.38, 28.78, 4.98, -107.77, 15.3, 0.0, 4.98, -95.77, 1.38, -28.78]
[-79.94, -1.44, -26.01, 4.07, 4.98, -95.77, 1.38, 28.78, 4.98, -107.77, 15.3, 0.0, 4.98, -95.77, 1.38, -28.78]
[-79.45, -1.61, -25.93, 3.92, 4.98, -95.77, 1.38, 28.78, 4.98, -107.77, 15.3, 0.0, 4.98, -95.77, 1.38, -28.78]
[-79.09, -1.58, -25.78, 3.76, 4.98, -95.77, 1.38, 28.78, 4.98, -107.77, 15.3, 0.0, 4.98, -95.77, 1.38, -28.78]
[-78.85, -1.36, -25.57, 3.61, 4.98, -95.77, 1.38, 28.78, 4.98, -107.77, 15.3, 0.0, 4.98, -95.77, 1.38, -28.78]
[-78.86, -0.78, -25.23, 3.46, 4.98, -95.77, 1.38, 28.78, 4.98, -107.77, 15.3, 0.0, 4.98, -95.77, 1.38, -28.78]
[-77.78, -1.82, -25.44, 3.31, 4.98, -95.77, 1.38, 28.78, 4.98, -107.77, 15.3, 0.0, 4.98, -95.77, 1.38, -28.78]
[-77.98, -0.93, -24.99, 3.16, 4.98, -95.77, 1.38, 28.78, 4.98, -107.77, 15.3, 0.0, 4.98, -95.77, 1.38, -28.78]
[-77.19, -1.53, -25.05, 3.0, 4.98, -95.77, 1.38, 28.78, 4.98, -107.77, 15.3, 0.0, 4.98, -95.77, 1.38, -28.78]
[-76.62, -1.79, -24.99, 2.86, 4.98, -95.77, 1.38, 28.78, 4.98, -107.77, 15.3, 0.0, 4.98, -95.77, 1.38, -28.78]
[-76.18, -1.86, -24.87, 2.71, 4.98, -95.77, 1.38, 28.78, 4.98, -107.77, 15.3, 0.0, 4.98, -95.77, 1.38, -28.78]
[-75.85, -1.75, -24.68, 2.56, 4.98, -95.77, 1.38, 28.78, 4.98, -107.77, 15.3, 0.0, 4.98, -95.77, 1.38, -28.78]
[-75.67, -1.42, -24.42, 2.41, 4.98, -95.77, 1.38, 28.78, 4.98, -107.77, 15.3, 0.0, 4.98, -95.77, 1.38, -28.78]
[-75.81, -0.6, -23.99, 2.26, 4.98, -95.77, 1.38, 28.78, 4.98, -107.77, 15.3, 0.0, 4.98, -95.77, 1.38, -28.78]
[-74.74, -1.59, -24.17, 2.12, 4.98, -95.77, 1.38, 28.78, 4.98, -107.77, 15.3, 0.0, 4.98, -95.77, 1.38, -28.78]
[-74.04, -2.01, -24.15, 1.97, 4.98, -95.77, 1.38, 28.78, 4.98, -107.77, 15.3, 0.0, 4.98, -95.77, 1.38, -28.78]
[-74.55, -0.64, -23.53, 1.83, 4.98, -95.77, 1.38, 28.78, 4.98, -107.77, 15.3, 0.0, 4.98, -95.77, 1.38, -28.78]
[-74.05, -0.76, -23.41, 1.68, 4.98, -95.77, 1.38, 28.78, 4.98, -107.77, 15.3, 0.0, 4.98, -95.77, 1.38, -28.78]
[-73.97, -0.24, -23.08, 1.54, 4.98, -95.77, 1.38, 28.78, 4.98, -107.77, 15.3, 0.0, 4.98, -95.77, 1.38, -28.78]
[-72.49, -1.82, -23.45, 1.4, 4.98, -95.77, 1.38, 28.78, 4.98, -107.77, 15.3, 0.0, 4.98, -95.77, 1.38, -28.78]
[-72.49, -1.18, -23.07, 1.26, 4.98, -95.77, 1.38, 28.78, 4.98, -107.77, 15.3, 0.0, 4.98, -95.77, 1.38, -28.78]
[-71.65, -1.79, -23.11, 1.11, 4.98, -95.77, 1.38, 28.78, 4.98, -107.77, 15.3, 0.0, 4.98, -95.77, 1.38, -28.78]
[-71.02, -2.07, -23.04, 0.97, 4.98, -95.77, 1.38, 28.78, 4.98, -107.77, 15.3, 0.0, 4.98, -95.77, 1.38, -28.78]
[-71.64, -0.5, -22.33, 0.83, 4.98, -95.77, 1.38, 28.78, 4.98, -107.77, 15.3, 0.0, 4.98, -95.77, 1.38, -28.78]
[-70.15, -2.06, -22.69, 0.69, 4.98, -95.77, 1.38, 28.78, 4.98, -107.77, 15.3, 0.0, 4.98, -95.77, 1.38, -28.78]
[-69.9, -1.77, -22.42, 0.56, 4.98, -95.77, 1.38, 28.78, 4.98, -107.77, 15.3, 0.0, 4.98, -95.77, 1.38, -28.78]
[-69.89, -1.12, -22.02, 0.42, 4.98, -95.77, 1.38, 28.78, 4.98, -107.77, 15.3, 0.0, 4.98, -95.77, 1.38, -28.78]
[-69.03, -1.72, -22.05, 0.28, 4.98, -95.77, 1.38, 28.78, 4.98, -107.77, 15.3, 0.0, 4.98, -95.77, 1.38, -28.78]
[-68.41, -1.97, -21.96, 0.14, 4.98, -95.77, 1.38, 28.78, 4.98, -107.77, 15.3, 0.0, 4.98, -95.77, 1.38, -28.78]
[-67.93, -2.0, -21.78, 0.01, 4.98, -95.77, 1.38, 28.78, 4.98, -107.77, 15.3, 0.0, 4.98, -95.77, 1.38, -28.78]
[-67.58, -1.82, -21.54, -0.13, 4.98, -95.77, 1.38, 28.78, 4.98, -107.77, 15.3, 0.0, 4.98, -95.77, 1.38, -28.78]
[-67.43, -1.34, -21.2, -0.26, 4.98, -95.77, 1.38, 28.78, 4.98, -107.77, 15.3, 0.0, 4.98, -95.77, 1.38, -28.78]
[-66.56, -1.94, -21.21, -0.4, 4.98, -95.77, 1.38, 28.78, 4.98, -107.77, 15.3, 0.0, 4.98, -95.77, 1.38, -28.78]
[-66.86, -0.77, -20.63, -0.53, 4.98, -95.77, 1.38, 28.78, 4.98, -107.77, 15.3, 0.0, 4.98, -95.77, 1.38, -28.78]
[-66.28, -0.92, -20.49, -0.66, 4.98, -95.77, 1.38, 28.78, 4.98, -107.77, 15.3, 0.0, 4.98, -95.77, 1.38, -28.78]
[-66.09, -0.48, -20.15, -0.8, 4.98, -95.77, 1.38, 28.78, 4.98, -107.77, 15.3, 0.0, 4.98, -95.77, 1.38, -28.78]
[-64.78, -1.72, -20.37, -0.93, 4.98, -95.77, 1.38, 28.78, 4.98, -107.77, 15.3, 0.0, 4.98, -95.77, 1.38, -28.78]
[-64.94, -0.74, -19.84, -1.06, 4.98, -95.77, 1.38, 28.78, 4.98, -107.77, 15.3, 0.0, 4.98, -95.77, 1.38, -28.78]
[-64.14, -1.19, -19.79, -1.19, 4.98, -95.77, 1.38, 28.78, 4.98, -107.77, 15.3, 0.0, 4.98, -95.77, 1.38, -28.78]
[-63.66, -1.16, -19.58, -1.32, 4.98, -95.77, 1.38, 28.78, 4.98, -107.77, 15.3, 0.0, 4.98, -95.77, 1.38, -28.78]
[-63.54, -0.58, -19.18, -1.45, 4.98, -95.77, 1.38, 28.78, 4.98, -107.77, 15.3, 0.0, 4.98, -95.77, 1.38, -28.78]
[-62.36, -1.58, -19.31, -1.58, 4.98, -95.77, 1.38, 28.78, 4.98, -107.77, 15.3, 0.0, 4.98, -95.77, 1.38, -28.78]
[-61.62, -1.91, -19.21, -1.71, 4.98, -95.77, 1.38, 28.78, 4.98, -107.77, 15.3, 0.0, 4.98, -95.77, 1.38, -28.78]
[-61.08, -1.94, -19.01, -1.83, 4.98, -95.77, 1.38, 28.78, 4.98, -107.77, 15.3, 0.0, 4.98, -95.77, 1.38, -28.78]
[-60.71, -1.7, -18.71, -1.96, 4.98, -95.77, 1.38, 28.78, 4.98, -107.77, 15.3, 0.0, 4.98, -95.77, 1.38, -28.78]
[-60.67, -0.97, -18.25, -2.09, 4.98, -95.77, 1.38, 28.78, 4.98, -107.77, 15.3, 0.0, 4.98, -95.77, 1.38, -28.78]
[-59.84, -1.41, -18.18, -2.21, 4.98, -95.77, 1.38, 28.78, 4.98, -107.77, 15.3, 0.0, 4.98, -95.77, 1.38, -28.78]
[-59.31, -1.39, -17.95, -2.34, 4.98, -95.77, 1.38, 28.78, 4.98, -107.77, 15.3, 0.0, 4.98, -95.77, 1.38, -28.78]
[-59.1, -0.88, -17.55, -2.46, 4.98, -95.77, 1.38, 28.78, 4.98, -107.77, 15.3, 0.0, 4.98, -95.77, 1.38, -28.78]
[-58.09, -1.56, -17.55, -2.58, 4.98, -95.77, 1.38, 28.78, 4.98, -107.77, 15.3, 0.0, 4.98, -95.77, 1.38, -28.78]
[-57.43, -1.71, -17.37, -2.71, 4.98, -95.77, 1.38, 28.78, 4.98, -107.77, 15.3, 0.0, 4.98, -95.77, 1.38, -28.78]
[-57.01, -1.49, -17.06, -2.83, 4.98, -95.77, 1.38, 28.78, 4.98, -107.77, 15.3, 0.0, 4.98, -95.77, 1.38, -28.78]
[-57.06, -0.56, -16.51, -2.95, 4.98, -95.77, 1.38, 28.78, 4.98, -107.77, 15.3, 0.0, 4.98, -95.77, 1.38, -28.78]
[-56.17, -1.03, -16.43, -3.07, 4.98, -95.77, 1.38, 28.78, 4.98, -107.77, 15.3, 0.0, 4.98, -95.77, 1.38, -28.78]
[-55.8, -0.71, -16.08, -3.19, 4.98, -95.77, 1.38, 28.78, 4.98, -107.77, 15.3, 0.0, 4.98, -95.77, 1.38, -28.78]
[-54.63, -1.57, -16.12, -3.32, 4.98, -95.77, 1.38, 28.78, 4.98, -107.77, 15.3, 0.0, 4.98, -95.77, 1.38, -28.78]
[-53.9, -1.76, -15.93, -3.43, 4.98, -95.77, 1.38, 28.78, 4.98, -107.77, 15.3, 0.0, 4.98, -95.77, 1.38, -28.78]
[-53.46, -1.52, -15.6, -3.55, 4.98, -95.77, 1.38, 28.78, 4.98, -107.77, 15.3, 0.0, 4.98, -95.77, 1.38, -28.78]
[-53.61, -0.37, -14.95, -3.67, 4.98, -95.77, 1.38, 28.78, 4.98, -107.77, 15.3, 0.0, 4.98, -95.77, 1.38, -28.78]
[-52.9, -0.51, -14.73, -3.79, 4.98, -95.77, 1.38, 28.78, 4.98, -107.77, 15.3, 0.0, 4.98, -95.77, 1.38, -28.78]
[-52.9, -0.51, -14.73, -3.79, 4.98, -95.77, 1.38, 28.78, 4.98, -107.77, 15.3, 0.0, 4.98, -95.77, 1.38, -28.78]
[-52.9, -0.51, -14.73, -3.79, 4.98, -95.77, 1.38, 28.78, 4.98, -107.77, 15.3, 0.0, 4.98, -95.77, 1.38, -28.78]
[-52.9, -0.51, -14.73, -3.79, 4.98, -95.77, 1.38, 28.78, 4.98, -107.77, 15.3, 0.0, 4.98, -95.77, 1.38, -28.78]
[-52.9, -0.51, -14.73, -3.79, 4.98, -95.77, 1.38, 28.78, 4.98, -107.77, 15.3, 0.0, 4.98, -95.77, 1.38, -28.78]
[-52.9, -0.51, -14.73, -3.79, 4.98, -95.77, 1.38, 28.78, 4.98, -107.77, 15.3, 0.0, 4.98, -95.77, 1.38, -28.78]
[-53.61, -0.37, -14.95, -3.67, 4.98, -95.77, 1.38, 28.78, 4.98, -107.77, 15.3, 0.0, 4.98, -95.77, 1.38, -28.78]
[-53.46, -1.52, -15.6, -3.55, 4.98, -95.77, 1.38, 28.78, 4.98, -107.77, 15.3, 0.0, 4.98, -95.77, 1.38, -28.78]
[-53.9, -1.76, -15.93, -3.43, 4.98, -95.77, 1.38, 28.78, 4.98, -107.77, 15.3, 0.0, 4.98, -95.77, 1.38, -28.78]
[-54.63, -1.57, -16.12, -3.32, 4.98, -95.77, 1.38, 28.78, 4.98, -107.77, 15.3, 0.0, 4.98, -95.77, 1.38, -28.78]
[-55.8, -0.71, -16.08, -3.19, 4.98, -95.77, 1.38, 28.78, 4.98, -107.77, 15.3, 0.0, 4.98, -95.77, 1.38, -28.78]
[-56.17, -1.03, -16.43, -3.07, 4.98, -95.77, 1.38, 28.78, 4.98, -107.77, 15.3, 0.0, 4.98, -95.77, 1.38, -28.78]
[-57.06, -0.56, -16.51, -2.95, 4.98, -95.77, 1.38, 28.78, 4.98, -107.77, 15.3, 0.0, 4.98, -95.77, 1.38, -28.78]
[-57.01, -1.49, -17.06, -2.83, 4.98, -95.77, 1.38, 28.78, 4.98, -107.77, 15.3, 0.0, 4.98, -95.77, 1.38, -28.78]
[-57.43, -1.71, -17.37, -2.71, 4.98, -95.77, 1.38, 28.78, 4.98, -107.77, 15.3, 0.0, 4.98, -95.77, 1.38, -28.78]
[-58.09, -1.56, -17.55, -2.58, 4.98, -95.77, 1.38, 28.78, 4.98, -107.77, 15.3, 0.0, 4.98, -95.77, 1.38, -28.78]
[-59.1, -0.88, -17.55, -2.46, 4.98, -95.77, 1.38, 28.78, 4.98, -107.77, 15.3, 0.0, 4.98, -95.77, 1.38, -28.78]
[-59.31, -1.39, -17.95, -2.34, 4.98, -95.77, 1.38, 28.78, 4.98, -107.77, 15.3, 0.0, 4.98, -95.77, 1.38, -28.78]
[-59.84, -1.41, -18.18, -2.21, 4.98, -95.77, 1.38, 28.78, 4.98, -107.77, 15.3, 0.0, 4.98, -95.77, 1.38, -28.78]
[-60.67, -0.97, -18.25, -2.09, 4.98, -95.77, 1.38, 28.78, 4.98, -107.77, 15.3, 0.0, 4.98, -95.77, 1.38, -28.78]
[-60.71, -1.7, -18.71, -1.96, 4.98, -95.77, 1.38, 28.78, 4.98, -107.77, 15.3, 0.0, 4.98, -95.77, 1.38, -28.78]
[-61.08, -1.94, -19.01, -1.83, 4.98, -95.77, 1.38, 28.78, 4.98, -107.77, 15.3, 0.0, 4.98, -95.77, 1.38, -28.78]
[-61.62, -1.91, -19.21, -1.71, 4.98, -95.77, 1.38, 28.78, 4.98, -107.77, 15.3, 0.0, 4.98, -95.77, 1.38, -28.78]
[-62.36, -1.58, -19.31, -1.58, 4.98, -95.77, 1.38, 28.78, 4.98, -107.77, 15.3, 0.0, 4.98, -95.77, 1.38, -28.78]
[-63.54, -0.58, -19.18, -1.45, 4.98, -95.77, 1.38, 28.78, 4.98, -107.77, 15.3, 0.0, 4.98, -95.77, 1.38, -28.78]
[-63.66, -1.16, -19.58, -1.32, 4.98, -95.77, 1.38, 28.78, 4.98, -107.77, 15.3, 0.0, 4.98, -95.77, 1.38, -28.78]
[-64.14, -1.19, -19.79, -1.19, 4.98, -95.77, 1.38, 28.78, 4.98, -107.77, 15.3, 0.0, 4.98, -95.77, 1.38, -28.78]
[-64.94, -0.74, -19.84, -1.06, 4.98, -95.77, 1.38, 28.78, 4.98, -107.77, 15.3, 0.0, 4.98, -95.77, 1.38, -28.78]
[-64.78, -1.72, -20.37, -0.93, 4.98, -95.77, 1.38, 28.78, 4.98, -107.77, 15.3, 0.0, 4.98, -95.77, 1.38, -28.78]
[-66.09, -0.48, -20.15, -0.8, 4.98, -95.77, 1.38, 28.78, 4.98, -107.77, 15.3, 0.0, 4.98, -95.77, 1.38, -28.78]
[-66.28, -0.92, -20.49, -0.66, 4.98, -95.77, 1.38, 28.78, 4.98, -107.77, 15.3, 0.0, 4.98, -95.77, 1.38, -28.78]
[-66.86, -0.77, -20.63, -0.53, 4.98, -95.77, 1.38, 28.78, 4.98, -107.77, 15.3, 0.0, 4.98, -95.77, 1.38, -28.78]
[-66.56, -1.94, -21.21, -0.4, 4.98, -95.77, 1.38, 28.78, 4.98, -107.77, 15.3, 0.0, 4.98, -95.77, 1.38, -28.78]
[-67.43, -1.34, -21.2, -0.26, 4.98, -95.77, 1.38, 28.78, 4.98, -107.77, 15.3, 0.0, 4.98, -95.77, 1.38, -28.78]
[-67.58, -1.82, -21.54, -0.13, 4.98, -95.77, 1.38, 28.78, 4.98, -107.77, 15.3, 0.0, 4.98, -95.77, 1.38, -28.78]
[-67.93, -2.0, -21.78, 0.01, 4.98, -95.77, 1.38, 28.78, 4.98, -107.77, 15.3, 0.0, 4.98, -95.77, 1.38, -28.78]
[-68.41, -1.97, -21.96, 0.14, 4.98, -95.77, 1.38, 28.78, 4.98, -107.77, 15.3, 0.0, 4.98, -95.77, 1.38, -28.78]
[-69.03, -1.72, -22.05, 0.28, 4.98, -95.77, 1.38, 28.78, 4.98, -107.77, 15.3, 0.0, 4.98, -95.77, 1.38, -28.78]
[-69.89, -1.12, -22.02, 0.42, 4.98, -95.77, 1.38, 28.78, 4.98, -107.77, 15.3, 0.0, 4.98, -95.77, 1.38, -28.78]
[-69.9, -1.77, -22.42, 0.56, 4.98, -95.77, 1.38, 28.78, 4.98, -107.77, 15.3, 0.0, 4.98, -95.77, 1.38, -28.78]
[-70.15, -2.06, -22.69, 0.69, 4.98, -95.77, 1.38, 28.78, 4.98, -107.77, 15.3, 0.0, 4.98, -95.77, 1.38, -28.78]
[-71.64, -0.5, -22.33, 0.83, 4.98, -95.77, 1.38, 28.78, 4.98, -107.77, 15.3, 0.0, 4.98, -95.77, 1.38, -28.78]
[-71.02, -2.07, -23.04, 0.97, 4.98, -95.77, 1.38, 28.78, 4.98, -107.77, 15.3, 0.0, 4.98, -95.77, 1.38, -28.78]
[-71.65, -1.79, -23.11, 1.11, 4.98, -95.77, 1.38, 28.78, 4.98, -107.77, 15.3, 0.0, 4.98, -95.77, 1.38, -28.78]
[-72.49, -1.18, -23.07, 1.26, 4.98, -95.77, 1.38, 28.78, 4.98, -107.77, 15.3, 0.0, 4.98, -95.77, 1.38, -28.78]
[-72.49, -1.82, -23.45, 1.4, 4.98, -95.77, 1.38, 28.78, 4.98, -107.77, 15.3, 0.0, 4.98, -95.77, 1.38, -28.78]
[-73.97, -0.24, -23.08, 1.54, 4.98, -95.77, 1.38, 28.78, 4.98, -107.77, 15.3, 0.0, 4.98, -95.77, 1.38, -28.78]
[-74.05, -0.76, -23.41, 1.68, 4.98, -95.77, 1.38, 28.78, 4.98, -107.77, 15.3, 0.0, 4.98, -95.77, 1.38, -28.78]
[-74.55, -0.64, -23.53, 1.83, 4.98, -95.77, 1.38, 28.78, 4.98, -107.77, 15.3, 0.0, 4.98, -95.77, 1.38, -28.78]
[-74.04, -2.01, -24.15, 1.97, 4.98, -95.77, 1.38, 28.78, 4.98, -107.77, 15.3, 0.0, 4.98, -95.77, 1.38, -28.78]
[-74.74, -1.59, -24.17, 2.12, 4.98, -95.77, 1.38, 28.78, 4.98, -107.77, 15.3, 0.0, 4.98, -95.77, 1.38, -28.78]
[-75.81, -0.6, -23.99, 2.26, 4.98, -95.77, 1.38, 28.78, 4.98, -107.77, 15.3, 0.0, 4.98, -95.77, 1.38, -28.78]
[-75.67, -1.42, -24.42, 2.41, 4.98, -95.77, 1.38, 28.78, 4.98, -107.77, 15.3, 0.0, 4.98, -95.77, 1.38, -28.78]
[-75.85, -1.75, -24.68, 2.56, 4.98, -95.77, 1.38, 28.78, 4.98, -107.77, 15.3, 0.0, 4.98, -95.77, 1.38, -28.78]
[-76.18, -1.86, -24.87, 2.71, 4.98, -95.77, 1.38, 28.78, 4.98, -107.77, 15.3, 0.0, 4.98, -95.77, 1.38, -28.78]
[-76.62, -1.79, -24.99, 2.86, 4.98, -95.77, 1.38, 28.78, 4.98, -107.77, 15.3, 0.0, 4.98, -95.77, 1.38, -28.78]
[-77.19, -1.53, -25.05, 3.0, 4.98, -95.77, 1.38, 28.78, 4.98, -107.77, 15.3, 0.0, 4.98, -95.77, 1.38, -28.78]
[-77.98, -0.93, -24.99, 3.16, 4.98, -95.77, 1.38, 28.78, 4.98, -107.77, 15.3, 0.0, 4.98, -95.77, 1.38, -28.78]
[-77.78, -1.82, -25.44, 3.31, 4.98, -95.77, 1.38, 28.78, 4.98, -107.77, 15.3, 0.0, 4.98, -95.77, 1.38, -28.78]
[-78.86, -0.78, -25.23, 3.46, 4.98, -95.77, 1.38, 28.78, 4.98, -107.77, 15.3, 0.0, 4.98, -95.77, 1.38, -28.78]
[-78.85, -1.36, -25.57, 3.61, 4.98, -95.77, 1.38, 28.78, 4.98, -107.77, 15.3, 0.0, 4.98, -95.77, 1.38, -28.78]
[-79.09, -1.58, -25.78, 3.76, 4.98, -95.77, 1.38, 28.78, 4.98, -107.77, 15.3, 0.0, 4.98, -95.77, 1.38, -28.78]
[-79.45, -1.61, -25.93, 3.92, 4.98, -95.77, 1.38, 28.78, 4.98, -107.77, 15.3, 0.0, 4.98, -95.77, 1.38, -28.78]
[-79.94, -1.44, -26.01, 4.07, 4.98, -95.77, 1.38, 28.78, 4.98, -107.77, 15.3, 0.0, 4.98, -95.77, 1.38, -28.78]
[-80.61, -0.99, -25.99, 4.23, 4.98, -95.77, 1.38, 28.78, 4.98, -107.77, 15.3, 0.0, 4.98, -95.77, 1.38, -28.78]
[-80.32, -1.97, -26.45, 4.38, 4.98, -95.77, 1.38, 28.78, 4.98, -107.77, 15.3, 0.0, 4.98, -95.77, 1.38, -28.78]
[-81.15, -1.29, -26.36, 4.54, 4.98, -95.77, 1.38, 28.78, 4.98, -107.77, 15.3, 0.0, 4.98, -95.77, 1.38, -28.78]
[-81.13, -1.85, -26.68, 4.7, 4.98, -95.77, 1.38, 28.78, 4.98, -107.77, 15.3, 0.0, 4.98, -95.77, 1.38, -28.78]
[-82.54, -0.28, -26.28, 4.86, 4.98, -95.77, 1.38, 28.78, 4.98, -107.77, 15.3, 0.0, 4.98, -95.77, 1.38, -28.78]
[-82.51, -0.87, -26.6, 5.02, 4.98, -95.77, 1.38, 28.78, 4.98, -107.77, 15.3, 0.0, 4.98, -95.77, 1.38, -28.78]
[-82.82, -0.94, -26.75, 5.17, 4.98, -95.77, 1.38, 28.78, 4.98, -107.77, 15.3, 0.0, 4.98, -95.77, 1.38, -28.78]
[-83.35, -0.68, -26.79, 5.34, 4.98, -95.77, 1.38, 28.78, 4.98, -107.77, 15.3, 0.0, 4.98, -95.77, 1.38, -28.78]
[-82.81, -2.03, -27.37, 5.5, 4.98, -95.77, 1.38, 28.78, 4.98, -107.77, 15.3, 0.0, 4.98, -95.77, 1.38, -28.78]
[-83.43, -1.62, -27.36, 5.66, 4.98, -95.77, 1.38, 28.78, 4.98, -107.77, 15.3, 0.0, 4.98, -95.77, 1.38, -28.78]
[-84.35, -0.76, -27.19, 5.82, 4.98, -95.77, 1.38, 28.78, 4.98, -107.77, 15.3, 0.0, 4.98, -95.77, 1.38, -28.78]
[-84.12, -1.62, -27.6, 5.99, 4.98, -95.77, 1.38, 28.78, 4.98, -107.77, 15.3, 0.0, 4.98, -95.77, 1.38, -28.78]
[-84.19, -2.04, -27.86, 6.15, 4.98, -95.77, 1.38, 28.78, 4.98, -107.77, 15.3, 0.0, 4.98, -95.77, 1.38, -28.78]
[-85.4, -0.72, -27.54, 6.31, 4.98, -95.77, 1.38, 28.78, 4.98, -107.77, 15.3, 0.0, 4.98, -95.77, 1.38, -28.78]
[-85.56, -1.0, -27.75, 6.48, 4.98, -95.77, 1.38, 28.78, 4.98, -107.77, 15.3, 0.0, 4.98, -95.77, 1.38, -28.78]
[-85.91, -0.98, -27.85, 6.65, 4.98, -95.77, 1.38, 28.78, 4.98, -107.77, 15.3, 0.0, 4.98, -95.77, 1.38, -28.78]
[-86.47, -0.63, -27.85, 6.81, 4.98, -95.77, 1.38, 28.78, 4.98, -107.77, 15.3, 0.0, 4.98, -95.77, 1.38, -28.78]
[-85.9, -1.99, -28.43, 6.98, 4.98, -95.77, 1.38, 28.78, 4.98, -107.77, 15.3, 0.0, 4.98, -95.77, 1.38, -28.78]
[-86.53, -1.54, -28.39, 7.15, 4.98, -95.77, 1.38, 28.78, 4.98, -107.77, 15.3, 0.0, 4.98, -95.77, 1.38, -28.78]
[-87.52, -0.53, -28.15, 7.32, 4.98, -95.77, 1.38, 28.78, 4.98, -107.77, 15.3, 0.0, 4.98, -95.77, 1.38, -28.78]
[-87.19, -1.52, -28.6, 7.49, 4.98, -95.77, 1.38, 28.78, 4.98, -107.77, 15.3, 0.0, 4.98, -95.77, 1.38, -28.78]
[-87.22, -1.96, -28.86, 7.66, 4.98, -95.77, 1.38, 28.78, 4.98, -107.77, 15.3, 0.0, 4.98, -95.77, 1.38, -28.78]
[-88.52, -0.49, -28.47, 7.83, 4.98, -95.77, 1.38, 28.78, 4.98, -107.77, 15.3, 0.0, 4.98, -95.77, 1.38, -28.78]
[-88.58, -0.88, -28.71, 8.01, 4.98, -95.77, 1.38, 28.78, 4.98, -107.77, 15.3, 0.0, 4.98, -95.77, 1.38, -28.78]
[-88.88, -0.9, -28.82, 8.18, 4.98, -95.77, 1.38, 28.78, 4.98, -107.77, 15.3, 0.0, 4.98, -95.77, 1.38, -28.78]
[-89.4, -0.59, -28.82, 8.36, 4.98, -95.77, 1.38, 28.78, 4.98, -107.77, 15.3, 0.0, 4.98, -95.77, 1.38, -28.78]
[-88.77, -2.0, -29.4, 8.53, 4.98, -95.77, 1.38, 28.78, 4.98, -107.77, 15.3, 0.0, 4.98, -95.77, 1.38, -28.78]
[-89.34, -1.6, -29.37, 8.71, 4.98, -95.77, 1.38, 28.78, 4.98, -107.77, 15.3, 0.0, 4.98, -95.77, 1.38, -28.78]
[-90.18, -0.8, -29.19, 8.88, 4.98, -95.77, 1.38, 28.78, 4.98, -107.77, 15.3, 0.0, 4.98, -95.77, 1.38, -28.78]
[-89.9, -1.69, -29.6, 9.06, 4.98, -95.77, 1.38, 28.78, 4.98, -107.77, 15.3, 0.0, 4.98, -95.77, 1.38, -28.78]
[-89.9, -2.14, -29.85, 9.24, 4.98, -95.77, 1.38, 28.78, 4.98, -107.77, 15.3, 0.0, 4.98, -95.77, 1.38, -28.78]
[-90.91, -1.08, -29.59, 9.42, 4.98, -95.77, 1.38, 28.78, 4.98, -107.77, 15.3, 0.0, 4.98, -95.77, 1.38, -28.78]
[-91.0, -1.38, -29.79, 9.6, 4.98, -95.77, 1.38, 28.78, 4.98, -107.77, 15.3, 0.0, 4.98, -95.77, 1.38, -28.78]
[-91.24, -1.47, -29.91, 9.78, 4.98, -95.77, 1.38, 28.78, 4.98, -107.77, 15.3, 0.0, 4.98, -95.77, 1.38, -28.78]
[-91.58, -1.4, -29.98, 9.96, 4.98, -95.77, 1.38, 28.78, 4.98, -107.77, 15.3, 0.0, 4.98, -95.77, 1.38, -28.78]
[-92.06, -1.12, -29.98, 10.14, 4.98, -95.77, 1.38, 28.78, 4.98, -107.77, 15.3, 0.0, 4.98, -95.77, 1.38, -28.78]
[-92.91, -0.27, -29.78, 10.33, 4.98, -95.77, 1.38, 28.78, 4.98, -107.77, 15.3, 0.0, 4.98, -95.77, 1.38, -28.78]
[-92.22, -1.74, -30.37, 10.51, 4.98, -95.77, 1.38, 28.78, 4.98, -107.77, 15.3, 0.0, 4.98, -95.77, 1.38, -28.78]
[-93.04, -0.94, -30.19, 10.7, 4.98, -95.77, 1.38, 28.78, 4.98, -107.77, 15.3, 0.0, 4.98, -95.77, 1.38, -28.78]
[-92.82, -1.7, -30.54, 10.88, 4.98, -95.77, 1.38, 28.78, 4.98, -107.77, 15.3, 0.0, 4.98, -95.77, 1.38, -28.78]
[-92.84, -2.1, -30.77, 11.07, 4.98, -95.77, 1.38, 28.78, 4.98, -107.77, 15.3, 0.0, 4.98, -95.77, 1.38, -28.78]
[-93.91, -0.91, -30.45, 11.25, 4.98, -95.77, 1.38, 28.78, 4.98, -107.77, 15.3, 0.0, 4.98, -95.77, 1.38, -28.78]
[-93.91, -0.91, -30.45, 11.25, 4.98, -95.77, 1.38, 28.78, 4.98, -107.77, 15.3, 0.0, 4.98, -95.77, 1.38, -28.78]
[-93.91, -0.91, -30.45, 11.25, 4.98, -95.77, 1.38, 28.78, 4.98, -107.77, 15.3, 0.0, 4.98, -95.77, 1.38, -28.78]
[-93.91, -0.91, -30.45, 11.25, 4.98, -95.77, 1.38, 28.78, 4.98, -107.77, 15.3, 0.0, 4.98, -95.77, 1.38, -28.78]
[-93.91, -0.91, -30.45, 11.25, 4.98, -95.77, 1.38, 28.78, 4.98, -107.77, 15.3, 0.0, 4.98, -95.77, 1.38, -28.78]
[-93.91, -0.91, -30.45, 11.25, 4.98, -95.77, 1.38, 28.78, 4.98, -107.77, 15.3, 0.0, 4.98, -95.77, 1.38, -28.78]
[-93.51, -1.61, -30.42, 11.2, 4.98, -95.77, 1.38, 28.78, 4.98, -107.77, 15.3, 0.0, 4.98, -95.77, 1.38, -28.78]
[-93.36, -1.93, -30.26, 11.14, 4.98, -95.77, 1.38, 28.78, 4.98, -107.77, 15.3, 0.0, 4.98, -95.77, 1.38, -28.78]
[-93.34, -2.06, -30.04, 11.08, 4.98, -95.77, 1.38, 28.78, 4.98, -107.77, 15.3, 0.0, 4.98, -95.77, 1.38, -28.78]
[-93.41, -2.04, -29.76, 11.02, 4.98, -95.77, 1.38, 28.78, 4.98, -107.77, 15.3, 0.0, 4.98, -95.77, 1.38, -28.78]
[-93.59, -1.85, -29.42, 10.96, 4.98, -95.77, 1.38, 28.78, 4.98, -107.77, 15.3, 0.0, 4.98, -95.77, 1.38, -28.78]
[-93.92, -1.43, -29.0, 10.9, 4.98, -95.77, 1.38, 28.78, 4.98, -107.77, 15.3, 0.0, 4.98, -95.77, 1.38, -28.78]
[-94.8, -0.18, -28.3, 10.84, 4.98, -95.77, 1.38, 28.78, 4.98, -107.77, 15.3, 0.0, 4.98, -95.77, 1.38, -28.78]
[-94.04, -1.4, -28.44, 10.78, 4.98, -95.77, 1.38, 28.78, 4.98, -107.77, 15.3, 0.0, 4.98, -95.77, 1.38, -28.78]
[-93.81, -1.8, -28.3, 10.72, 4.98, -95.77, 1.38, 28.78, 4.98, -107.77, 15.3, 0.0, 4.98, -95.77, 1.38, -28.78]
[-93.75, -1.97, -28.07, 10.66, 4.98, -95.77, 1.38, 28.78, 4.98, -107.77, 15.3, 0.0, 4.98, -95.77, 1.38, -28.78]
[-93.8, -1.95, -27.78, 10.6, 4.98, -95.77, 1.38, 28.78, 4.98, -107.77, 15.3, 0.0, 4.98, -95.77, 1.38, -28.78]
[-93.97, -1.74, -27.43, 10.54, 4.98, -95.77, 1.38, 28.78, 4.98, -107.77, 15.3, 0.0, 4.98, -95.77, 1.38, -28.78]
[-94.32, -1.26, -26.98, 10.48, 4.98, -95.77, 1.38, 28.78, 4.98, -107.77, 15.3, 0.0, 4.98, -95.77, 1.38, -28.78]
[-93.85, -2.01, -26.95, 10.42, 4.98, -95.77, 1.38, 28.78, 4.98, -107.77, 15.3, 0.0, 4.98, -95.77, 1.38, -28.78]
[-94.5, -1.08, -26.34, 10.36, 4.98, -95.77, 1.38, 28.78, 4.98, -107.77, 15.3, 0.0, 4.98, -95.77, 1.38, -28.78]
[-94.25, -1.48, -26.19, 10.29, 4.98, -95.77, 1.38, 28.78, 4.98, -107.77, 15.3, 0.0, 4.98, -95.77, 1.38, -28.78]
[-94.21, -1.57, -25.93, 10.23, 4.98, -95.77, 1.38, 28.78, 4.98, -107.77, 15.3, 0.0, 4.98, -95.77, 1.38, -28.78]
[-94.32, -1.42, -25.59, 10.17, 4.98, -95.77, 1.38, 28.78, 4.98, -107.77, 15.3, 0.0, 4.98, -95.77, 1.38, -28.78]
[-94.68, -0.91, -25.12, 10.11, 4.98, -95.77, 1.38, 28.78, 4.98, -107.77, 15.3, 0.0, 4.98, -95.77, 1.38, -28.78]
[-94.05, -1.87, -25.15, 10.05, 4.98, -95.77, 1.38, 28.78, 4.98, -107.77, 15.3, 0.0, 4.98, -95.77, 1.38, -28.78]
[-94.71, -0.89, -24.52, 9.98, 4.98, -95.77, 1.38, 28.78, 4.98, -107.77, 15.3, 0.0, 4.98, -95.77, 1.38, -28.78]
[-94.38, -1.39, -24.39, 9.92, 4.98, -95.77, 1.38, 28.78, 4.98, -107.77, 15.3, 0.0, 4.98, -95.77, 1.38, -28.78]
[-94.3, -1.51, -24.13, 9.86, 4.98, -95.77, 1.38, 28.78, 4.98, -107.77, 15.3, 0.0, 4.98, -95.77, 1.38, -28.78]
[-94.4, -1.36, -23.78, 9.8, 4.98, -95.77, 1.38, 28.78, 4.98, -107.77, 15.3, 0.0, 4.98, -95.77, 1.38, -28.78]
[-94.77, -0.79, -23.29, 9.73, 4.98, -95.77, 1.38, 28.78, 4.98, -107.77, 15.3, 0.0, 4.98, -95.77, 1.38, -28.78]
[-94.1, -1.79, -23.32, 9.67, 4.98, -95.77, 1.38, 28.78, 4.98, -107.77, 15.3, 0.0, 4.98, -95.77, 1.38, -28.78]
[-94.88, -0.61, -22.61, 9.61, 4.98, -95.77, 1.38, 28.78, 4.98, -107.77, 15.3, 0.0, 4.98, -95.77, 1.38, -28.78]
[-94.5, -1.15, -22.49, 9.54, 4.98, -95.77, 1.38, 28.78, 4.98, -107.77, 15.3, 0.0, 4.98, -95.77, 1.38, -28.78]
[-94.45, -1.2, -22.2, 9.48, 4.98, -95.77, 1.38, 28.78, 4.98, -107.77, 15.3, 0.0, 4.98, -95.77, 1.38, -28.78]
[-94.66, -0.86, -21.78, 9.41, 4.98, -95.77, 1.38, 28.78, 4.98, -107.77, 15.3, 0.0, 4.98, -95.77, 1.38, -28.78]
[-93.91, -1.95, -21.84, 9.35, 4.98, -95.77, 1.38, 28.78, 4.98, -107.77, 15.3, 0.0, 4.98, -95.77, 1.38, -28.78]
[-94.4, -1.18, -21.27, 9.28, 4.98, -95.77, 1.38, 28.78, 4.98, -107.77, 15.3, 0.0, 4.98, -95.77, 1.38, -28.78]
[-94.05, -1.66, -21.12, 9.22, 4.98, -95.77, 1.38, 28.78, 4.98, -107.77, 15.3, 0.0, 4.98, -95.77, 1.38, -28.78]
[-93.93, -1.8, -20.85, 9.16, 4.98, -95.77, 1.38, 28.78, 4.98, -107.77, 15.3, 0.0, 4.98, -95.77, 1.38, -28.78]
[-93.97, -1.68, -20.5, 9.09, 4.98, -95.77, 1.38, 28.78, 4.98, -107.77, 15.3, 0.0, 4.98, -95.77, 1.38, -28.78]
[-94.22, -1.25, -20.04, 9.02, 4.98, -95.77, 1.38, 28.78, 4.98, -107.77, 15.3, 0.0, 4.98, -95.77, 1.38, -28.78]
[-93.68, -2.0, -19.98, 8.96, 4.98, -95.77, 1.38, 28.78, 4.98, -107.77, 15.3, 0.0, 4.98, -95.77, 1.38, -28.78]
[-94.32, -0.97, -19.31, 8.89, 4.98, -95.77, 1.38, 28.78, 4.98, -107.77, 15.3, 0.0, 4.98, -95.77, 1.38, -28.78]
[-94.08, -1.26, -19.09, 8.83, 4.98, -95.77, 1.38, 28.78, 4.98, -107.77, 15.3, 0.0, 4.98, -95.77, 1.38, -28.78]
[-94.1, -1.15, -18.73, 8.76, 4.98, -95.77, 1.38, 28.78, 4.98, -107.77, 15.3, 0.0, 4.98, -95.77, 1.38, -28.78]
[-94.56, -0.38, -18.15, 8.69, 4.98, -95.77, 1.38, 28.78, 4.98, -107.77, 15.3, 0.0, 4.98, -95.77, 1.38, -28.78]
[-93.68, -1.63, -18.25, 8.63, 4.98, -95.77, 1.38, 28.78, 4.98, -107.77, 15.3, 0.0, 4.98, -95.77, 1.38, -28.78]
[-93.33, -2.05, -18.08, 8.56, 4.98, -95.77, 1.38, 28.78, 4.98, -107.77, 15.3, 0.0, 4.98, -95.77, 1.38, -28.78]
[-94.32, -0.48, -17.22, 8.49, 4.98, -95.77, 1.38, 28.78, 4.98, -107.77, 15.3, 0.0, 4.98, -95.77, 1.38, -28.78]
[-93.16, -2.13, -17.45, 8.43, 4.98, -95.77, 1.38, 28.78, 4.98, -107.77, 15.3, 0.0, 4.98, -95.77, 1.38, -28.78]
[-93.31, -1.8, -17.02, 8.36, 4.98, -95.77, 1.38, 28.78, 4.98, -107.77, 15.3, 0.0, 4.98, -95.77, 1.38, -28.78]
[-93.77, -1.0, -16.42, 8.29, 4.98, -95.77, 1.38, 28.78, 4.98, -107.77, 15.3, 0.0, 4.98, -95.77, 1.38, -28.78]
[-93.33, -1.55, -16.28, 8.22, 4.98, -95.77, 1.38, 28.78, 4.98, -107.77, 15.3, 0.0, 4.98, -95.77, 1.38, -28.78]
[-93.16, -1.68, -15.99, 8.16, 4.98, -95.77, 1.38, 28.78, 4.98, -107.77, 15.3, 0.0, 4.98, -95.77, 1.38, -28.78]
[-93.2, -1.5, -15.61, 8.09, 4.98, -95.77, 1.38, 28.78, 4.98, -107.77, 15.3, 0.0, 4.98, -95.77, 1.38, -28.78]
[-93.56, -0.84, -15.05, 8.02, 4.98, -95.77, 1.38, 28.78, 4.98, -107.77, 15.3, 0.0, 4.98, -95.77, 1.38, -28.78]
[-92.92, -1.67, -15.0, 7.95, 4.98, -95.77, 1.38, 28.78, 4.98, -107.77, 15.3, 0.0, 4.98, -95.77, 1.38, -28.78]
[-92.64, -1.96, -14.77, 7.88, 4.98, -95.77, 1.38, 28.78, 4.98, -107.77, 15.3, 0.0, 4.98, -95.77, 1.38, -28.78]
[-92.54, -1.98, -14.44, 7.81, 4.98, -95.77, 1.38, 28.78, 4.98, -107.77, 15.3, 0.0, 4.98, -95.77, 1.38, -28.78]
[-92.61, -1.72, -14.02, 7.74, 4.98, -95.77, 1.38, 28.78, 4.98, -107.77, 15.3, 0.0, 4.98, -95.77, 1.38, -28.78]
[-93.01, -0.98, -13.44, 7.67, 4.98, -95.77, 1.38, 28.78, 4.98, -107.77, 15.3, 0.0, 4.98, -95.77, 1.38, -28.78]
[-92.49, -1.6, -13.31, 7.6, 4.98, -95.77, 1.38, 28.78, 4.98, -107.77, 15.3, 0.0, 4.98, -95.77, 1.38, -28.78]
[-92.28, -1.77, -13.03, 7.53, 4.98, -95.77, 1.38, 28.78, 4.98, -107.77, 15.3, 0.0, 4.98, -95.77, 1.38, -28.78]
[-92.26, -1.63, -12.65, 7.46, 4.98, -95.77, 1.38, 28.78, 4.98, -107.77, 15.3, 0.0, 4.98, -95.77, 1.38, -28.78]
[-92.53, -1.07, -12.12, 7.39, 4.98, -95.77, 1.38, 28.78, 4.98, -107.77, 15.3, 0.0, 4.98, -95.77, 1.38, -28.78]
[-91.94, -1.78, -12.03, 7.32, 4.98, -95.77, 1.38, 28.78, 4.98, -107.77, 15.3, 0.0, 4.98, -95.77, 1.38, -28.78]
[-91.65, -2.04, -11.78, 7.25, 4.98, -95.77, 1.38, 28.78, 4.98, -107.77, 15.3, 0.0, 4.98, -95.77, 1.38, -28.78]
[-91.54, -2.02, -11.43, 7.18, 4.98, -95.77, 1.38, 28.78, 4.98, -107.77, 15.3, 0.0, 4.98, -95.77, 1.38, -28.78]
[-91.62, -1.71, -10.99, 7.11, 4.98, -95.77, 1.38, 28.78, 4.98, -107.77, 15.3, 0.0, 4.98, -95.77, 1.38, -28.78]
[-92.08, -0.84, -10.35, 7.04, 4.98, -95.77, 1.38, 28.78, 4.98, -107.77, 15.3, 0.0, 4.98, -95.77, 1.38, -28.78]
[-91.57, -1.42, -10.21, 6.96, 4.98, -95.77, 1.38, 28.78, 4.98, -107.77, 15.3, 0.0, 4.98, -95.77, 1.38, -28.78]
[-91.38, -1.5, -9.89, 6.89, 4.98, -95.77, 1.38, 28.78, 4.98, -107.77, 15.3, 0.0, 4.98, -95.77, 1.38, -28.78]
[-91.47, -1.17, -9.44, 6.82, 4.98, -95.77, 1.38, 28.78, 4.98, -107.77, 15.3, 0.0, 4.98, -95.77, 1.38, -28.78]
[-90.77, -2.01, -9.38, 6.75, 4.98, -95.77, 1.38, 28.78, 4.98, -107.77, 15.3, 0.0, 4.98, -95.77, 1.38, -28.78]
[-91.32, -0.98, -8.69, 6.67, 4.98, -95.77, 1.38, 28.78, 4.98, -107.77, 15.3, 0.0, 4.98, -95.77, 1.38, -28.78]
[-91.04, -1.19, -8.42, 6.6, 4.98, -95.77, 1.38, 28.78, 4.98, -107.77, 15.3, 0.0, 4.98, -95.77, 1.38, -28.78]
[-91.11, -0.86, -7.96, 6.53, 4.98, -95.77, 1.38, 28.78, 4.98, -107.77, 15.3, 0.0, 4.98, -95.77, 1.38, -28.78]
[-90.27, -1.89, -7.96, 6.45, 4.98, -95.77, 1.38, 28.78, 4.98, -107.77, 15.3, 0.0, 4.98, -95.77, 1.38, -28.78]
[-90.84, -0.82, -7.25, 6.38, 4.98, -95.77, 1.38, 28.78, 4.98, -107.77, 15.3, 0.0, 4.98, -95.77, 1.38, -28.78]
[-90.48, -1.12, -7.01, 6.31, 4.98, -95.77, 1.38, 28.78, 4.98, -107.77, 15.3, 0.0, 4.98, -95.77, 1.38, -28.78]
[-90.51, -0.84, -6.57, 6.23, 4.98, -95.77, 1.38, 28.78, 4.98, -107.77, 15.3, 0.0, 4.98, -95.77, 1.38, -28.78]
[-89.64, -1.91, -6.58, 6.16, 4.98, -95.77, 1.38, 28.78, 4.98, -107.77, 15.3, 0.0, 4.98, -95.77, 1.38, -28.78]
[-90.14, -0.9, -5.9, 6.08, 4.98, -95.77, 1.38, 28.78, 4.98, -107.77, 15.3, 0.0, 4.98, -95.77, 1.38, -28.78]
[-89.77, -1.21, -5.65, 6.01, 4.98, -95.77, 1.38, 28.78, 4.98, -107.77, 15.3, 0.0, 4.98, -95.77, 1.38, -28.78]
[-89.75, -0.98, -5.23, 5.93, 4.98, -95.77, 1.38, 28.78, 4.98, -107.77, 15.3, 0.0, 4.98, -95.77, 1.38, -28.78]
[-88.91, -1.98, -5.22, 5.86, 4.98, -95.77, 1.38, 28.78, 4.98, -107.77, 15.3, 0.0, 4.98, -95.77, 1.38, -28.78]
[-89.35, -1.06, -4.55, 5.78, 4.98, -95.77, 1.38, 28.78, 4.98, -107.77, 15.3, 0.0, 4.98, -95.77, 1.38, -28.78]
[-88.99, -1.33, -4.29, 5.7, 4.98, -95.77, 1.38, 28.78, 4.98, -107.77, 15.3, 0.0, 4.98, -95.77, 1.38, -28.78]
[-88.95, -1.12, -3.87, 5.63, 4.98, -95.77, 1.38, 28.78, 4.98, -107.77, 15.3, 0.0, 4.98, -95.77, 1.38, -28.78]
[-88.15, -2.05, -3.84, 5.55, 4.98, -95.77, 1.38, 28.78, 4.98, -107.77, 15.3, 0.0, 4.98, -95.77, 1.38, -28.78]
[-88.56, -1.15, -3.18, 5.47, 4.98, -95.77, 1.38, 28.78, 4.98, -107.77, 15.3, 0.0, 4.98, -95.77, 1.38, -28.78]
[-88.22, -1.38, -2.9, 5.4, 4.98, -95.77, 1.38, 28.78, 4.98, -107.77, 15.3, 0.0, 4.98, -95.77, 1.38, -28.78]
[-88.18, -1.13, -2.47, 5.32, 4.98, -95.77, 1.38, 28.78, 4.98, -107.77, 15.3, 0.0, 4.98, -95.77, 1.38, -28.78]
[-87.39, -2.03, -2.42, 5.24, 4.98, -95.77, 1.38, 28.78, 4.98, -107.77, 15.3, 0.0, 4.98, -95.77, 1.38, -28.78]
[-87.83, -1.07, -1.74, 5.17, 4.98, -95.77, 1.38, 28.78, 4.98, -107.77, 15.3, 0.0, 4.98, -95.77, 1.38, -28.78]
[-87.5, -1.26, -1.45, 5.09, 4.98, -95.77, 1.38, 28.78, 4.98, -107.77, 15.3, 0.0, 4.98, -95.77, 1.38, -28.78]
[-87.53, -0.91, -0.98, 5.01, 4.98, -95.77, 1.38, 28.78, 4.98, -107.77, 15.3, 0.0, 4.98, -95.77, 1.38, -28.78]
[-86.68, -1.87, -0.95, 4.93, 4.98, -95.77, 1.38, 28.78, 4.98, -107.77, 15.3, 0.0, 4.98, -95.77, 1.38, -28.78]
[-87.32, -0.59, -0.16, 4.85, 4.98, -95.77, 1.38, 28.78, 4.98, -107.77, 15.3, 0.0, 4.98, -95.77, 1.38, -28.78]
[-86.98, -0.78, 0.13, 4.77, 4.98, -95.77, 1.38, 28.78, 4.98, -107.77, 15.3, 0.0, 4.98, -95.77, 1.38, -28.78]
[-85.9, -2.07, 0.05, 4.69, 4.98, -95.77, 1.38, 28.78, 4.98, -107.77, 15.3, 0.0, 4.98, -95.77, 1.38, -28.78]
[-86.09, -1.45, 0.61, 4.61, 4.98, -95.77, 1.38, 28.78, 4.98, -107.77, 15.3, 0.0, 4.98, -95.77, 1.38, -28.78]
[-85.62, -1.83, 0.84, 4.53, 4.98, -95.77, 1.38, 28.78, 4.98, -107.77, 15.3, 0.0, 4.98, -95.77, 1.38, -28.78]
[-85.39, -1.83, 1.2, 4.45, 4.98, -95.77, 1.38, 28.78, 4.98, -107.77, 15.3, 0.0, 4.98, -95.77, 1.38, -28.78]
[-85.4, -1.46, 1.68, 4.37, 4.98, -95.77, 1.38, 28.78, 4.98, -107.77, 15.3, 0.0, 4.98, -95.77, 1.38, -28.78]
[-84.76, -2.08, 1.83, 4.29, 4.98, -95.77, 1.38, 28.78, 4.98, -107.77, 15.3, 0.0, 4.98, -95.77, 1.38, -28.78]
[-85.37, -0.8, 2.62, 4.21, 4.98, -95.77, 1.38, 28.78, 4.98, -107.77, 15.3, 0.0, 4.98, -95.77, 1.38, -28.78]
[-85.27, -0.6, 3.05, 4.13, 4.98, -95.77, 1.38, 28.78, 4.98, -107.77, 15.3, 0.0, 4.98, -95.77, 1.38, -28.78]
[-84.19, -1.86, 2.98, 4.05, 4.98, -95.77, 1.38, 28.78, 4.98, -107.77, 15.3, 0.0, 4.98, -95.77, 1.38, -28.78]
[-84.63, -0.83, 3.69, 3.97, 4.98, -95.77, 1.38, 28.78, 4.98, -107.77, 15.3, 0.0, 4.98, -95.77, 1.38, -28.78]
[-84.18, -1.14, 3.95, 3.89, 4.98, -95.77, 1.38, 28.78, 4.98, -107.77, 15.3, 0.0, 4.98, -95.77, 1.38, -28.78]
[-84.14, -0.81, 4.42, 3.8, 4.98, -95.77, 1.38, 28.78, 4.98, -107.77, 15.3, 0.0, 4.98, -95.77, 1.38, -28.78]
[-83.2, -1.83, 4.43, 3.72, 4.98, -95.77, 1.38, 28.78, 4.98, -107.77, 15.3, 0.0, 4.98, -95.77, 1.38, -28.78]
[-83.85, -0.48, 5.25, 3.64, 4.98, -95.77, 1.38, 28.78, 4.98, -107.77, 15.3, 0.0, 4.98, -95.77, 1.38, -28.78]
[-83.47, -0.66, 5.55, 3.56, 4.98, -95.77, 1.38, 28.78, 4.98, -107.77, 15.3, 0.0, 4.98, -95.77, 1.38, -28.78]
[-82.31, -2.0, 5.46, 3.47, 4.98, -95.77, 1.38, 28.78, 4.98, -107.77, 15.3, 0.0, 4.98, -95.77, 1.38, -28.78]
[-82.51, -1.3, 6.06, 3.39, 4.98, -95.77, 1.38, 28.78, 4.98, -107.77, 15.3, 0.0, 4.98, -95.77, 1.38, -28.78]
[-82.01, -1.65, 6.3, 3.3, 4.98, -95.77, 1.38, 28.78, 4.98, -107.77, 15.3, 0.0, 4.98, -95.77, 1.38, -28.78]
[-80.13, -4.03, 5.86, 3.22, 4.98, -95.77, 1.38, 28.78, 4.98, -107.77, 15.3, 0.0, 4.98, -95.77, 1.38, -28.78]
[-77.47, -7.49, 5.06, 3.14, 4.98, -95.77, 1.38, 28.78, 4.98, -107.77, 15.3, 0.0, 4.98, -95.77, 1.38, -28.78]
[-75.45, -9.96, 4.6, 3.05, 4.98, -95.77, 1.38, 28.78, 4.98, -107.77, 15.3, 0.0, 4.98, -95.77, 1.38, -28.78]
[-73.94, -11.67, 4.4, 2.97, 4.98, -95.77, 1.38, 28.78, 4.98, -107.77, 15.3, 0.0, 4.98, -95.77, 1.38, -28.78]
[-72.48, -13.29, 4.23, 2.88, 4.98, -95.77, 1.38, 28.78, 4.98, -107.77, 15.3, 0.0, 4.98, -95.77, 1.38, -28.78]
[-71.28, -14.53, 4.19, 2.8, 4.98, -95.77, 1.38, 28.78, 4.98, -107.77, 15.3, 0.0, 4.98, -95.77, 1.38, -28.78]
[-70.17, -15.63, 4.2, 2.71, 4.98, -95.77, 1.38, 28.78, 4.98, -107.77, 15.3, 0.0, 4.98, -95.77, 1.38, -28.78]
[-69.14, -16.62, 4.24, 2.62, 4.98, -95.77, 1.38, 28.78, 4.98, -107.77, 15.3, 0.0, 4.98, -95.77, 1.38, -28.78]
[-68.16, -17.51, 4.32, 2.54, 4.98, -95.77, 1.38, 28.78, 4.98, -107.77, 15.3, 0.0, 4.98, -95.77, 1.38, -28.78]
[-67.24, -18.33, 4.43, 2.45, 4.98, -95.77, 1.38, 28.78, 4.98, -107.77, 15.3, 0.0, 4.98, -95.77, 1.38, -28.78]
[-66.37, -19.07, 4.56, 2.36, 4.98, -95.77, 1.38, 28.78, 4.98, -107.77, 15.3, 0.0, 4.98, -95.77, 1.38, -28.78]
[-65.53, -19.75, 4.72, 2.28, 4.98, -95.77, 1.38, 28.78, 4.98, -107.77, 15.3, 0.0, 4.98, -95.77, 1.38, -28.78]
[-64.74, -20.37, 4.89, 2.19, 4.98, -95.77, 1.38, 28.78, 4.98, -107.77, 15.3, 0.0, 4.98, -95.77, 1.38, -28.78]
[-63.97, -20.94, 5.08, 2.1, 4.98, -95.77, 1.38, 28.78, 4.98, -107.77, 15.3, 0.0, 4.98, -95.77, 1.38, -28.78]
[-63.24, -21.47, 5.29, 2.01, 4.98, -95.77, 1.38, 28.78, 4.98, -107.77, 15.3, 0.0, 4.98, -95.77, 1.38, -28.78]
[-62.53, -21.95, 5.52, 1.93, 4.98, -95.77, 1.38, 28.78, 4.98, -107.77, 15.3, 0.0, 4.98, -95.77, 1.38, -28.78]
[-61.86, -22.39, 5.75, 1.84, 4.98, -95.77, 1.38, 28.78, 4.98, -107.77, 15.3, 0.0, 4.98, -95.77, 1.38, -28.78]
[-61.2, -22.79, 6.01, 1.75, 4.98, -95.77, 1.38, 28.78, 4.98, -107.77, 15.3, 0.0, 4.98, -95.77, 1.38, -28.78]
[-60.58, -23.15, 6.27, 1.66, 4.98, -95.77, 1.38, 28.78, 4.98, -107.77, 15.3, 0.0, 4.98, -95.77, 1.38, -28.78]
[-59.97, -23.48, 6.55, 1.57, 4.98, -95.77, 1.38, 28.78, 4.98, -107.77, 15.3, 0.0, 4.98, -95.77, 1.38, -28.78]
[-59.39, -23.77, 6.84, 1.48, 4.98, -95.77, 1.38, 28.78, 4.98, -107.77, 15.3, 0.0, 4.98, -95.77, 1.38, -28.78]
[-58.83, -24.03, 7.14, 1.39, 4.98, -95.77, 1.38, 28.78, 4.98, -107.77, 15.3, 0.0, 4.98, -95.77, 1.38, -28.78]
[-58.29, -24.26, 7.45, 1.3, 4.98, -95.77, 1.38, 28.78, 4.98, -107.77, 15.3, 0.0, 4.98, -95.77, 1.38, -28.78]
[-57.77, -24.46, 7.77, 1.21, 4.98, -95.77, 1.38, 28.78, 4.98, -107.77, 15.3, 0.0, 4.98, -95.77, 1.38, -28.78]
[-57.27, -24.63, 8.1, 1.12, 4.98, -95.77, 1.38, 28.78, 4.98, -107.77, 15.3, 0.0, 4.98, -95.77, 1.38, -28.78]
[-56.79, -24.76, 8.45, 1.03, 4.98, -95.77, 1.38, 28.78, 4.98, -107.77, 15.3, 0.0, 4.98, -95.77, 1.38, -28.78]
[-56.33, -24.87, 8.8, 0.93, 4.98, -95.77, 1.38, 28.78, 4.98, -107.77, 15.3, 0.0, 4.98, -95.77, 1.38, -28.78]
[-55.89, -24.95, 9.16, 0.84, 4.98, -95.77, 1.38, 28.78, 4.98, -107.77, 15.3, 0.0, 4.98, -95.77, 1.38, -28.78]
[-55.47, -25.0, 9.53, 0.75, 4.98, -95.77, 1.38, 28.78, 4.98, -107.77, 15.3, 0.0, 4.98, -95.77, 1.38, -28.78]
[-55.06, -25.02, 9.91, 0.66, 4.98, -95.77, 1.38, 28.78, 4.98, -107.77, 15.3, 0.0, 4.98, -95.77, 1.38, -28.78]
[-54.68, -25.02, 10.3, 0.56, 4.98, -95.77, 1.38, 28.78, 4.98, -107.77, 15.3, 0.0, 4.98, -95.77, 1.38, -28.78]
[-54.31, -24.98, 10.7, 0.47, 4.98, -95.77, 1.38, 28.78, 4.98, -107.77, 15.3, 0.0, 4.98, -95.77, 1.38, -28.78]
[-53.97, -24.92, 11.11, 0.38, 4.98, -95.77, 1.38, 28.78, 4.98, -107.77, 15.3, 0.0, 4.98, -95.77, 1.38, -28.78]
[-53.64, -24.83, 11.53, 0.28, 4.98, -95.77, 1.38, 28.78, 4.98, -107.77, 15.3, 0.0, 4.98, -95.77, 1.38, -28.78]
[-53.34, -24.71, 11.96, 0.19, 4.98, -95.77, 1.38, 28.78, 4.98, -107.77, 15.3, 0.0, 4.98, -95.77, 1.38, -28.78]
[-53.05, -24.56, 12.4, 0.09, 4.98, -95.77, 1.38, 28.78, 4.98, -107.77, 15.3, 0.0, 4.98, -95.77, 1.38, -28.78]
[-52.78, -24.38, 12.84, 0.0, 4.98, -95.77, 1.38, 28.78, 4.98, -107.77, 15.3, 0.0, 4.98, -95.77, 1.38, -28.78]
[-49.64, -28.82, 11.55, 0.0, 4.99, -95.94, 1.4, 28.3, 4.98, -107.75, 14.92, 0.0, 4.99, -95.94, 1.4, -28.3]
[-46.76, -32.81, 10.43, 0.0, 4.99, -96.1, 1.42, 27.82, 4.98, -107.72, 14.54, 0.0, 4.99, -96.1, 1.42, -27.82]
[-44.21, -36.31, 9.48, 0.0, 4.97, -96.26, 1.45, 27.34, 4.97, -107.69, 14.17, 0.0, 4.97, -96.26, 1.45, -27.34]
[-41.84, -39.52, 8.64, 0.0, 4.98, -96.42, 1.47, 26.85, 4.97, -107.65, 13.81, 0.0, 4.98, -96.42, 1.47, -26.85]
[-39.63, -42.49, 7.89, 0.0, 4.98, -96.57, 1.5, 26.35, 5.0, -107.63, 13.44, 0.0, 4.98, -96.57, 1.5, -26.35]
[-37.52, -45.27, 7.21, 0.0, 4.97, -96.72, 1.52, 25.86, 4.99, -107.58, 13.09, 0.0, 4.97, -96.72, 1.52, -25.86]
[-35.51, -47.9, 6.59, 0.0, 4.98, -96.87, 1.55, 25.35, 4.98, -107.52, 12.74, 0.0, 4.98, -96.87, 1.55, -25.35]
[-33.58, -50.4, 6.02, 0.0, 4.99, -97.02, 1.58, 24.85, 4.96, -107.46, 12.39, 0.0, 4.99, -97.02, 1.58, -24.85]
[-31.71, -52.79, 5.5, 0.0, 4.98, -97.15, 1.61, 24.34, 4.99, -107.41, 12.05, 0.0, 4.98, -97.15, 1.61, -24.34]
[-29.9, -55.08, 5.02, 0.0, 4.99, -97.3, 1.63, 23.82, 4.97, -107.33, 11.71, 0.0, 4.99, -97.3, 1.63, -23.82]
[-28.14, -57.28, 4.58, 0.0, 4.99, -97.43, 1.66, 23.3, 4.99, -107.27, 11.38, 0.0, 4.99, -97.43, 1.66, -23.3]
[-26.41, -59.41, 4.17, 0.0, 4.98, -97.55, 1.69, 22.78, 4.97, -107.18, 11.05, 0.0, 4.98, -97.55, 1.69, -22.78]
[-24.73, -61.48, 3.8, 0.0, 5.0, -97.69, 1.72, 22.26, 4.99, -107.11, 10.73, 0.0, 5.0, -97.69, 1.72, -22.26]
[-23.07, -63.48, 3.45, 0.0, 4.96, -97.79, 1.75, 21.73, 4.97, -107.0, 10.41, 0.0, 4.96, -97.79, 1.75, -21.73]
[-21.45, -65.42, 3.13, 0.0, 4.99, -97.92, 1.78, 21.19, 4.98, -106.92, 10.1, 0.0, 4.99, -97.92, 1.78, -21.19]
[-19.84, -67.31, 2.84, 0.0, 4.97, -98.02, 1.81, 20.65, 5.0, -106.83, 9.8, 0.0, 4.97, -98.02, 1.81, -20.65]
[-18.26, -69.16, 2.58, 0.0, 4.97, -98.13, 1.84, 20.11, 4.97, -106.71, 9.5, 0.0, 4.97, -98.13, 1.84, -20.11]
[-16.7, -70.97, 2.33, 0.0, 4.99, -98.26, 1.87, 19.56, 4.99, -106.61, 9.2, 0.0, 4.99, -98.26, 1.87, -19.56]
[-15.15, -72.73, 2.12, 0.0, 4.97, -98.34, 1.89, 19.01, 4.96, -106.47, 8.91, 0.0, 4.97, -98.34, 1.89, -19.01]
[-13.62, -74.46, 1.92, 0.0, 5.0, -98.47, 1.92, 18.46, 4.97, -106.36, 8.62, 0.0, 5.0, -98.47, 1.92, -18.46]
[-12.1, -76.15, 1.75, 0.0, 4.98, -98.55, 1.95, 17.9, 4.99, -106.24, 8.35, 0.0, 4.98, -98.55, 1.95, -17.9]
[-10.59, -77.81, 1.59, 0.0, 4.99, -98.65, 1.98, 17.34, 5.0, -106.12, 8.07, 0.0, 4.99, -98.65, 1.98, -17.34]
[-9.09, -79.45, 1.46, 0.0, 4.98, -98.74, 2.01, 16.78, 4.97, -105.96, 7.8, 0.0, 4.98, -98.74, 2.01, -16.78]
[-7.6, -81.05, 1.35, 0.0, 4.96, -98.81, 2.03, 16.21, 4.98, -105.83, 7.54, 0.0, 4.96, -98.81, 2.03, -16.21]
[-6.12, -82.63, 1.26, 0.0, 4.97, -98.9, 2.06, 15.64, 4.99, -105.68, 7.28, 0.0, 4.97, -98.9, 2.06, -15.64]
[-4.64, -84.18, 1.19, 0.0, 4.99, -99.0, 2.08, 15.07, 4.97, -105.51, 7.02, 0.0, 4.99, -99.0, 2.08, -15.07]
[-3.16, -85.7, 1.14, 0.0, 4.96, -99.05, 2.11, 14.49, 4.98, -105.36, 6.78, 0.0, 4.96, -99.05, 2.11, -14.49]
[-1.69, -87.21, 1.1, 0.0, 5.0, -99.15, 2.13, 13.91, 4.99, -105.2, 6.54, 0.0, 5.0, -99.15, 2.13, -13.91]
[-0.22, -88.69, 1.09, 0.0, 4.98, -99.21, 2.16, 13.33, 4.96, -105.02, 6.3, 0.0, 4.98, -99.21, 2.16, -13.33]
[1.26, -90.16, 1.1, 0.0, 4.98, -99.28, 2.18, 12.74, 4.97, -104.85, 6.07, 0.0, 4.98, -99.28, 2.18, -12.74]
[2.73, -91.6, 1.12, 0.0, 4.97, -99.34, 2.2, 12.15, 4.99, -104.68, 5.84, 0.0, 4.97, -99.34, 2.2, -12.15]
[4.2, -93.03, 1.17, 0.0, 4.98, -99.4, 2.23, 11.56, 5.0, -104.5, 5.62, 0.0, 4.98, -99.4, 2.23, -11.56]
[4.97, -93.95, 1.21, 0.0, 4.97, -99.46, 2.25, 10.97, 4.97, -104.29, 5.4, 0.0, 4.97, -99.46, 2.25, -10.97]
[4.98, -94.33, 1.23, 0.0, 4.99, -99.53, 2.27, 10.37, 4.99, -104.1, 5.19, 0.0, 4.99, -99.53, 2.27, -10.37]
[4.98, -94.71, 1.26, 0.0, 4.99, -99.58, 2.29, 9.78, 5.0, -103.91, 4.99, 0.0, 4.99, -99.58, 2.29, -9.78]
[4.99, -95.08, 1.3, 0.0, 4.98, -99.62, 2.3, 9.18, 4.98, -103.69, 4.79, 0.0, 4.98, -99.62, 2.3, -9.18]
[4.99, -95.45, 1.34, 0.0, 4.99, -99.67, 2.32, 8.57, 4.99, -103.49, 4.59, 0.0, 4.99, -99.67, 2.32, -8.57]
[5.0, -95.81, 1.38, 0.0, 4.98, -99.71, 2.34, 7.97, 4.97, -103.25, 4.4, 0.0, 4.98, -99.71, 2.34, -7.97]
[4.97, -96.14, 1.43, 0.0, 5.0, -99.75, 2.35, 7.36, 4.98, -103.04, 4.22, 0.0, 5.0, -99.75, 2.35, -7.36]
[4.97, -96.49, 1.48, 0.0, 4.99, -99.79, 2.37, 6.76, 4.96, -102.8, 4.04, 0.0, 4.99, -99.79, 2.37, -6.76]
[4.98, -96.83, 1.54, 0.0, 4.98, -99.81, 2.38, 6.15, 4.98, -102.58, 3.87, 0.0, 4.98, -99.81, 2.38, -6.15]
[4.99, -97.18, 1.61, 0.0, 4.98, -99.84, 2.39, 5.54, 5.0, -102.35, 3.7, 0.0, 4.98, -99.84, 2.39, -5.54]
[4.99, -97.51, 1.68, 0.0, 4.97, -99.86, 2.4, 4.92, 4.98, -102.1, 3.54, 0.0, 4.97, -99.86, 2.4, -4.92]
[4.96, -97.82, 1.76, 0.0, 4.98, -99.89, 2.41, 4.31, 5.0, -101.86, 3.38, 0.0, 4.98, -99.89, 2.41, -4.31]
[4.97, -98.15, 1.84, 0.0, 4.97, -99.9, 2.42, 3.7, 4.98, -101.6, 3.23, 0.0, 4.97, -99.9, 2.42, -3.7]
[4.98, -98.47, 1.93, 0.0, 4.99, -99.93, 2.42, 3.08, 5.0, -101.35, 3.09, 0.0, 4.99, -99.93, 2.42, -3.08]
[4.99, -98.78, 2.02, 0.0, 4.98, -99.94, 2.43, 2.47, 4.98, -101.08, 2.95, 0.0, 4.98, -99.94, 2.43, -2.47]
[4.97, -99.07, 2.11, 0.0, 4.97, -99.94, 2.43, 1.85, 4.97, -100.8, 2.81, 0.0, 4.97, -99.94, 2.43, -1.85]
[4.98, -99.38, 2.22, 0.0, 4.97, -99.95, 2.44, 1.23, 4.99, -100.54, 2.68, 0.0, 4.97, -99.95, 2.44, -1.23]
[4.99, -99.68, 2.33, 0.0, 4.99, -99.97, 2.44, 0.62, 4.98, -100.25, 2.56, 0.0, 4.99, -99.97, 2.44, -0.62]
[4.96, -99.96, 2.44, 0.0, 4.96, -99.96, 2.44, 0.0, 4.96, -99.96, 2.44, 0.0, 4.96, -99.96, 2.44, -0.0]