[-23.53, -90.95, -24.48, 0.0, -23.53, -90.95, -24.48, 0.0, -85.3, -85.28, 68.58, 0.0, -23.53, -90.95, -24.48, 0.0]
[-22.91, -91.71, -24.62, -0.73, -25.63, -88.36, -23.99, -0.22, -84.23, -86.87, 69.99, 0.72, -21.44, -93.49, -24.93, 0.22]
[-22.31, -92.44, -24.75, -1.46, -27.74, -85.72, -23.46, -0.43, -84.14, -86.8, 69.99, 1.44, -19.36, -95.98, -25.34, 0.45]
[-21.75, -93.12, -24.87, -2.2, -29.86, -83.02, -22.88, -0.64, -84.04, -86.74, 69.99, 2.15, -17.28, -98.44, -25.72, 0.69]
[-21.2, -93.78, -24.98, -2.94, -32.01, -80.25, -22.27, -0.84, -83.94, -86.66, 69.99, 2.85, -15.19, -100.86, -26.05, 0.93]
[-20.69, -94.39, -25.09, -3.69, -34.2, -77.41, -21.61, -1.04, -83.83, -86.58, 69.99, 3.55, -13.1, -103.25, -26.34, 1.18]
[-20.21, -94.97, -25.18, -4.44, -36.42, -74.48, -20.9, -1.23, -83.72, -86.52, 70.0, 4.24, -10.99, -105.61, -26.6, 1.43]
[-19.75, -95.52, -25.27, -5.2, -38.68, -71.46, -20.14, -1.42, -83.6, -86.44, 70.0, 4.93, -8.86, -107.94, -26.81, 1.69]
[-19.32, -96.03, -25.35, -5.96, -41.0, -68.33, -19.33, -1.6, -83.49, -86.35, 69.98, 5.61, -6.72, -110.26, -26.98, 1.96]
[-18.92, -96.51, -25.43, -6.73, -43.39, -65.07, -18.46, -1.78, -83.36, -86.29, 70.0, 6.28, -4.55, -112.55, -27.1, 2.24]
[-18.55, -96.95, -25.49, -7.49, -45.85, -61.67, -17.52, -1.96, -83.23, -86.21, 70.0, 6.94, -2.35, -114.83, -27.18, 2.52]
[-18.21, -97.35, -25.56, -8.27, -48.42, -58.09, -16.51, -2.13, -83.1, -86.12, 69.99, 7.6, -0.11, -117.09, -27.2, 2.81]
[-17.89, -97.72, -25.61, -9.04, -51.1, -54.31, -15.41, -2.3, -82.96, -86.04, 69.99, 8.26, -0.01, -117.78, -27.2, 3.12]
[-17.61, -98.05, -25.66, -9.82, -53.94, -50.27, -14.21, -2.46, -82.82, -85.95, 69.98, 8.9, -0.01, -118.38, -27.18, 3.43]
[-17.35, -98.35, -25.7, -10.6, -56.98, -45.91, -12.89, -2.62, -82.67, -85.87, 69.98, 9.54, -0.0, -118.97, -27.14, 3.74]
[-17.13, -98.62, -25.74, -11.38, -60.29, -41.12, -11.41, -2.78, -82.5, -85.8, 69.99, 10.17, -0.02, -119.53, -27.09, 4.07]
[-16.93, -98.84, -25.78, -12.17, -63.92, -35.8, -9.72, -2.93, -82.34, -85.72, 69.99, 10.79, -0.0, -120.11, -27.03, 4.41]
[-16.76, -99.04, -25.8, -12.96, -68.19, -29.5, -7.69, -3.08, -82.17, -85.65, 69.99, 11.41, -0.0, -120.66, -26.95, 4.76]
[-16.63, -99.2, -25.83, -13.75, -73.57, -21.48, -5.06, -3.23, -82.0, -85.57, 69.99, 12.02, -0.0, -121.2, -26.85, 5.12]
[-16.52, -99.32, -25.84, -14.54, -82.11, -8.58, -0.74, -3.37, -81.81, -85.51, 70.0, 12.62, -0.02, -121.71, -26.75, 5.5]
[-16.45, -99.41, -25.86, -15.33, -86.23, -1.26, 1.74, -3.51, -81.63, -85.43, 69.99, 13.22, -0.0, -122.24, -26.62, 5.88]
[-16.4, -99.46, -25.86, -16.12, -85.01, -1.75, 1.59, -3.65, -81.43, -85.36, 70.0, 13.81, -0.0, -122.74, -26.48, 6.28]
[-16.39, -99.48, -25.87, -16.91, -83.95, -1.97, 1.54, -3.79, -81.23, -85.29, 70.0, 14.39, -0.0, -123.23, -26.33, 6.69]
[-16.4, -99.46, -25.86, -17.7, -83.02, -1.99, 1.58, -3.92, -81.03, -85.2, 69.98, 14.96, -0.02, -123.68, -26.16, 7.11]
[-16.4, -99.46, -25.86, -17.7, -83.25, -1.93, 0.91, -3.53, -81.03, -85.2, 69.98, 14.96, -0.02, -123.68, -26.16, 7.11]
[-16.4, -99.46, -25.86, -17.7, -83.82, -1.35, 0.42, -3.15, -81.03, -85.2, 69.98, 14.96, -0.02, -123.68, -26.16, 7.11]
[-16.4, -99.46, -25.86, -17.7, -83.73, -1.7, -0.39, -2.77, -81.03, -85.2, 69.98, 14.96, -0.02, -123.68, -26.16, 7.11]
[-16.4, -99.46, -25.86, -17.7, -83.95, -1.58, -1.02, -2.4, -81.03, -85.2, 69.98, 14.96, -0.02, -123.68, -26.16, 7.11]
[-16.4, -99.46, -25.86, -17.7, -84.57, -0.83, -1.43, -2.03, -81.03, -85.2, 69.98, 14.96, -0.02, -123.68, -26.16, 7.11]
[-16.4, -99.46, -25.86, -17.7, -84.23, -1.47, -2.32, -1.66, -81.03, -85.2, 69.98, 14.96, -0.02, -123.68, -26.16, 7.11]
[-16.4, -99.46, -25.86, -17.7, -84.25, -1.57, -3.01, -1.3, -81.03, -85.2, 69.98, 14.96, -0.02, -123.68, -26.16, 7.11]
[-16.4, -99.46, -25.86, -17.7, -84.5, -1.28, -3.56, -0.94, -81.03, -85.2, 69.98, 14.96, -0.02, -123.68, -26.16, 7.11]
[-16.4, -99.46, -25.86, -17.7, -83.99, -2.1, -4.49, -0.59, -81.03, -85.2, 69.98, 14.96, -0.02, -123.68, -26.16, 7.11]
[-16.4, -99.46, -25.86, -17.7, -84.55, -1.3, -4.85, -0.24, -81.03, -85.2, 69.98, 14.96, -0.02, -123.68, -26.16, 7.11]
[-16.4, -99.46, -25.86, -17.7, -84.31, -1.66, -5.61, 0.1, -81.03, -85.2, 69.98, 14.96, -0.02, -123.68, -26.16, 7.11]
[-16.4, -99.46, -25.86, -17.7, -84.22, -1.77, -6.27, 0.44, -81.03, -85.2, 69.98, 14.96, -0.02, -123.68, -26.16, 7.11]
[-16.4, -99.46, -25.86, -17.7, -84.23, -1.71, -6.86, 0.78, -81.03, -85.2, 69.98, 14.96, -0.02, -123.68, -26.16, 7.11]
[-16.4, -99.46, -25.86, -17.7, -84.33, -1.48, -7.39, 1.11, -81.03, -85.2, 69.98, 14.96, -0.02, -123.68, -26.16, 7.11]
[-16.4, -99.46, -25.86, -17.7, -84.55, -1.04, -7.84, 1.44, -81.03, -85.2, 69.98, 14.96, -0.02, -123.68, -26.16, 7.11]
[-16.4, -99.46, -25.86, -17.7, -83.77, -2.07, -8.78, 1.76, -81.03, -85.2, 69.98, 14.96, -0.02, -123.68, -26.16, 7.11]
[-16.4, -99.46, -25.86, -17.7, -83.95, -1.65, -9.22, 2.08, -81.03, -85.2, 69.98, 14.96, -0.02, -123.68, -26.16, 7.11]
[-16.4, -99.46, -25.86, -17.7, -84.24, -1.01, -9.58, 2.4, -81.03, -85.2, 69.98, 14.96, -0.02, -123.68, -26.16, 7.11]
[-16.4, -99.46, -25.86, -17.7, -83.44, -1.99, -10.48, 2.71, -81.03, -85.2, 69.98, 14.96, -0.02, -123.68, -26.16, 7.11]
[-16.4, -99.46, -25.86, -17.7, -83.56, -1.55, -10.88, 3.02, -81.03, -85.2, 69.98, 14.96, -0.02, -123.68, -26.16, 7.11]
[-16.4, -99.46, -25.86, -17.7, -83.73, -1.01, -11.25, 3.32, -81.03, -85.2, 69.98, 14.96, -0.02, -123.68, -26.16, 7.11]
[-16.4, -99.46, -25.86, -17.7, -82.78, -2.14, -12.16, 3.63, -81.03, -85.2, 69.98, 14.96, -0.02, -123.68, -26.16, 7.11]
[-16.4, -99.46, -25.86, -17.7, -82.66, -1.97, -12.63, 3.92, -81.03, -85.2, 69.98, 14.96, -0.02, -123.68, -26.16, 7.11]
[-16.4, -99.46, -25.86, -17.7, -82.45, -1.92, -13.13, 4.22, -81.03, -85.2, 69.98, 14.96, -0.02, -123.68, -26.16, 7.11]
[-16.4, -99.46, -25.86, -17.7, -82.13, -2.01, -13.66, 4.51, -81.03, -85.2, 69.98, 14.96, -0.02, -123.68, -26.16, 7.11]
[-16.4, -99.46, -25.86, -17.7, -82.74, -0.66, -13.7, 4.8, -81.03, -85.2, 69.98, 14.96, -0.02, -123.68, -26.16, 7.11]
[-16.4, -99.46, -25.86, -17.7, -81.9, -1.47, -14.46, 5.08, -81.03, -85.2, 69.98, 14.96, -0.02, -123.68, -26.16, 7.11]
[-16.4, -99.46, -25.86, -17.7, -82.34, -0.32, -14.54, 5.36, -81.03, -85.2, 69.98, 14.96, -0.02, -123.68, -26.16, 7.11]
[-16.4, -99.46, -25.86, -17.7, -80.96, -1.87, -15.53, 5.64, -81.03, -85.2, 69.98, 14.96, -0.02, -123.68, -26.16, 7.11]
[-16.4, -99.46, -25.86, -17.7, -80.65, -1.81, -15.95, 5.92, -81.03, -85.2, 69.98, 14.96, -0.02, -123.68, -26.16, 7.11]
[-16.41, -99.45, -25.86, -17.7, -80.61, -1.86, -15.97, 5.92, -81.03, -85.21, 69.99, 14.96, -0.03, -123.68, -26.16, 7.11]
[-16.41, -99.45, -25.86, -17.7, -80.3, -1.63, -15.23, 5.92, -81.03, -85.21, 69.99, 14.96, -0.03, -123.68, -26.16, 7.11]
[-16.41, -99.45, -25.86, -17.7, -79.89, -1.55, -14.53, 5.92, -81.03, -85.21, 69.99, 14.96, -0.03, -123.68, -26.16, 7.11]
[-16.41, -99.45, -25.86, -17.7, -79.36, -1.62, -13.88, 5.92, -81.03, -85.21, 69.99, 14.96, -0.03, -123.68, -26.16, 7.11]
[-16.41, -99.45, -25.86, -17.7, -78.73, -1.83, -13.27, 5.92, -81.03, -85.21, 69.99, 14.96, -0.03, -123.68, -26.16, 7.11]
[-16.41, -99.45, -25.86, -17.7, -78.03, -2.12, -12.7, 5.92, -81.03, -85.21, 69.99, 14.96, -0.03, -123.68, -26.16, 7.11]
[-16.41, -99.45, -25.86, -17.7, -78.11, -1.23, -11.72, 5.92, -81.03, -85.21, 69.99, 14.96, -0.03, -123.68, -26.16, 7.11]
[-16.41, -99.45, -25.86, -17.7, -77.16, -1.86, -11.25, 5.92, -81.03, -85.21, 69.99, 14.96, -0.03, -123.68, -26.16, 7.11]
[-16.41, -99.45, -25.86, -17.7, -77.12, -1.12, -10.32, 5.92, -81.03, -85.21, 69.99, 14.96, -0.03, -123.68, -26.16, 7.11]
[-16.41, -99.45, -25.86, -17.7, -76.0, -1.97, -9.92, 5.92, -81.03, -85.21, 69.99, 14.96, -0.03, -123.68, -26.16, 7.11]
[-16.41, -99.45, -25.86, -17.7, -75.75, -1.51, -9.08, 5.92, -81.03, -85.21, 69.99, 14.96, -0.03, -123.68, -26.16, 7.11]
[-16.41, -99.45, -25.86, -17.7, -75.53, -0.98, -8.21, 5.92, -81.03, -85.21, 69.99, 14.96, -0.03, -123.68, -26.16, 7.11]
[-16.41, -99.45, -25.86, -17.7, -74.21, -2.09, -7.9, 5.92, -81.03, -85.21, 69.99, 14.96, -0.03, -123.68, -26.16, 7.11]
[-16.41, -99.45, -25.86, -17.7, -73.76, -1.86, -7.13, 5.92, -81.03, -85.21, 69.99, 14.96, -0.03, -123.68, -26.16, 7.11]
[-16.41, -99.45, -25.86, -17.7, -73.3, -1.65, -6.36, 5.92, -81.03, -85.21, 69.99, 14.96, -0.03, -123.68, -26.16, 7.11]
[-16.41, -99.45, -25.86, -17.7, -72.81, -1.45, -5.59, 5.92, -81.03, -85.21, 69.99, 14.96, -0.03, -123.68, -26.16, 7.11]
[-16.41, -99.45, -25.86, -17.7, -72.32, -1.24, -4.82, 5.92, -81.03, -85.21, 69.99, 14.96, -0.03, -123.68, -26.16, 7.11]
[-16.41, -99.45, -25.86, -17.7, -71.83, -1.01, -4.04, 5.92, -81.03, -85.21, 69.99, 14.96, -0.03, -123.68, -26.16, 7.11]
[-16.41, -99.45, -25.86, -17.7, -71.38, -0.7, -3.23, 5.92, -81.03, -85.21, 69.99, 14.96, -0.03, -123.68, -26.16, 7.11]
[-16.41, -99.45, -25.86, -17.7, -69.8, -2.06, -2.98, 5.92, -81.03, -85.21, 69.99, 14.96, -0.03, -123.68, -26.16, 7.11]
[-16.41, -99.45, -25.86, -17.7, -69.24, -1.88, -2.21, 5.92, -81.03, -85.21, 69.99, 14.96, -0.03, -123.68, -26.16, 7.11]
[-16.41, -99.45, -25.86, -17.7, -68.72, -1.61, -1.4, 5.92, -81.03, -85.21, 69.99, 14.96, -0.03, -123.68, -26.16, 7.11]
[-16.41, -99.45, -25.86, -17.7, -68.28, -1.21, -0.55, 5.92, -81.03, -85.21, 69.99, 14.96, -0.03, -123.68, -26.16, 7.11]
[-16.41, -99.45, -25.86, -17.7, -68.24, -0.17, 0.53, 5.92, -81.03, -85.21, 69.99, 14.96, -0.03, -123.68, -26.16, 7.11]
[-16.41, -99.45, -25.86, -17.7, -66.56, -1.59, 0.77, 5.92, -81.03, -85.21, 69.99, 14.96, -0.03, -123.68, -26.16, 7.11]
[-16.41, -99.45, -25.86, -17.7, -66.5, -0.55, 1.85, 5.92, -81.03, -85.21, 69.99, 14.96, -0.03, -123.68, -26.16, 7.11]
[-16.41, -99.45, -25.86, -17.7, -65.2, -1.35, 2.32, 5.92, -81.03, -85.21, 69.99, 14.96, -0.03, -123.68, -26.16, 7.11]
[-16.41, -99.45, -25.86, -17.7, -64.21, -1.65, 2.95, 5.92, -81.03, -85.21, 69.99, 14.96, -0.03, -123.68, -26.16, 7.11]
[-16.41, -99.45, -25.86, -17.7, -63.37, -1.71, 3.67, 5.92, -81.03, -85.21, 69.99, 14.96, -0.03, -123.68, -26.16, 7.11]
[-16.41, -99.45, -25.86, -17.7, -62.67, -1.54, 4.48, 5.92, -81.03, -85.21, 69.99, 14.96, -0.03, -123.68, -26.16, 7.11]
[-16.41, -99.45, -25.86, -17.7, -62.21, -0.97, 5.42, 5.92, -81.03, -85.21, 69.99, 14.96, -0.03, -123.68, -26.16, 7.11]
[-16.94, -98.84, -25.78, -17.03, -62.66, -1.66, 4.96, 6.19, -81.28, -85.31, 70.0, 14.57, -0.01, -123.35, -26.29, 6.51]
[-17.48, -98.2, -25.68, -16.36, -63.87, -1.17, 4.91, 6.47, -81.54, -85.38, 69.99, 14.16, -0.0, -123.0, -26.4, 5.93]
[-18.05, -97.53, -25.58, -15.7, -64.84, -1.04, 4.75, 6.75, -81.79, -85.48, 69.99, 13.75, -0.0, -122.63, -26.52, 5.36]
[-18.64, -96.83, -25.48, -15.05, -65.45, -1.41, 4.43, 7.03, -82.03, -85.57, 69.98, 13.33, -0.0, -122.25, -26.62, 4.8]
[-19.26, -96.11, -25.36, -14.39, -65.86, -2.06, 4.03, 7.32, -82.25, -85.69, 69.99, 12.91, -0.01, -121.87, -26.72, 4.26]
[-19.89, -95.36, -25.24, -13.75, -66.78, -1.92, 3.89, 7.61, -82.48, -85.8, 70.0, 12.48, -0.02, -121.46, -26.8, 3.73]
[-20.54, -94.58, -25.12, -13.11, -68.49, -0.58, 4.17, 7.91, -82.7, -85.91, 69.99, 12.04, -0.03, -121.05, -26.88, 3.22]
[-21.21, -93.77, -24.98, -12.47, -68.53, -1.71, 3.63, 8.2, -82.91, -86.01, 69.99, 11.6, -0.01, -120.65, -26.95, 2.71]
[-21.9, -92.94, -24.84, -11.84, -69.32, -1.71, 3.47, 8.51, -83.12, -86.14, 70.0, 11.15, -0.02, -120.22, -27.01, 2.22]
[-22.61, -92.07, -24.68, -11.21, -70.83, -0.6, 3.7, 8.81, -83.32, -86.26, 70.0, 10.69, -0.01, -119.8, -27.07, 1.74]
[-23.34, -91.18, -24.52, -10.59, -70.65, -2.01, 3.08, 9.12, -83.52, -86.38, 69.99, 10.22, -0.03, -119.34, -27.11, 1.27]
[-24.09, -90.26, -24.35, -9.98, -72.11, -0.94, 3.31, 9.43, -83.71, -86.49, 69.98, 9.75, -0.01, -118.9, -27.15, 0.81]
[-24.87, -89.31, -24.17, -9.37, -72.11, -2.04, 2.81, 9.75, -83.89, -86.62, 69.99, 9.27, -0.0, -118.46, -27.18, 0.37]
[-25.66, -88.32, -23.98, -8.77, -73.67, -0.78, 3.12, 10.07, -84.07, -86.75, 69.98, 8.78, -0.02, -117.97, -27.19, -0.07]
[-26.47, -87.31, -23.78, -8.17, -73.63, -1.91, 2.62, 10.39, -84.24, -86.89, 69.99, 8.29, -0.01, -117.5, -27.2, -0.5]
[-27.3, -86.27, -23.57, -7.58, -74.2, -2.1, 2.45, 10.72, -84.4, -87.03, 70.0, 7.79, -0.66, -116.54, -27.2, -0.92]
[-28.15, -85.2, -23.35, -6.99, -75.15, -1.71, 2.48, 11.05, -84.57, -87.17, 69.99, 7.28, -2.43, -114.75, -27.18, -1.32]
[-29.02, -84.09, -23.11, -6.41, -75.69, -1.92, 2.31, 11.38, -84.73, -87.29, 69.98, 6.76, -4.18, -112.94, -27.12, -1.72]
[-29.92, -82.95, -22.87, -5.84, -76.63, -1.5, 2.36, 11.72, -84.88, -87.44, 69.99, 6.23, -5.92, -111.11, -27.03, -2.11]
[-30.83, -81.78, -22.61, -5.27, -77.1, -1.78, 2.19, 12.07, -85.03, -87.58, 69.98, 5.7, -7.64, -109.27, -26.91, -2.49]
[-31.77, -80.57, -22.34, -4.71, -78.02, -1.38, 2.25, 12.41, -85.16, -87.73, 69.99, 5.16, -9.36, -107.41, -26.77, -2.87]
[-32.73, -79.33, -22.06, -4.15, -78.41, -1.74, 2.05, 12.77, -85.3, -87.88, 69.99, 4.61, -11.06, -105.53, -26.59, -3.23]
[-33.71, -78.05, -21.76, -3.6, -79.24, -1.43, 2.09, 13.12, -85.43, -88.02, 69.99, 4.05, -12.76, -103.63, -26.39, -3.59]
[-34.71, -76.73, -21.44, -3.06, -79.56, -1.86, 1.88, 13.48, -85.55, -88.17, 69.99, 3.48, -14.45, -101.71, -26.16, -3.94]
[-35.74, -75.37, -21.12, -2.52, -80.29, -1.67, 1.89, 13.85, -85.67, -88.32, 69.99, 2.9, -16.15, -99.76, -25.91, -4.28]
[-36.8, -73.97, -20.77, -1.99, -81.89, -0.16, 2.35, 14.22, -85.8, -88.46, 69.98, 2.32, -17.84, -97.79, -25.62, -4.62]
[-37.88, -72.53, -20.41, -1.46, -81.2, -2.08, 1.66, 14.59, -85.91, -88.61, 69.99, 1.73, -19.53, -95.79, -25.32, -4.94]
[-38.99, -71.04, -20.03, -0.94, -82.24, -1.38, 1.85, 14.97, -86.02, -88.75, 69.98, 1.12, -21.22, -93.76, -24.98, -5.26]
[-40.13, -69.51, -19.64, -0.42, -82.79, -1.42, 1.81, 15.35, -86.12, -88.91, 69.99, 0.51, -22.93, -91.69, -24.62, -5.58]
[-41.3, -67.93, -19.22, 0.09, -82.86, -2.14, 1.53, 15.74, -86.22, -89.06, 69.98, -0.11, -24.64, -89.59, -24.23, -5.89]
[-42.5, -66.29, -18.79, 0.59, -84.38, -0.69, 2.0, 16.13, -86.31, -89.22, 69.99, -0.73, -26.36, -87.45, -23.81, -6.19]
[-43.73, -64.59, -18.33, 1.09, -84.13, -1.86, 1.58, 16.52, -86.4, -89.37, 69.99, -1.37, -28.09, -85.28, -23.37, -6.48]
[-45.01, -62.84, -17.85, 1.58, -84.52, -2.07, 1.49, 16.92, -86.49, -89.51, 69.98, -2.02, -29.84, -83.05, -22.89, -6.77]
[-46.32, -61.02, -17.34, 2.06, -85.26, -1.74, 1.59, 17.33, -86.57, -89.66, 69.98, -2.67, -31.61, -80.78, -22.39, -7.06]
[-47.68, -59.13, -16.81, 2.54, -85.57, -2.05, 1.47, 17.74, -86.64, -89.81, 70.0, -3.34, -33.4, -78.45, -21.85, -7.34]
[-49.08, -57.16, -16.24, 3.02, -86.24, -1.8, 1.55, 18.16, -86.71, -89.96, 70.0, -4.01, -35.22, -76.07, -21.29, -7.61]
[-50.54, -55.11, -15.65, 3.49, -84.09, -5.7, 0.23, 18.58, -86.79, -90.1, 69.99, -4.69, -37.07, -73.62, -20.69, -7.88]
[-52.05, -52.96, -15.02, 3.95, -77.2, -16.09, -3.27, 19.0, -86.86, -90.25, 69.99, -5.38, -38.95, -71.1, -20.05, -8.14]
[-53.64, -50.71, -14.35, 4.41, -73.17, -22.11, -5.27, 19.43, -86.92, -90.38, 69.99, -6.08, -40.87, -68.5, -19.38, -8.4]
[-55.29, -48.34, -13.63, 4.86, -70.1, -26.69, -6.78, 19.86, -86.98, -90.53, 69.99, -6.79, -42.85, -65.81, -18.66, -8.65]
[-57.8, -45.85, -13.65, 4.42, -70.1, -26.69, -6.78, 19.86, -86.98, -90.53, 69.99, -6.79, -42.85, -65.81, -18.66, -8.65]
[-60.44, -43.14, -13.57, 3.99, -70.1, -26.69, -6.78, 19.86, -86.98, -90.53, 69.99, -6.79, -42.85, -65.81, -18.66, -8.65]
[-63.23, -40.17, -13.4, 3.57, -70.1, -26.69, -6.78, 19.86, -86.98, -90.53, 69.99, -6.79, -42.85, -65.81, -18.66, -8.65]
[-66.21, -36.88, -13.09, 3.15, -70.1, -26.69, -6.78, 19.86, -86.98, -90.53, 69.99, -6.79, -42.85, -65.81, -18.66, -8.65]
[-69.45, -33.18, -12.63, 2.74, -70.1, -26.69, -6.78, 19.86, -86.98, -90.53, 69.99, -6.79, -42.85, -65.81, -18.66, -8.65]
[-72.98, -29.0, -11.98, 2.33, -70.1, -26.69, -6.78, 19.86, -86.98, -90.53, 69.99, -6.79, -42.85, -65.81, -18.66, -8.65]
[-77.1, -23.89, -11.01, 1.93, -70.1, -26.69, -6.78, 19.86, -86.98, -90.53, 69.99, -6.79, -42.85, -65.81, -18.66, -8.65]
[-82.26, -17.2, -9.46, 1.54, -70.1, -26.69, -6.78, 19.86, -86.98, -90.53, 69.99, -6.79, -42.85, -65.81, -18.66, -8.65]
[-90.15, -6.24, -6.45, 1.14, -70.1, -26.69, -6.78, 19.86, -86.98, -90.53, 69.99, -6.79, -42.85, -65.81, -18.66, -8.65]
[-93.35, -1.66, -5.61, 0.76, -70.1, -26.69, -6.78, 19.86, -86.98, -90.53, 69.99, -6.79, -42.85, -65.81, -18.66, -8.65]
[-93.59, -1.43, -6.25, 0.38, -70.1, -26.69, -6.78, 19.86, -86.98, -90.53, 69.99, -6.79, -42.85, -65.81, -18.66, -8.65]
[-93.18, -2.14, -7.2, 0.0, -70.1, -26.69, -6.78, 19.86, -86.98, -90.53, 69.99, -6.79, -42.85, -65.81, -18.66, -8.65]
[-93.91, -1.11, -7.55, -0.37, -70.1, -26.69, -6.78, 19.86, -86.98, -90.53, 69.99, -6.79, -42.85, -65.81, -18.66, -8.65]
[-93.89, -1.18, -8.27, -0.74, -70.1, -26.69, -6.78, 19.86, -86.98, -90.53, 69.99, -6.79, -42.85, -65.81, -18.66, -8.65]
[-94.18, -0.76, -8.82, -1.1, -70.1, -26.69, -6.78, 19.86, -86.98, -90.53, 69.99, -6.79, -42.85, -65.81, -18.66, -8.65]
[-93.43, -1.87, -9.88, -1.46, -70.1, -26.69, -6.78, 19.86, -86.98, -90.53, 69.99, -6.79, -42.85, -65.81, -18.66, -8.65]
[-93.95, -1.04, -10.27, -1.81, -70.1, -26.69, -6.78, 19.86, -86.98, -90.53, 69.99, -6.79, -42.85, -65.81, -18.66, -8.65]
[-93.5, -1.64, -11.14, -2.16, -70.1, -26.69, -6.78, 19.86, -86.98, -90.53, 69.99, -6.79, -42.85, -65.81, -18.66, -8.65]
[-93.23, -1.96, -11.91, -2.5, -70.1, -26.69, -6.78, 19.86, -86.98, -90.53, 69.99, -6.79, -42.85, -65.81, -18.66, -8.65]
[-94.35, -0.14, -11.94, -2.84, -70.1, -26.69, -6.78, 19.86, -86.98, -90.53, 69.99, -6.79, -42.85, -65.81, -18.66, -8.65]
[-93.81, -0.79, -12.81, -3.18, -70.1, -26.69, -6.78, 19.86, -86.98, -90.53, 69.99, -6.79, -42.85, -65.81, -18.66, -8.65]
[-93.49, -1.08, -13.54, -3.51, -70.1, -26.69, -6.78, 19.86, -86.98, -90.53, 69.99, -6.79, -42.85, -65.81, -18.66, -8.65]
[-93.18, -1.33, -14.25, -3.83, -70.1, -26.69, -6.78, 19.86, -86.98, -90.53, 69.99, -6.79, -42.85, -65.81, -18.66, -8.65]
[-92.83, -1.61, -14.96, -4.15, -70.1, -26.69, -6.78, 19.86, -86.98, -90.53, 69.99, -6.79, -42.85, -65.81, -18.66, -8.65]
[-92.44, -1.93, -15.68, -4.47, -70.1, -26.69, -6.78, 19.86, -86.98, -90.53, 69.99, -6.79, -42.85, -65.81, -18.66, -8.65]
[-92.97, -0.83, -15.9, -4.79, -70.1, -26.69, -6.78, 19.86, -86.98, -90.53, 69.99, -6.79, -42.85, -65.81, -18.66, -8.65]
[-92.17, -1.69, -16.78, -5.1, -70.1, -26.69, -6.78, 19.86, -86.98, -90.53, 69.99, -6.79, -42.85, -65.81, -18.66, -8.65]
[-92.36, -1.06, -17.14, -5.4, -70.1, -26.69, -6.78, 19.86, -86.98, -90.53, 69.99, -6.79, -42.85, -65.81, -18.66, -8.65]
[-92.5, -0.45, -17.49, -5.7, -70.1, -26.69, -6.78, 19.86, -86.98, -90.53, 69.99, -6.79, -42.85, -65.81, -18.66, -8.65]
[-92.21, -0.48, -18.06, -6.0, -70.1, -26.69, -6.78, 19.86, -86.98, -90.53, 69.99, -6.79, -42.85, -65.81, -18.66, -8.65]
[-92.05, -0.73, -18.14, -6.0, -70.01, -26.81, -6.82, 19.86, -86.98, -90.53, 70.0, -6.79, -42.84, -65.82, -18.66, -8.64]
[-91.57, -0.77, -17.46, -6.0, -70.01, -26.81, -6.82, 19.86, -86.98, -90.53, 70.0, -6.79, -42.84, -65.82, -18.66, -8.64]
[-90.97, -0.98, -16.84, -6.0, -70.01, -26.81, -6.82, 19.86, -86.98, -90.53, 70.0, -6.79, -42.84, -65.82, -18.66, -8.64]
[-90.29, -1.28, -16.24, -6.0, -70.01, -26.81, -6.82, 19.86, -86.98, -90.53, 70.0, -6.79, -42.84, -65.82, -18.66, -8.64]
[-89.58, -1.62, -15.66, -6.0, -70.01, -26.81, -6.82, 19.86, -86.98, -90.53, 70.0, -6.79, -42.84, -65.82, -18.66, -8.64]
[-88.85, -1.97, -15.08, -6.0, -70.01, -26.81, -6.82, 19.86, -86.98, -90.53, 70.0, -6.79, -42.84, -65.82, -18.66, -8.64]
[-89.06, -0.89, -14.01, -6.0, -70.01, -26.81, -6.82, 19.86, -86.98, -90.53, 70.0, -6.79, -42.84, -65.82, -18.66, -8.64]
[-88.07, -1.61, -13.56, -6.0, -70.01, -26.81, -6.82, 19.86, -86.98, -90.53, 70.0, -6.79, -42.84, -65.82, -18.66, -8.64]
[-88.48, -0.2, -12.38, -6.0, -70.01, -26.81, -6.82, 19.86, -86.98, -90.53, 70.0, -6.79, -42.84, -65.82, -18.66, -8.64]
[-87.06, -1.53, -12.13, -6.0, -70.01, -26.81, -6.82, 19.86, -86.98, -90.53, 70.0, -6.79, -42.84, -65.82, -18.66, -8.64]
[-87.19, -0.52, -11.09, -6.0, -70.01, -26.81, -6.82, 19.86, -86.98, -90.53, 70.0, -6.79, -42.84, -65.82, -18.66, -8.64]
[-85.82, -1.74, -10.8, -6.0, -70.01, -26.81, -6.82, 19.86, -86.98, -90.53, 70.0, -6.79, -42.84, -65.82, -18.66, -8.64]
[-85.63, -1.18, -9.9, -6.0, -70.01, -26.81, -6.82, 19.86, -86.98, -90.53, 70.0, -6.79, -42.84, -65.82, -18.66, -8.64]
[-84.41, -2.13, -9.52, -6.0, -70.01, -26.81, -6.82, 19.86, -86.98, -90.53, 70.0, -6.79, -42.84, -65.82, -18.66, -8.64]
[-84.04, -1.81, -8.71, -6.0, -70.01, -26.81, -6.82, 19.86, -86.98, -90.53, 70.0, -6.79, -42.84, -65.82, -18.66, -8.64]
[-83.66, -1.48, -7.89, -6.0, -70.01, -26.81, -6.82, 19.86, -86.98, -90.53, 70.0, -6.79, -42.84, -65.82, -18.66, -8.64]
[-83.29, -1.12, -7.06, -6.0, -70.01, -26.81, -6.82, 19.86, -86.98, -90.53, 70.0, -6.79, -42.84, -65.82, -18.66, -8.64]
[-82.97, -0.68, -6.21, -6.0, -70.01, -26.81, -6.82, 19.86, -86.98, -90.53, 70.0, -6.79, -42.84, -65.82, -18.66, -8.64]
[-81.4, -2.09, -5.98, -6.0, -70.01, -26.81, -6.82, 19.86, -86.98, -90.53, 70.0, -6.79, -42.84, -65.82, -18.66, -8.64]
[-80.85, -1.95, -5.22, -6.0, -70.01, -26.81, -6.82, 19.86, -86.98, -90.53, 70.0, -6.79, -42.84, -65.82, -18.66, -8.64]
[-80.29, -1.81, -4.46, -6.0, -70.01, -26.81, -6.82, 19.86, -86.98, -90.53, 70.0, -6.79, -42.84, -65.82, -18.66, -8.64]
[-79.71, -1.68, -3.7, -6.0, -70.01, -26.81, -6.82, 19.86, -86.98, -90.53, 70.0, -6.79, -42.84, -65.82, -18.66, -8.64]
[-79.12, -1.55, -2.95, -6.0, -70.01, -26.81, -6.82, 19.86, -86.98, -90.53, 70.0, -6.79, -42.84, -65.82, -18.66, -8.64]
[-78.53, -1.41, -2.18, -6.0, -70.01, -26.81, -6.82, 19.86, -86.98, -90.53, 70.0, -6.79, -42.84, -65.82, -18.66, -8.64]
[-77.94, -1.25, -1.41, -6.0, -70.01, -26.81, -6.82, 19.86, -86.98, -90.53, 70.0, -6.79, -42.84, -65.82, -18.66, -8.64]
[-77.38, -1.02, -0.62, -6.0, -70.01, -26.81, -6.82, 19.86, -86.98, -90.53, 70.0, -6.79, -42.84, -65.82, -18.66, -8.64]
[-76.89, -0.67, 0.22, -6.0, -70.01, -26.81, -6.82, 19.86, -86.98, -90.53, 70.0, -6.79, -42.84, -65.82, -18.66, -8.64]
[-75.23, -2.06, 0.48, -6.0, -70.01, -26.81, -6.82, 19.86, -86.98, -90.53, 70.0, -6.79, -42.84, -65.82, -18.66, -8.64]
[-74.64, -1.82, 1.28, -6.0, -70.01, -26.81, -6.82, 19.86, -86.98, -90.53, 70.0, -6.79, -42.84, -65.82, -18.66, -8.64]
[-74.11, -1.48, 2.13, -6.0, -70.01, -26.81, -6.82, 19.86, -86.98, -90.53, 70.0, -6.79, -42.84, -65.82, -18.66, -8.64]
[-73.73, -0.9, 3.05, -6.0, -70.01, -26.81, -6.82, 19.86, -86.98, -90.53, 70.0, -6.79, -42.84, -65.82, -18.66, -8.64]
[-74.06, -2.09, 2.48, -5.92, -67.26, -30.9, -8.15, 19.32, -86.83, -90.16, 69.98, -6.9, -43.1, -65.46, -18.57, -7.94]
[-75.81, -1.13, 2.64, -5.85, -64.73, -34.61, -9.34, 18.79, -86.65, -89.81, 69.99, -7.02, -43.39, -65.07, -18.46, -7.25]
[-77.08, -0.84, 2.59, -5.76, -62.52, -37.86, -10.38, 18.24, -86.47, -89.48, 69.99, -7.13, -43.72, -64.62, -18.34, -6.55]
[-77.58, -1.7, 2.17, -5.68, -60.49, -40.82, -11.31, 17.69, -86.28, -89.15, 69.98, -7.23, -44.07, -64.13, -18.2, -5.86]
[-78.52, -1.86, 1.99, -5.6, -58.61, -43.55, -12.17, 17.13, -86.06, -88.85, 70.0, -7.33, -44.46, -63.6, -18.06, -5.17]
[-79.72, -1.61, 1.97, -5.51, -56.85, -46.09, -12.95, 16.56, -85.85, -88.53, 69.99, -7.43, -44.88, -63.02, -17.9, -4.49]
[-81.38, -0.64, 2.21, -5.43, -55.2, -48.47, -13.67, 15.99, -85.61, -88.25, 70.0, -7.53, -45.34, -62.39, -17.72, -3.81]
[-81.95, -1.29, 1.91, -5.34, -53.64, -50.71, -14.35, 15.41, -85.38, -87.95, 69.99, -7.62, -45.83, -61.71, -17.53, -3.13]
[-82.87, -1.39, 1.81, -5.25, -52.16, -52.82, -14.97, 14.82, -85.12, -87.68, 69.99, -7.71, -46.35, -60.98, -17.33, -2.45]
[-84.0, -1.15, 1.85, -5.15, -50.74, -54.82, -15.56, 14.23, -84.85, -87.42, 69.99, -7.8, -46.91, -60.2, -17.11, -1.77]
[-84.29, -2.13, 1.47, -5.06, -49.39, -56.72, -16.12, 13.63, -84.57, -87.17, 70.0, -7.89, -47.51, -59.36, -16.87, -1.1]
[-85.59, -1.6, 1.63, -4.96, -48.1, -58.53, -16.64, 13.03, -84.28, -86.93, 69.99, -7.97, -48.15, -58.48, -16.62, -0.44]
[-87.44, -0.21, 2.09, -4.86, -46.87, -60.26, -17.13, 12.41, -83.98, -86.7, 69.99, -8.05, -48.82, -57.53, -16.35, 0.23]
[-76.7, -16.87, -3.53, -4.76, -45.68, -61.91, -17.59, 11.79, -83.67, -86.47, 69.99, -8.13, -49.53, -56.53, -16.06, 0.89]
[-69.95, -26.92, -6.85, -4.66, -44.54, -63.49, -18.02, 11.17, -83.34, -86.28, 70.0, -8.21, -50.29, -55.46, -15.75, 1.54]
[-65.18, -33.96, -9.14, -4.55, -43.44, -65.0, -18.44, 10.54, -83.01, -86.07, 69.99, -8.29, -51.09, -54.34, -15.42, 2.19]
[-61.19, -39.82, -11.0, -4.45, -42.39, -66.44, -18.83, 9.9, -82.65, -85.9, 70.0, -8.36, -51.93, -53.14, -15.07, 2.84]
[-57.61, -45.0, -12.61, -4.33, -41.37, -67.83, -19.2, 9.25, -82.3, -85.7, 69.99, -8.43, -52.82, -51.88, -14.7, 3.48]
[-54.39, -49.64, -14.02, -4.22, -40.39, -69.15, -19.55, 8.6, -81.93, -85.55, 69.99, -8.5, -53.76, -50.53, -14.3, 4.12]
[-51.39, -53.9, -15.29, -4.11, -39.45, -70.43, -19.88, 7.94, -81.54, -85.4, 69.99, -8.57, -54.76, -49.11, -13.87, 4.75]
[-48.57, -57.88, -16.45, -3.99, -38.54, -71.64, -20.19, 7.28, -81.14, -85.26, 70.0, -8.64, -55.81, -47.6, -13.41, 5.38]
[-45.88, -61.64, -17.51, -3.87, -37.67, -72.81, -20.48, 6.61, -80.73, -85.13, 69.99, -8.7, -56.92, -46.0, -12.92, 6.0]
[-43.29, -65.2, -18.49, -3.74, -36.83, -73.93, -20.76, 5.93, -80.31, -85.0, 69.99, -8.76, -58.11, -44.29, -12.39, 6.62]
[-40.8, -68.61, -19.4, -3.62, -36.03, -75.0, -21.03, 5.25, -79.88, -84.89, 69.99, -8.83, -59.37, -42.46, -11.83, 7.24]
[-38.37, -71.88, -20.25, -3.49, -35.25, -76.02, -21.27, 4.57, -79.42, -84.81, 70.0, -8.89, -60.71, -40.5, -11.21, 7.84]
[-36.0, -75.03, -21.03, -3.35, -34.51, -77.0, -21.51, 3.87, -78.97, -84.71, 69.99, -8.95, -62.16, -38.4, -10.55, 8.45]
[-33.68, -78.09, -21.77, -3.22, -33.8, -77.93, -21.73, 3.17, -78.49, -84.65, 70.0, -9.0, -63.71, -36.11, -9.83, 9.05]
[-31.39, -81.05, -22.45, -3.08, -33.12, -78.81, -21.94, 2.47, -78.02, -84.57, 69.99, -9.06, -65.4, -33.63, -9.03, 9.64]
[-29.14, -83.94, -23.08, -2.93, -32.47, -79.66, -22.13, 1.76, -77.51, -84.52, 69.99, -9.12, -67.27, -30.88, -8.14, 10.23]
[-26.91, -86.76, -23.67, -2.79, -31.85, -80.46, -22.31, 1.05, -77.0, -84.49, 69.99, -9.17, -69.34, -27.8, -7.14, 10.81]
[-24.7, -89.51, -24.21, -2.63, -31.26, -81.22, -22.49, 0.33, -76.48, -84.46, 69.99, -9.22, -71.65, -24.36, -6.01, 11.39]
[-22.49, -92.22, -24.71, -2.48, -30.71, -81.94, -22.65, -0.4, -75.95, -84.44, 69.99, -9.27, -74.47, -20.14, -4.62, 11.96]
[-20.3, -94.87, -25.16, -2.32, -30.18, -82.62, -22.8, -1.12, -75.66, -84.03, 69.7, -9.32, -78.12, -14.66, -2.79, 12.52]
[-18.1, -97.47, -25.57, -2.15, -29.68, -83.26, -22.93, -1.86, -76.1, -82.56, 68.66, -9.37, -83.63, -6.29, 0.03, 13.08]
[-15.9, -100.04, -25.94, -1.99, -29.21, -83.86, -23.06, -2.59, -76.55, -81.07, 67.62, -9.42, -86.09, -2.05, 1.47, 13.64]
[-13.69, -102.58, -26.27, -1.81, -28.77, -84.42, -23.18, -3.33, -77.03, -79.54, 66.57, -9.47, -86.06, -1.43, 1.68, 14.19]
[-11.46, -105.08, -26.54, -1.63, -28.36, -84.93, -23.29, -4.08, -77.53, -77.98, 65.51, -9.52, -85.94, -0.93, 1.86, 14.73]
[-9.22, -107.56, -26.78, -1.45, -27.98, -85.42, -23.39, -4.82, -78.05, -76.39, 64.44, -9.56, -85.55, -0.82, 1.91, 15.27]
[-6.95, -110.01, -26.96, -1.26, -27.63, -85.86, -23.48, -5.57, -78.6, -74.77, 63.37, -9.61, -84.82, -1.22, 1.78, 15.8]
[-4.65, -112.44, -27.09, -1.07, -27.31, -86.26, -23.57, -6.33, -79.18, -73.11, 62.28, -9.65, -83.93, -1.83, 1.6, 16.33]
[-2.31, -114.86, -27.18, -0.87, -27.02, -86.63, -23.64, -7.08, -79.78, -71.41, 61.19, -9.69, -83.79, -1.29, 1.8, 16.85]
[-0.01, -117.21, -27.2, -0.66, -26.76, -86.95, -23.71, -7.84, -80.41, -69.67, 60.07, -9.74, -83.44, -1.05, 1.91, 17.36]
[-0.02, -117.85, -27.19, -0.45, -26.53, -87.24, -23.77, -8.6, -81.06, -67.89, 58.95, -9.78, -82.76, -1.3, 1.85, 17.87]
[-0.02, -118.49, -27.17, -0.23, -26.32, -87.49, -23.82, -9.37, -81.75, -66.05, 57.81, -9.82, -81.86, -1.85, 1.7, 18.38]
[-0.01, -119.12, -27.13, -0.0, -26.15, -87.7, -23.86, -10.13, -82.47, -64.17, 56.64, -9.86, -81.68, -1.31, 1.92, 18.88]
[-0.01, -119.12, -27.13, -0.0, -26.15, -87.7, -23.86, -10.13, -82.93, -64.67, 57.6, -9.59, -81.68, -1.31, 1.92, 18.88]
[-0.01, -119.12, -27.13, -0.0, -26.15, -87.7, -23.86, -10.13, -83.41, -65.12, 58.54, -9.32, -81.68, -1.31, 1.92, 18.88]
[-0.01, -119.12, -27.13, -0.0, -26.15, -87.7, -23.86, -10.13, -83.92, -65.54, 59.46, -9.04, -81.68, -1.31, 1.92, 18.88]
[-0.01, -119.12, -27.13, -0.0, -26.15, -87.7, -23.86, -10.13, -84.44, -65.93, 60.37, -8.77, -81.68, -1.31, 1.92, 18.88]
[-0.01, -119.12, -27.13, -0.0, -26.15, -87.7, -23.86, -10.13, -84.99, -66.28, 61.27, -8.48, -81.68, -1.31, 1.92, 18.88]
[-0.01, -119.12, -27.13, -0.0, -26.15, -87.7, -23.86, -10.13, -85.56, -66.59, 62.15, -8.2, -81.68, -1.31, 1.92, 18.88]
[-0.01, -119.12, -27.13, -0.0, -26.15, -87.7, -23.86, -10.13, -86.15, -66.87, 63.02, -7.91, -81.68, -1.31, 1.92, 18.88]
[-0.01, -119.12, -27.13, -0.0, -26.15, -87.7, -23.86, -10.13, -86.76, -67.11, 63.87, -7.61, -81.68, -1.31, 1.92, 18.88]
[-0.01, -119.12, -27.13, -0.0, -26.15, -87.7, -23.86, -10.13, -87.39, -67.32, 64.71, -7.31, -81.68, -1.31, 1.92, 18.88]
[-0.01, -119.12, -27.13, -0.0, -26.15, -87.7, -23.86, -10.13, -88.03, -67.5, 65.53, -7.01, -81.68, -1.31, 1.92, 18.88]
[-0.01, -119.12, -27.13, -0.0, -26.15, -87.7, -23.86, -10.13, -88.7, -67.64, 66.34, -6.7, -81.68, -1.31, 1.92, 18.88]
[-0.01, -119.12, -27.13, -0.0, -26.15, -87.7, -23.86, -10.13, -89.39, -67.74, 67.13, -6.39, -81.68, -1.31, 1.92, 18.88]
[-0.01, -119.12, -27.13, -0.0, -26.15, -87.7, -23.86, -10.13, -90.09, -67.81, 67.91, -6.08, -81.68, -1.31, 1.92, 18.88]
[-0.01, -119.12, -27.13, -0.0, -26.15, -87.7, -23.86, -10.13, -90.81, -67.85, 68.67, -5.76, -81.68, -1.31, 1.92, 18.88]
[-0.01, -119.12, -27.13, -0.0, -26.15, -87.7, -23.86, -10.13, -91.55, -67.86, 69.41, -5.44, -81.68, -1.31, 1.92, 18.88]
[-0.01, -119.12, -27.13, -0.0, -26.15, -87.7, -23.86, -10.13, -92.44, -67.63, 69.99, -5.11, -81.68, -1.31, 1.92, 18.88]
[-0.01, -119.12, -27.13, -0.0, -26.15, -87.7, -23.86, -10.13, -93.82, -66.59, 70.0, -4.78, -81.68, -1.31, 1.92, 18.88]
[-0.01, -119.12, -27.13, -0.0, -26.15, -87.7, -23.86, -10.13, -95.18, -65.56, 70.0, -4.44, -81.68, -1.31, 1.92, 18.88]
[-0.01, -119.12, -27.13, -0.0, -26.15, -87.7, -23.86, -10.13, -96.55, -64.5, 69.98, -4.1, -81.68, -1.31, 1.92, 18.88]
[-0.01, -119.12, -27.13, -0.0, -26.15, -87.7, -23.86, -10.13, -97.9, -63.47, 69.98, -3.75, -81.68, -1.31, 1.92, 18.88]
[-0.01, -119.12, -27.13, -0.0, -26.15, -87.7, -23.86, -10.13, -99.23, -62.43, 69.98, -3.4, -81.68, -1.31, 1.92, 18.88]
[-0.01, -119.12, -27.13, -0.0, -26.15, -87.7, -23.86, -10.13, -100.55, -61.4, 69.98, -3.04, -81.68, -1.31, 1.92, 18.88]
[-0.01, -119.12, -27.13, -0.0, -26.15, -87.7, -23.86, -10.13, -101.86, -60.37, 69.98, -2.68, -81.68, -1.31, 1.92, 18.88]
[-0.01, -119.12, -27.13, -0.0, -26.15, -87.7, -23.86, -10.13, -103.15, -59.36, 70.0, -2.31, -81.68, -1.31, 1.92, 18.88]
[-0.01, -119.12, -27.13, -0.0, -26.15, -87.7, -23.86, -10.13, -104.45, -58.32, 70.0, -1.94, -81.68, -1.31, 1.92, 18.88]
[-0.01, -119.12, -27.13, -0.0, -26.15, -87.7, -23.86, -10.13, -105.74, -57.28, 69.99, -1.56, -81.68, -1.31, 1.92, 18.88]
[-0.01, -119.12, -27.13, -0.0, -26.15, -87.7, -23.86, -10.13, -107.02, -56.22, 69.98, -1.18, -81.68, -1.31, 1.92, 18.88]
[-0.01, -119.12, -27.13, -0.0, -26.15, -87.7, -23.86, -10.13, -108.28, -55.2, 70.0, -0.79, -81.68, -1.31, 1.92, 18.88]
[-0.01, -119.12, -27.13, -0.0, -26.15, -87.7, -23.86, -10.13, -109.55, -54.13, 69.98, -0.4, -81.68, -1.31, 1.92, 18.88]
[-0.01, -119.12, -27.13, -0.0, -26.15, -87.7, -23.86, -10.13, -110.81, -53.08, 69.99, -0.0, -81.68, -1.31, 1.92, 18.88]
[-0.0, -119.12, -27.13, -0.0, -26.15, -87.71, -23.86, -10.12, -110.82, -53.07, 69.98, -0.0, -81.32, -1.85, 1.74, 18.87]
[-0.0, -119.12, -27.13, -0.0, -26.15, -87.71, -23.86, -10.12, -109.85, -54.19, 69.99, -0.0, -81.32, -1.85, 1.74, 18.87]
[-0.0, -119.12, -27.13, -0.0, -26.15, -87.71, -23.86, -10.12, -108.87, -55.3, 70.0, -0.0, -81.32, -1.85, 1.74, 18.87]
[-0.0, -119.12, -27.13, -0.0, -26.15, -87.71, -23.86, -10.12, -107.91, -56.38, 69.98, -0.0, -81.32, -1.85, 1.74, 18.87]
[-0.0, -119.12, -27.13, -0.0, -26.15, -87.71, -23.86, -10.12, -106.93, -57.48, 69.99, -0.0, -81.32, -1.85, 1.74, 18.87]
[-0.0, -119.12, -27.13, -0.0, -26.15, -87.71, -23.86, -10.12, -105.95, -58.57, 70.0, -0.0, -81.32, -1.85, 1.74, 18.87]
[-0.0, -119.12, -27.13, -0.0, -26.15, -87.71, -23.86, -10.12, -104.98, -59.63, 69.98, -0.0, -81.32, -1.85, 1.74, 18.87]
[-0.0, -119.12, -27.13, -0.0, -26.15, -87.71, -23.86, -10.12, -103.98, -60.71, 69.99, -0.0, -81.32, -1.85, 1.74, 18.87]
[-0.0, -119.12, -27.13, -0.0, -26.15, -87.71, -23.86, -10.12, -103.0, -61.76, 69.98, -0.0, -81.32, -1.85, 1.74, 18.87]
[-0.0, -119.12, -27.13, -0.0, -26.15, -87.71, -23.86, -10.12, -101.99, -62.84, 69.99, -0.0, -81.32, -1.85, 1.74, 18.87]
[-0.0, -119.12, -27.13, -0.0, -26.15, -87.71, -23.86, -10.12, -100.99, -63.89, 69.98, -0.0, -81.32, -1.85, 1.74, 18.87]
[-0.0, -119.12, -27.13, -0.0, -26.15, -87.71, -23.86, -10.12, -99.97, -64.97, 70.0, -0.0, -81.32, -1.85, 1.74, 18.87]
[-0.0, -119.12, -27.13, -0.0, -26.15, -87.71, -23.86, -10.12, -98.96, -66.01, 69.99, -0.0, -81.32, -1.85, 1.74, 18.87]
[-0.0, -119.12, -27.13, -0.0, -26.15, -87.71, -23.86, -10.12, -97.94, -67.06, 69.99, -0.0, -81.32, -1.85, 1.74, 18.87]
[-0.0, -119.12, -27.13, -0.0, -26.15, -87.71, -23.86, -10.12, -96.92, -68.11, 69.99, -0.0, -81.32, -1.85, 1.74, 18.87]
[-0.0, -119.12, -27.13, -0.0, -26.15, -87.71, -23.86, -10.12, -95.88, -69.15, 69.99, -0.0, -81.32, -1.85, 1.74, 18.87]
[-0.0, -119.12, -27.13, -0.0, -26.15, -87.71, -23.86, -10.12, -94.85, -70.18, 69.98, -0.0, -81.32, -1.85, 1.74, 18.87]
[-0.0, -119.12, -27.13, -0.0, -26.15, -87.71, -23.86, -10.12, -93.8, -71.23, 69.99, -0.0, -81.32, -1.85, 1.74, 18.87]
[-0.0, -119.12, -27.13, -0.0, -26.15, -87.71, -23.86, -10.12, -92.74, -72.28, 70.0, -0.0, -81.32, -1.85, 1.74, 18.87]
[-0.0, -119.12, -27.13, -0.0, -26.15, -87.71, -23.86, -10.12, -91.68, -73.31, 69.99, -0.0, -81.32, -1.85, 1.74, 18.87]
[-0.0, -119.12, -27.13, -0.0, -26.15, -87.71, -23.86, -10.12, -90.61, -74.34, 69.99, -0.0, -81.32, -1.85, 1.74, 18.87]
[-0.0, -119.12, -27.13, -0.0, -26.15, -87.71, -23.86, -10.12, -89.54, -75.38, 69.99, -0.0, -81.32, -1.85, 1.74, 18.87]
[-0.0, -119.12, -27.13, -0.0, -26.15, -87.71, -23.86, -10.12, -88.45, -76.42, 69.99, -0.0, -81.32, -1.85, 1.74, 18.87]
[-0.0, -119.12, -27.13, -0.0, -26.15, -87.71, -23.86, -10.12, -87.35, -77.47, 69.99, -0.0, -81.32, -1.85, 1.74, 18.87]
[-0.0, -119.12, -27.13, -0.0, -26.15, -87.71, -23.86, -10.12, -86.24, -78.51, 70.0, -0.0, -81.32, -1.85, 1.74, 18.87]
[-0.0, -119.12, -27.13, -0.0, -26.15, -87.71, -23.86, -10.12, -85.13, -79.54, 69.99, -0.0, -81.32, -1.85, 1.74, 18.87]
[-0.0, -119.12, -27.13, -0.0, -26.15, -87.71, -23.86, -10.12, -84.01, -80.58, 69.98, -0.0, -81.32, -1.85, 1.74, 18.87]
[-0.0, -119.12, -27.13, -0.0, -26.15, -87.71, -23.86, -10.12, -82.86, -81.64, 70.0, -0.0, -81.32, -1.85, 1.74, 18.87]
[-0.0, -119.12, -27.13, -0.0, -26.15, -87.71, -23.86, -10.12, -81.71, -82.68, 69.99, -0.0, -81.32, -1.85, 1.74, 18.87]
[-0.0, -119.12, -27.13, -0.0, -26.15, -87.71, -23.86, -10.12, -80.55, -83.73, 69.99, -0.0, -81.32, -1.85, 1.74, 18.87]
[-0.0, -119.12, -27.13, -0.0, -26.15, -87.71, -23.86, -10.12, -79.37, -84.79, 69.99, -0.0, -81.32, -1.85, 1.74, 18.87]
[-0.01, -118.82, -27.15, 0.7, -24.32, -89.97, -24.3, -9.88, -79.58, -84.82, 69.98, -0.49, -80.84, -1.72, 1.83, 18.48]
[-0.01, -118.52, -27.17, 1.39, -22.51, -92.2, -24.71, -9.63, -79.78, -84.87, 69.99, -0.99, -81.08, -0.5, 2.29, 18.09]
[-0.02, -118.2, -27.18, 2.06, -20.7, -94.38, -25.08, -9.37, -79.98, -84.91, 69.98, -1.49, -79.43, -2.1, 1.8, 17.7]
[-0.01, -117.89, -27.19, 2.73, -18.89, -96.54, -25.43, -9.11, -80.16, -84.96, 69.99, -2.0, -79.35, -1.33, 2.12, 17.33]
[-0.02, -117.56, -27.2, 3.39, -17.09, -98.66, -25.75, -8.84, -80.34, -85.01, 69.99, -2.52, -78.85, -1.18, 2.23, 16.95]
[-0.01, -117.23, -27.2, 4.03, -15.28, -100.76, -26.04, -8.57, -80.52, -85.05, 69.99, -3.04, -77.81, -1.82, 2.09, 16.58]
[-1.11, -116.08, -27.2, 4.67, -13.47, -102.83, -26.3, -8.29, -80.69, -85.11, 69.99, -3.56, -77.26, -1.7, 2.2, 16.21]
[-2.37, -114.81, -27.17, 5.3, -11.65, -104.87, -26.52, -8.0, -80.86, -85.16, 69.99, -4.09, -77.44, -0.48, 2.7, 15.85]
[-3.63, -113.51, -27.14, 5.91, -9.82, -106.9, -26.72, -7.71, -81.02, -85.22, 70.0, -4.62, -75.73, -2.07, 2.24, 15.49]
[-4.89, -112.19, -27.08, 6.52, -7.98, -108.9, -26.88, -7.41, -81.18, -85.27, 70.0, -5.16, -75.64, -1.22, 2.62, 15.14]
[-6.16, -110.85, -27.01, 7.12, -6.12, -110.89, -27.01, -7.1, -81.33, -85.32, 69.99, -5.71, -75.17, -0.92, 2.82, 14.79]
[-7.44, -109.48, -26.92, 7.7, -4.25, -112.87, -27.11, -6.79, -81.48, -85.38, 70.0, -6.26, -74.09, -1.52, 2.72, 14.44]
[-8.72, -108.1, -26.82, 8.28, -2.35, -114.82, -27.18, -6.47, -81.63, -85.43, 69.99, -6.81, -73.63, -1.18, 2.94, 14.1]
[-10.01, -106.69, -26.7, 8.85, -0.43, -116.77, -27.2, -6.14, -81.76, -85.49, 70.0, -7.37, -72.66, -1.58, 2.92, 13.76]
[-11.31, -105.25, -26.56, 9.4, -0.03, -117.59, -27.2, -5.8, -81.9, -85.54, 70.0, -7.93, -72.28, -1.07, 3.22, 13.43]
[-12.61, -103.79, -26.41, 9.95, -0.03, -118.11, -27.19, -5.45, -82.03, -85.58, 69.99, -8.5, -71.39, -1.31, 3.27, 13.1]
[-13.92, -102.31, -26.23, 10.49, -0.02, -118.62, -27.16, -5.09, -82.16, -85.64, 69.99, -9.08, -70.17, -2.03, 3.16, 12.77]
[-15.24, -100.8, -26.04, 11.02, -0.01, -119.13, -27.13, -4.73, -82.27, -85.71, 70.0, -9.65, -69.44, -1.99, 3.31, 12.45]
[-16.57, -99.26, -25.83, 11.55, -0.0, -119.62, -27.08, -4.35, -82.4, -85.74, 69.98, -10.24, -69.28, -1.09, 3.77, 12.13]
[-17.91, -97.7, -25.61, 12.06, -0.02, -120.09, -27.03, -3.97, -82.5, -85.81, 70.0, -10.83, -69.03, -0.3, 4.19, 11.82]
[-19.26, -96.1, -25.36, 12.56, -0.0, -120.57, -26.96, -3.57, -82.62, -85.85, 69.98, -11.42, -67.93, -0.76, 4.2, 11.51]
[-20.62, -94.48, -25.1, 13.06, -0.01, -121.02, -26.89, -3.17, -82.71, -85.92, 70.0, -12.02, -66.56, -1.59, 4.09, 11.2]
[-21.99, -92.83, -24.82, 13.55, -0.02, -121.46, -26.8, -2.75, -82.83, -85.96, 69.98, -12.62, -65.95, -1.27, 4.38, 10.89]
[-23.37, -91.14, -24.52, 14.03, -0.03, -121.9, -26.7, -2.32, -82.91, -86.03, 70.0, -13.22, -65.02, -1.42, 4.52, 10.59]
[-24.77, -89.42, -24.19, 14.5, -0.0, -122.35, -26.59, -1.88, -83.01, -86.06, 69.99, -13.83, -63.84, -1.89, 4.56, 10.3]
[-26.19, -87.66, -23.85, 14.96, -0.0, -122.77, -26.47, -1.43, -83.1, -86.11, 69.98, -14.45, -63.29, -1.43, 4.93, 10.0]
[-27.62, -85.87, -23.49, 15.42, -0.0, -123.18, -26.34, -0.97, -83.18, -86.17, 69.99, -15.06, -62.55, -1.21, 5.22, 9.71]
[-29.06, -84.04, -23.1, 15.87, -0.0, -123.58, -26.2, -0.49, -83.26, -86.21, 69.99, -15.69, -61.58, -1.31, 5.41, 9.43]
[-30.53, -82.16, -22.7, 16.31, -0.0, -123.98, -26.05, 0.0, -83.34, -86.27, 69.99, -16.31, -60.44, -1.62, 5.54, 9.14]
[-30.53, -82.16, -22.7, 16.31, -0.0, -123.98, -26.05, 0.0, -83.34, -86.27, 69.99, -16.31, -62.22, -1.68, 4.52, 8.89]
[-30.53, -82.16, -22.7, 16.31, -0.0, -123.98, -26.05, 0.0, -83.34, -86.27, 69.99, -16.31, -63.86, -1.85, 3.48, 8.63]
[-30.53, -82.16, -22.7, 16.31, -0.0, -123.98, -26.05, 0.0, -83.34, -86.27, 69.99, -16.31, -66.14, -1.0, 2.8, 8.37]
[-30.53, -82.16, -22.7, 16.31, -0.0, -123.98, -26.05, 0.0, -83.34, -86.27, 69.99, -16.31, -68.03, -0.69, 1.97, 8.11]
[-30.53, -82.16, -22.7, 16.31, -0.0, -123.98, -26.05, 0.0, -83.34, -86.27, 69.99, -16.31, -69.06, -1.58, 0.74, 7.85]
[-30.53, -82.16, -22.7, 16.31, -0.0, -123.98, -26.05, 0.0, -83.34, -86.27, 69.99, -16.31, -70.49, -1.83, -0.26, 7.58]
[-30.53, -82.16, -22.7, 16.31, -0.0, -123.98, -26.05, 0.0, -83.34, -86.27, 69.99, -16.31, -72.04, -1.85, -1.17, 7.3]
[-30.53, -82.16, -22.7, 16.31, -0.0, -123.98, -26.05, 0.0, -83.34, -86.27, 69.99, -16.31, -73.62, -1.78, -2.04, 7.03]
[-30.53, -82.16, -22.7, 16.31, -0.0, -123.98, -26.05, 0.0, -83.34, -86.27, 69.99, -16.31, -75.17, -1.7, -2.89, 6.75]
[-30.53, -82.16, -22.7, 16.31, -0.0, -123.98, -26.05, 0.0, -83.34, -86.27, 69.99, -16.31, -76.62, -1.73, -3.77, 6.47]
[-30.53, -82.16, -22.7, 16.31, -0.0, -123.98, -26.05, 0.0, -83.34, -86.27, 69.99, -16.31, -77.93, -1.93, -4.7, 6.18]
[-30.53, -82.16, -22.7, 16.31, -0.0, -123.98, -26.05, 0.0, -83.34, -86.27, 69.99, -16.31, -80.03, -0.9, -5.2, 5.89]
[-30.53, -82.16, -22.7, 16.31, -0.0, -123.98, -26.05, 0.0, -83.34, -86.27, 69.99, -16.31, -80.75, -1.9, -6.38, 5.6]
[-30.53, -82.16, -22.7, 16.31, -0.0, -123.98, -26.05, 0.0, -83.34, -86.27, 69.99, -16.31, -82.2, -1.78, -7.18, 5.3]
[-30.53, -82.16, -22.7, 16.31, -0.0, -123.98, -26.05, 0.0, -83.34, -86.27, 69.99, -16.31, -83.36, -2.06, -8.1, 5.0]
[-30.53, -82.16, -22.7, 16.31, -0.0, -123.98, -26.05, 0.0, -83.34, -86.27, 69.99, -16.31, -85.02, -1.54, -8.75, 4.69]
[-30.53, -82.16, -22.7, 16.31, -0.0, -123.98, -26.05, 0.0, -83.34, -86.27, 69.99, -16.31, -86.34, -1.52, -9.57, 4.39]
[-30.53, -82.16, -22.7, 16.31, -0.0, -123.98, -26.05, 0.0, -83.34, -86.27, 69.99, -16.31, -87.27, -2.04, -10.56, 4.07]
[-30.53, -82.16, -22.7, 16.31, -0.0, -123.98, -26.05, 0.0, -83.34, -86.27, 69.99, -16.31, -88.66, -1.84, -11.3, 3.76]
[-30.53, -82.16, -22.7, 16.31, -0.0, -123.98, -26.05, 0.0, -83.34, -86.27, 69.99, -16.31, -90.93, -0.3, -11.59, 3.44]
[-30.53, -82.16, -22.7, 16.31, -0.0, -123.98, -26.05, 0.0, -83.34, -86.27, 69.99, -16.31, -91.1, -1.88, -12.93, 3.11]
[-30.53, -82.16, -22.7, 16.31, -0.0, -123.98, -26.05, 0.0, -83.34, -86.27, 69.99, -16.31, -92.13, -2.13, -13.82, 2.78]
[-30.53, -82.16, -22.7, 16.31, -0.0, -123.98, -26.05, 0.0, -83.34, -86.27, 69.99, -16.31, -93.56, -1.77, -14.49, 2.45]
[-30.53, -82.16, -22.7, 16.31, -0.0, -123.98, -26.05, 0.0, -83.34, -86.27, 69.99, -16.31, -94.59, -1.98, -15.36, 2.11]
[-30.53, -82.16, -22.7, 16.31, -0.0, -123.98, -26.05, 0.0, -83.34, -86.27, 69.99, -16.31, -96.04, -1.53, -16.01, 1.77]
[-30.53, -82.16, -22.7, 16.31, -0.0, -123.98, -26.05, 0.0, -83.34, -86.27, 69.99, -16.31, -97.05, -1.72, -16.87, 1.43]
[-30.53, -82.16, -22.7, 16.31, -0.0, -123.98, -26.05, 0.0, -83.34, -86.27, 69.99, -16.31, -98.6, -1.08, -17.44, 1.08]
[-30.53, -82.16, -22.7, 16.31, -0.0, -123.98, -26.05, 0.0, -83.34, -86.27, 69.99, -16.31, -99.61, -1.23, -18.29, 0.72]
[-30.53, -82.16, -22.7, 16.31, -0.0, -123.98, -26.05, 0.0, -83.34, -86.27, 69.99, -16.31, -100.2, -1.98, -19.34, 0.36]
[-30.53, -82.16, -22.7, 16.31, -0.0, -123.98, -26.05, 0.0, -83.34, -86.27, 69.99, -16.31, -101.3, -1.95, -20.12, -0.0]
[-30.52, -82.18, -22.7, 16.31, -0.02, -123.96, -26.05, 0.0, -83.34, -86.27, 69.99, -16.31, -101.79, -1.22, -19.87, -0.0]
[-30.52, -82.18, -22.7, 16.31, -0.02, -123.96, -26.05, 0.0, -83.34, -86.27, 69.99, -16.31, -100.73, -2.1, -19.44, -0.0]
[-30.52, -82.18, -22.7, 16.31, -0.02, -123.96, -26.05, 0.0, -83.34, -86.27, 69.99, -16.31, -100.56, -1.64, -18.56, -0.0]
[-30.52, -82.18, -22.7, 16.31, -0.02, -123.96, -26.05, 0.0, -83.34, -86.27, 69.99, -16.31, -100.56, -0.91, -17.58, -0.0]
[-30.52, -82.18, -22.7, 16.31, -0.02, -123.96, -26.05, 0.0, -83.34, -86.27, 69.99, -16.31, -99.45, -1.84, -17.16, -0.0]
[-30.52, -82.18, -22.7, 16.31, -0.02, -123.96, -26.05, 0.0, -83.34, -86.27, 69.99, -16.31, -99.42, -1.12, -16.19, -0.0]
[-30.52, -82.18, -22.7, 16.31, -0.02, -123.96, -26.05, 0.0, -83.34, -86.27, 69.99, -16.31, -98.4, -1.89, -15.72, -0.0]
[-30.52, -82.18, -22.7, 16.31, -0.02, -123.96, -26.05, 0.0, -83.34, -86.27, 69.99, -16.31, -98.39, -1.12, -14.73, -0.0]
[-30.52, -82.18, -22.7, 16.31, -0.02, -123.96, -26.05, 0.0, -83.34, -86.27, 69.99, -16.31, -97.38, -1.84, -14.25, -0.0]
[-30.52, -82.18, -22.7, 16.31, -0.02, -123.96, -26.05, 0.0, -83.34, -86.27, 69.99, -16.31, -97.44, -0.93, -13.21, -0.0]
[-30.52, -82.18, -22.7, 16.31, -0.02, -123.96, -26.05, 0.0, -83.34, -86.27, 69.99, -16.31, -96.39, -1.69, -12.75, -0.0]
[-30.52, -82.18, -22.7, 16.31, -0.02, -123.96, -26.05, 0.0, -83.34, -86.27, 69.99, -16.31, -96.66, -0.43, -11.6, -0.0]
[-30.52, -82.18, -22.7, 16.31, -0.02, -123.96, -26.05, 0.0, -83.34, -86.27, 69.99, -16.31, -95.43, -1.44, -11.21, -0.0]
[-30.52, -82.18, -22.7, 16.31, -0.02, -123.96, -26.05, 0.0, -83.34, -86.27, 69.99, -16.31, -94.49, -1.97, -10.67, -0.0]
[-30.52, -82.18, -22.7, 16.31, -0.02, -123.96, -26.05, 0.0, -83.34, -86.27, 69.99, -16.31, -94.52, -1.04, -9.64, -0.0]
[-30.52, -82.18, -22.7, 16.31, -0.02, -123.96, -26.05, 0.0, -83.34, -86.27, 69.99, -16.31, -93.49, -1.69, -9.13, -0.0]
[-30.52, -82.18, -22.7, 16.31, -0.02, -123.96, -26.05, 0.0, -83.34, -86.27, 69.99, -16.31, -93.98, -0.05, -7.85, -0.0]
[-30.52, -82.18, -22.7, 16.31, -0.02, -123.96, -26.05, 0.0, -83.34, -86.27, 69.99, -16.31, -92.51, -1.32, -7.57, -0.0]
[-30.52, -82.18, -22.7, 16.31, -0.02, -123.96, -26.05, 0.0, -83.34, -86.27, 69.99, -16.31, -91.52, -1.87, -7.03, -0.0]
[-30.52, -82.18, -22.7, 16.31, -0.02, -123.96, -26.05, 0.0, -83.34, -86.27, 69.99, -16.31, -91.61, -0.78, -5.94, -0.0]
[-30.52, -82.18, -22.7, 16.31, -0.02, -123.96, -26.05, 0.0, -83.34, -86.27, 69.99, -16.31, -90.46, -1.54, -5.48, -0.0]
[-30.52, -82.18, -22.7, 16.31, -0.02, -123.96, -26.05, 0.0, -83.34, -86.27, 69.99, -16.31, -89.48, -2.03, -4.93, -0.0]
[-30.52, -82.18, -22.7, 16.31, -0.02, -123.96, -26.05, 0.0, -83.34, -86.27, 69.99, -16.31, -89.42, -1.12, -3.9, -0.0]
[-30.52, -82.18, -22.7, 16.31, -0.02, -123.96, -26.05, 0.0, -83.34, -86.27, 69.99, -16.31, -88.33, -1.74, -3.39, -0.0]
[-30.52, -82.18, -22.7, 16.31, -0.02, -123.96, -26.05, 0.0, -83.34, -86.27, 69.99, -16.31, -88.5, -0.45, -2.23, -0.0]
[-30.52, -82.18, -22.7, 16.31, -0.02, -123.96, -26.05, 0.0, -83.34, -86.27, 69.99, -16.31, -87.16, -1.42, -1.84, -0.0]
[-30.52, -82.18, -22.7, 16.31, -0.02, -123.96, -26.05, 0.0, -83.34, -86.27, 69.99, -16.31, -86.1, -1.95, -1.3, -0.0]
[-30.52, -82.18, -22.7, 16.31, -0.02, -123.96, -26.05, 0.0, -83.34, -86.27, 69.99, -16.31, -86.03, -0.99, -0.25, -0.0]
[-30.52, -82.18, -22.7, 16.31, -0.02, -123.96, -26.05, 0.0, -83.34, -86.27, 69.99, -16.31, -84.85, -1.66, 0.24, -0.0]
[-30.52, -82.18, -22.7, 16.31, -0.02, -123.96, -26.05, 0.0, -83.34, -86.27, 69.99, -16.31, -83.8, -2.12, 0.8, -0.0]
[-30.52, -82.18, -22.7, 16.31, -0.02, -123.96, -26.05, 0.0, -83.34, -86.27, 69.99, -16.31, -83.63, -1.27, 1.82, -0.0]
[-29.77, -83.14, -22.91, 15.45, -0.01, -123.34, -26.29, -0.0, -83.45, -86.32, 69.98, -15.45, -84.8, -1.24, 1.78, -0.0]
[-29.06, -84.04, -23.1, 14.58, -0.01, -122.69, -26.5, -0.0, -83.54, -86.4, 70.0, -14.58, -86.2, -0.85, 1.88, -0.0]
[-28.4, -84.89, -23.28, 13.7, -0.02, -122.01, -26.68, -0.0, -83.64, -86.46, 69.99, -13.7, -85.92, -2.93, 1.17, -0.0]
[-27.77, -85.68, -23.45, 12.82, -0.0, -121.34, -26.83, -0.0, -83.74, -86.51, 69.98, -12.82, -72.76, -22.76, -5.49, -0.0]
[-27.19, -86.41, -23.6, 11.93, -0.03, -120.61, -26.96, -0.0, -83.81, -86.58, 70.0, -11.93, -66.29, -32.34, -8.61, -0.0]
[-26.65, -87.08, -23.73, 11.04, -0.03, -119.88, -27.06, -0.0, -83.89, -86.63, 69.99, -11.04, -61.34, -39.61, -10.93, -0.0]
[-26.15, -87.71, -23.86, 10.14, -0.01, -119.14, -27.13, -0.0, -83.96, -86.67, 69.99, -10.14, -57.08, -45.79, -12.86, 0.0]
[-25.7, -88.27, -23.97, 9.23, -0.03, -118.36, -27.18, -0.0, -84.02, -86.71, 69.98, -9.23, -53.21, -51.32, -14.53, 0.0]
[-25.29, -88.78, -24.07, 8.32, -0.0, -117.6, -27.2, -0.0, -84.07, -86.77, 70.0, -8.32, -49.68, -56.32, -16.0, 0.0]
[-24.92, -89.24, -24.16, 7.41, -1.48, -115.71, -27.2, -0.0, -84.12, -86.8, 69.99, -7.41, -46.37, -60.95, -17.32, 0.0]
[-24.59, -89.65, -24.24, 6.49, -4.36, -112.75, -27.11, -0.0, -84.17, -86.82, 69.98, -6.49, -43.22, -65.3, -18.52, 0.0]
[-24.31, -90.0, -24.3, 5.57, -7.18, -109.76, -26.95, -0.0, -84.2, -86.87, 70.0, -5.57, -40.2, -69.42, -19.62, 0.0]
[-24.07, -90.29, -24.36, 4.65, -9.95, -106.75, -26.71, -0.0, -84.23, -86.89, 69.99, -4.65, -37.28, -73.34, -20.62, 0.0]
[-23.87, -90.53, -24.4, 3.72, -12.69, -103.71, -26.4, -0.0, -84.27, -86.9, 69.98, -3.72, -34.43, -77.11, -21.54, 0.0]
[-23.72, -90.72, -24.44, 2.79, -15.4, -100.62, -26.02, -0.0, -84.28, -86.93, 70.0, -2.79, -31.64, -80.74, -22.38, 0.0]
[-23.61, -90.86, -24.46, 1.86, -18.09, -97.49, -25.58, -0.0, -84.3, -86.93, 69.99, -1.86, -28.89, -84.26, -23.15, 0.0]
[-23.54, -90.94, -24.48, 0.93, -20.77, -94.3, -25.07, -0.0, -84.3, -86.95, 70.0, -0.93, -26.18, -87.67, -23.86, 0.0]
[-23.52, -90.96, -24.48, 0.0, -23.45, -91.04, -24.5, -0.0, -84.31, -86.94, 69.99, -0.0, -23.49, -91.0, -24.49, 0.0]