[-0.81, -95.83, 2.36, 0.0, -0.81, -95.83, 2.36, 0.0, -0.81, -95.83, 2.36, 0.0, -0.81, -95.83, 2.36, 0.0]
[-0.01, -96.6, 2.44, -0.82, -0.01, -96.03, 2.21, -0.41, -0.03, -96.2, 2.28, 0.8, -0.01, -96.79, 2.51, 0.42]
[-0.01, -96.79, 2.51, -1.64, -0.01, -95.64, 2.07, -0.81, -0.0, -96.02, 2.2, 1.6, -0.02, -97.14, 2.68, 0.86]
[-0.0, -96.97, 2.59, -2.48, -0.03, -95.22, 1.94, -1.2, -0.0, -95.8, 2.13, 2.38, -0.0, -97.5, 2.85, 1.3]
[-0.02, -97.12, 2.67, -3.33, -0.01, -94.82, 1.82, -1.58, -0.03, -95.57, 2.05, 3.15, -0.03, -97.83, 3.04, 1.76]
[-0.03, -97.27, 2.75, -4.2, -0.03, -94.38, 1.71, -1.94, -0.0, -95.35, 1.97, 3.9, -0.02, -98.16, 3.23, 2.24]
[-0.0, -97.45, 2.82, -5.07, -0.02, -93.96, 1.6, -2.3, -0.0, -95.12, 1.9, 4.65, -0.03, -98.48, 3.42, 2.73]
[-0.0, -97.6, 2.9, -5.95, -0.02, -93.51, 1.51, -2.65, -0.03, -94.85, 1.83, 5.38, -0.0, -98.81, 3.63, 3.23]
[-0.03, -97.71, 2.97, -6.85, -0.02, -93.06, 1.42, -2.99, -0.0, -94.62, 1.76, 6.1, -0.02, -99.1, 3.84, 3.75]
[-0.02, -97.85, 3.04, -7.76, -0.02, -92.59, 1.35, -3.32, -0.0, -94.36, 1.69, 6.81, -0.01, -99.39, 4.07, 4.28]
[-0.0, -97.99, 3.11, -8.67, -0.03, -92.11, 1.28, -3.64, -0.02, -94.08, 1.63, 7.51, -0.02, -99.67, 4.29, 4.84]
[-0.02, -98.09, 3.18, -9.6, -0.01, -91.64, 1.23, -3.96, -0.02, -93.8, 1.57, 8.2, -0.03, -99.93, 4.53, 5.41]
[-0.0, -98.22, 3.25, -10.53, -0.03, -91.12, 1.18, -4.26, -0.01, -93.52, 1.51, 8.87, -0.02, -100.2, 4.77, 5.99]
[-0.01, -98.31, 3.31, -11.48, -0.01, -90.63, 1.14, -4.56, -0.02, -93.22, 1.45, 9.54, -0.02, -100.45, 5.02, 6.6]
[-0.03, -98.4, 3.37, -12.43, -0.0, -90.11, 1.12, -4.85, -0.01, -92.92, 1.4, 10.19, -0.03, -100.69, 5.27, 7.23]
[-0.0, -98.51, 3.43, -13.39, -0.03, -89.56, 1.1, -5.14, -0.01, -92.6, 1.35, 10.83, -0.02, -100.93, 5.54, 7.87]
[-0.01, -98.59, 3.48, -14.36, -0.03, -89.02, 1.09, -5.41, -0.01, -92.29, 1.3, 11.46, -0.02, -101.15, 5.8, 8.54]
[-0.02, -98.66, 3.53, -15.34, -1.53, -87.37, 1.1, -5.69, -0.01, -91.95, 1.26, 12.08, -0.0, -101.38, 6.08, 9.23]
[-0.03, -98.72, 3.58, -16.32, -3.56, -85.29, 1.15, -5.95, -0.0, -91.62, 1.22, 12.69, -0.0, -101.58, 6.35, 9.95]
[-0.0, -98.8, 3.62, -17.32, -5.59, -83.18, 1.23, -6.21, -0.01, -91.27, 1.19, 13.29, -0.02, -101.77, 6.63, 10.69]
[-0.01, -98.85, 3.66, -18.31, -7.64, -81.01, 1.35, -6.46, -0.0, -90.92, 1.16, 13.87, -0.01, -101.96, 6.92, 11.45]
[-0.02, -98.9, 3.7, -19.32, -9.71, -78.78, 1.51, -6.71, -0.0, -90.55, 1.14, 14.45, -0.02, -102.12, 7.21, 12.24]
[-0.0, -98.96, 3.73, -20.32, -11.79, -76.5, 1.71, -6.95, -0.02, -90.16, 1.12, 15.02, -0.02, -102.3, 7.51, 13.06]
[-0.02, -98.99, 3.76, -21.33, -13.89, -74.15, 1.95, -7.18, -0.02, -89.77, 1.1, 15.58, -0.0, -102.47, 7.8, 13.91]
[-0.0, -99.04, 3.78, -22.35, -16.03, -71.73, 2.24, -7.42, -0.0, -89.39, 1.09, 16.12, -0.01, -102.62, 8.1, 14.78]
[-0.02, -99.05, 3.8, -23.37, -18.2, -69.24, 2.57, -7.64, -0.0, -88.99, 1.09, 16.66, -0.03, -102.74, 8.4, 15.69]
[-0.01, -99.08, 3.82, -24.39, -20.4, -66.66, 2.94, -7.86, -1.19, -87.72, 1.1, 17.19, -0.01, -102.89, 8.71, 16.63]
[-0.03, -99.08, 3.83, -25.41, -22.66, -63.98, 3.37, -8.08, -2.71, -86.16, 1.12, 17.71, -0.01, -103.02, 9.01, 17.61]
[-0.03, -99.08, 3.83, -25.41, -24.02, -62.88, 3.1, -7.57, -2.71, -86.16, 1.12, 17.71, -0.01, -103.02, 9.01, 17.61]
[-0.03, -99.08, 3.83, -25.41, -25.42, -61.73, 2.85, -7.07, -2.71, -86.16, 1.12, 17.71, -0.01, -103.02, 9.01, 17.61]
[-0.03, -99.08, 3.83, -25.41, -26.86, -60.51, 2.63, -6.58, -2.71, -86.16, 1.12, 17.71, -0.01, -103.02, 9.01, 17.61]
[-0.03, -99.08, 3.83, -25.41, -28.34, -59.22, 2.44, -6.09, -2.71, -86.16, 1.12, 17.71, -0.01, -103.02, 9.01, 17.61]
[-0.03, -99.08, 3.83, -25.41, -29.85, -57.87, 2.27, -5.61, -2.71, -86.16, 1.12, 17.71, -0.01, -103.02, 9.01, 17.61]
[-0.03, -99.08, 3.83, -25.41, -31.42, -56.45, 2.14, -5.14, -2.71, -86.16, 1.12, 17.71, -0.01, -103.02, 9.01, 17.61]
[-0.03, -99.08, 3.83, -25.41, -33.02, -54.95, 2.03, -4.67, -2.71, -86.16, 1.12, 17.71, -0.01, -103.02, 9.01, 17.61]
[-0.03, -99.08, 3.83, -25.41, -34.68, -53.36, 1.96, -4.21, -2.71, -86.16, 1.12, 17.71, -0.01, -103.02, 9.01, 17.61]
[-0.03, -99.08, 3.83, -25.41, -36.39, -51.69, 1.93, -3.76, -2.71, -86.16, 1.12, 17.71, -0.01, -103.02, 9.01, 17.61]
[-0.03, -99.08, 3.83, -25.41, -38.15, -49.92, 1.93, -3.31, -2.71, -86.16, 1.12, 17.71, -0.01, -103.02, 9.01, 17.61]
[-0.03, -99.08, 3.83, -25.41, -39.98, -48.04, 1.98, -2.87, -2.71, -86.16, 1.12, 17.71, -0.01, -103.02, 9.01, 17.61]
[-0.03, -99.08, 3.83, -25.41, -41.88, -46.05, 2.07, -2.43, -2.71, -86.16, 1.12, 17.71, -0.01, -103.02, 9.01, 17.61]
[-0.03, -99.08, 3.83, -25.41, -43.87, -43.92, 2.22, -2.0, -2.71, -86.16, 1.12, 17.71, -0.01, -103.02, 9.01, 17.61]
[-0.03, -99.08, 3.83, -25.41, -45.94, -41.63, 2.43, -1.58, -2.71, -86.16, 1.12, 17.71, -0.01, -103.02, 9.01, 17.61]
[-0.03, -99.08, 3.83, -25.41, -48.12, -39.17, 2.7, -1.16, -2.71, -86.16, 1.12, 17.71, -0.01, -103.02, 9.01, 17.61]
[-0.03, -99.08, 3.83, -25.41, -50.44, -36.5, 3.06, -0.75, -2.71, -86.16, 1.12, 17.71, -0.01, -103.02, 9.01, 17.61]
[-0.03, -99.08, 3.83, -25.41, -52.92, -33.57, 3.52, -0.34, -2.71, -86.16, 1.12, 17.71, -0.01, -103.02, 9.01, 17.61]
[-0.03, -99.08, 3.83, -25.41, -55.55, -30.37, 4.07, 0.06, -2.71, -86.16, 1.12, 17.71, -0.01, -103.02, 9.01, 17.61]
[-0.03, -99.08, 3.83, -25.41, -58.52, -26.66, 4.81, 0.46, -2.71, -86.16, 1.12, 17.71, -0.01, -103.02, 9.01, 17.61]
[-0.03, -99.08, 3.83, -25.41, -61.93, -22.26, 5.79, 0.85, -2.71, -86.16, 1.12, 17.71, -0.01, -103.02, 9.01, 17.61]
[-0.03, -99.08, 3.83, -25.41, -66.13, -16.66, 7.2, 1.23, -2.71, -86.16, 1.12, 17.71, -0.01, -103.02, 9.01, 17.61]
[-0.03, -99.08, 3.83, -25.41, -72.04, -8.39, 9.53, 1.61, -2.71, -86.16, 1.12, 17.71, -0.01, -103.02, 9.01, 17.61]
[-0.03, -99.08, 3.83, -25.41, -77.15, -0.75, 11.73, 1.98, -2.71, -86.16, 1.12, 17.71, -0.01, -103.02, 9.01, 17.61]
[-0.03, -99.08, 3.83, -25.41, -76.12, -2.08, 10.91, 2.35, -2.71, -86.16, 1.12, 17.71, -0.01, -103.02, 9.01, 17.61]
[-0.03, -99.08, 3.83, -25.41, -76.93, -0.64, 11.04, 2.72, -2.71, -86.16, 1.12, 17.71, -0.01, -103.02, 9.01, 17.61]
[-0.03, -99.08, 3.83, -25.41, -76.16, -1.55, 10.38, 3.08, -2.71, -86.16, 1.12, 17.71, -0.01, -103.02, 9.01, 17.61]
[-0.03, -99.08, 3.83, -25.41, -76.26, -1.14, 10.17, 3.43, -2.71, -86.16, 1.12, 17.71, -0.01, -103.02, 9.01, 17.61]
[-0.03, -99.08, 3.83, -25.41, -75.98, -1.29, 9.78, 3.78, -2.71, -86.16, 1.12, 17.71, -0.01, -103.02, 9.01, 17.61]
[-0.03, -99.08, 3.83, -25.41, -75.38, -1.88, 9.24, 4.12, -2.71, -86.16, 1.12, 17.71, -0.01, -103.02, 9.01, 17.61]
[-0.03, -99.08, 3.83, -25.41, -75.39, -1.56, 9.01, 4.46, -2.71, -86.16, 1.12, 17.71, -0.01, -103.02, 9.01, 17.61]
[-0.03, -99.08, 3.83, -25.41, -75.07, -1.71, 8.64, 4.8, -2.71, -86.16, 1.12, 17.71, -0.01, -103.02, 9.01, 17.61]
[-0.03, -99.08, 3.83, -25.41, -75.5, -0.72, 8.65, 5.13, -2.71, -86.16, 1.12, 17.71, -0.01, -103.02, 9.01, 17.61]
[-0.03, -99.08, 3.83, -25.41, -74.35, -2.06, 7.88, 5.45, -2.71, -86.16, 1.12, 17.71, -0.01, -103.02, 9.01, 17.61]
[-0.03, -99.08, 3.83, -25.41, -74.94, -0.8, 7.99, 5.77, -2.71, -86.16, 1.12, 17.71, -0.01, -103.02, 9.01, 17.61]
[-0.03, -99.08, 3.83, -25.41, -74.0, -1.8, 7.35, 6.09, -2.71, -86.16, 1.12, 17.71, -0.01, -103.02, 9.01, 17.61]
[-0.03, -99.08, 3.83, -25.41, -73.75, -1.75, 7.07, 6.4, -2.71, -86.16, 1.12, 17.71, -0.01, -103.02, 9.01, 17.61]
[-0.03, -99.08, 3.83, -25.41, -74.35, -0.41, 7.23, 6.71, -2.71, -86.16, 1.12, 17.71, -0.01, -103.02, 9.01, 17.61]
[-0.03, -99.08, 3.83, -25.41, -73.07, -1.87, 6.45, 7.02, -2.71, -86.16, 1.12, 17.71, -0.01, -103.02, 9.01, 17.61]
[-0.03, -99.08, 3.83, -25.41, -72.63, -2.04, 6.12, 7.32, -2.71, -86.16, 1.12, 17.71, -0.01, -103.02, 9.01, 17.61]
[-0.03, -99.08, 3.83, -25.41, -72.68, -1.48, 6.04, 7.61, -2.71, -86.16, 1.12, 17.71, -0.01, -103.02, 9.01, 17.61]
[-0.03, -99.08, 3.83, -25.41, -72.37, -1.42, 5.79, 7.91, -2.71, -86.16, 1.12, 17.71, -0.01, -103.02, 9.01, 17.61]
[-0.03, -99.08, 3.83, -25.41, -71.68, -1.92, 5.36, 8.19, -2.71, -86.16, 1.12, 17.71, -0.01, -103.02, 9.01, 17.61]
[-0.03, -99.08, 3.83, -25.41, -71.48, -1.66, 5.2, 8.48, -2.71, -86.16, 1.12, 17.71, -0.01, -103.02, 9.01, 17.61]
[-0.03, -99.08, 3.83, -25.41, -70.92, -1.92, 4.87, 8.76, -2.71, -86.16, 1.12, 17.71, -0.01, -103.02, 9.01, 17.61]
[-0.03, -99.08, 3.83, -25.41, -70.84, -1.44, 4.79, 9.04, -2.71, -86.16, 1.12, 17.71, -0.01, -103.02, 9.01, 17.61]
[-0.03, -99.08, 3.83, -25.41, -70.38, -1.53, 4.54, 9.31, -2.71, -86.16, 1.12, 17.71, -0.01, -103.02, 9.01, 17.61]
[-0.03, -99.08, 3.83, -25.41, -70.82, -0.23, 4.76, 9.58, -2.71, -86.16, 1.12, 17.71, -0.01, -103.02, 9.01, 17.61]
[-0.03, -99.08, 3.83, -25.41, -69.2, -2.0, 3.94, 9.85, -2.71, -86.16, 1.12, 17.71, -0.01, -103.02, 9.01, 17.61]
[-0.03, -99.08, 3.83, -25.41, -69.4, -1.03, 4.07, 10.11, -2.71, -86.16, 1.12, 17.71, -0.01, -103.02, 9.01, 17.61]
[-0.03, -99.08, 3.83, -25.41, -68.23, -2.07, 3.52, 10.37, -2.71, -86.16, 1.12, 17.71, -0.01, -103.02, 9.01, 17.61]
[-0.03, -99.08, 3.83, -25.41, -68.59, -0.83, 3.75, 10.62, -2.71, -86.16, 1.12, 17.71, -0.01, -103.02, 9.01, 17.61]
[-0.03, -99.08, 3.83, -25.41, -67.45, -1.79, 3.24, 10.88, -2.71, -86.16, 1.12, 17.71, -0.01, -103.02, 9.01, 17.61]
[-0.03, -99.08, 3.83, -25.41, -66.94, -1.78, 3.07, 11.13, -2.71, -86.16, 1.12, 17.71, -0.01, -103.02, 9.01, 17.61]
[-0.03, -99.08, 3.83, -25.41, -67.08, -0.79, 3.25, 11.37, -2.71, -86.16, 1.12, 17.71, -0.01, -103.02, 9.01, 17.61]
[-0.03, -99.08, 3.83, -25.41, -65.73, -2.02, 2.68, 11.62, -2.71, -86.16, 1.12, 17.71, -0.01, -103.02, 9.01, 17.61]
[-0.03, -99.08, 3.83, -25.41, -65.97, -0.83, 2.93, 11.86, -2.71, -86.16, 1.12, 17.71, -0.01, -103.02, 9.01, 17.61]
[-0.03, -99.08, 3.83, -25.41, -64.76, -1.79, 2.47, 12.09, -2.71, -86.16, 1.12, 17.71, -0.01, -103.02, 9.01, 17.61]
[-0.03, -99.08, 3.83, -25.41, -64.2, -1.75, 2.36, 12.33, -2.71, -86.16, 1.12, 17.71, -0.01, -103.02, 9.01, 17.61]
[-0.03, -99.08, 3.83, -25.41, -64.41, -0.55, 2.65, 12.56, -2.71, -86.16, 1.12, 17.71, -0.01, -103.02, 9.01, 17.61]
[-0.03, -99.08, 3.83, -25.41, -62.96, -1.79, 2.12, 12.79, -2.71, -86.16, 1.12, 17.71, -0.01, -103.02, 9.01, 17.61]
[-0.02, -99.08, 3.83, -25.41, -62.97, -1.77, 2.13, 12.79, -2.72, -86.16, 1.12, 17.71, -0.01, -103.02, 9.01, 17.61]
[-0.02, -99.08, 3.83, -25.41, -62.04, -1.99, 2.79, 12.79, -2.72, -86.16, 1.12, 17.71, -0.01, -103.02, 9.01, 17.61]
[-0.02, -99.08, 3.83, -25.41, -61.22, -2.0, 3.53, 12.79, -2.72, -86.16, 1.12, 17.71, -0.01, -103.02, 9.01, 17.61]
[-0.02, -99.08, 3.83, -25.41, -60.55, -1.79, 4.35, 12.79, -2.72, -86.16, 1.12, 17.71, -0.01, -103.02, 9.01, 17.61]
[-0.02, -99.08, 3.83, -25.41, -60.11, -1.19, 5.31, 12.79, -2.72, -86.16, 1.12, 17.71, -0.01, -103.02, 9.01, 17.61]
[-0.02, -99.08, 3.83, -25.41, -58.98, -1.6, 5.93, 12.79, -2.72, -86.16, 1.12, 17.71, -0.01, -103.02, 9.01, 17.61]
[-0.02, -99.08, 3.83, -25.41, -58.12, -1.58, 6.71, 12.79, -2.72, -86.16, 1.12, 17.71, -0.01, -103.02, 9.01, 17.61]
[-0.02, -99.08, 3.83, -25.41, -57.58, -1.04, 7.66, 12.79, -2.72, -86.16, 1.12, 17.71, -0.01, -103.02, 9.01, 17.61]
[-0.02, -99.08, 3.83, -25.41, -56.39, -1.44, 8.3, 12.79, -2.72, -86.16, 1.12, 17.71, -0.01, -103.02, 9.01, 17.61]
[-0.02, -99.08, 3.83, -25.41, -55.62, -1.2, 9.17, 12.79, -2.72, -86.16, 1.12, 17.71, -0.01, -103.02, 9.01, 17.61]
[-0.02, -99.08, 3.83, -25.41, -54.34, -1.67, 9.81, 12.79, -2.72, -86.16, 1.12, 17.71, -0.01, -103.02, 9.01, 17.61]
[-0.02, -99.08, 3.83, -25.41, -53.5, -1.46, 10.68, 12.79, -2.72, -86.16, 1.12, 17.71, -0.01, -103.02, 9.01, 17.61]
[-0.02, -99.08, 3.83, -25.41, -52.3, -1.74, 11.4, 12.79, -2.72, -86.16, 1.12, 17.71, -0.01, -103.02, 9.01, 17.61]
[-0.02, -99.08, 3.83, -25.41, -51.61, -1.23, 12.39, 12.79, -2.72, -86.16, 1.12, 17.71, -0.01, -103.02, 9.01, 17.61]
[-0.02, -99.08, 3.83, -25.41, -50.7, -1.01, 13.3, 12.79, -2.72, -86.16, 1.12, 17.71, -0.01, -103.02, 9.01, 17.61]
[-0.02, -99.08, 3.83, -25.41, -49.54, -1.11, 14.1, 12.79, -2.72, -86.16, 1.12, 17.71, -0.01, -103.02, 9.01, 17.61]
[-0.02, -99.08, 3.83, -25.41, -48.26, -1.34, 14.88, 12.79, -2.72, -86.16, 1.12, 17.71, -0.01, -103.02, 9.01, 17.61]
[-0.02, -99.08, 3.83, -25.41, -46.98, -1.53, 15.68, 12.79, -2.72, -86.16, 1.12, 17.71, -0.01, -103.02, 9.01, 17.61]
[-0.02, -99.08, 3.83, -25.41, -45.77, -1.56, 16.55, 12.79, -2.72, -86.16, 1.12, 17.71, -0.01, -103.02, 9.01, 17.61]
[-0.02, -99.08, 3.83, -25.41, -44.71, -1.31, 17.53, 12.79, -2.72, -86.16, 1.12, 17.71, -0.01, -103.02, 9.01, 17.61]
[-0.02, -99.08, 3.83, -25.41, -43.17, -1.71, 18.31, 12.79, -2.72, -86.16, 1.12, 17.71, -0.01, -103.02, 9.01, 17.61]
[-0.02, -99.08, 3.83, -25.41, -42.0, -1.5, 19.31, 12.79, -2.72, -86.16, 1.12, 17.71, -0.01, -103.02, 9.01, 17.61]
[-0.02, -99.08, 3.83, -25.41, -40.65, -1.49, 20.27, 12.79, -2.72, -86.16, 1.12, 17.71, -0.01, -103.02, 9.01, 17.61]
[-0.02, -99.08, 3.83, -25.41, -39.27, -1.44, 21.26, 12.79, -2.72, -86.16, 1.12, 17.71, -0.01, -103.02, 9.01, 17.61]
[-0.02, -99.08, 3.83, -25.41, -38.1, -0.99, 22.4, 12.79, -2.72, -86.16, 1.12, 17.71, -0.01, -103.02, 9.01, 17.61]
[-0.02, -99.08, 3.83, -25.41, -36.61, -0.91, 23.46, 12.79, -2.72, -86.16, 1.12, 17.71, -0.01, -103.02, 9.01, 17.61]
[-0.02, -99.08, 3.83, -25.41, -35.19, -0.63, 24.61, 12.79, -2.72, -86.16, 1.12, 17.71, -0.01, -103.02, 9.01, 17.61]
[-0.02, -99.08, 3.83, -25.41, -33.29, -0.94, 25.6, 12.79, -2.72, -86.16, 1.12, 17.71, -0.01, -103.02, 9.01, 17.61]
[-0.02, -99.08, 3.83, -25.41, -31.65, -0.71, 26.82, 12.79, -2.72, -86.16, 1.12, 17.71, -0.01, -103.02, 9.01, 17.61]
[-0.02, -99.08, 3.83, -25.41, -29.28, -1.4, 27.78, 12.79, -2.72, -86.16, 1.12, 17.71, -0.01, -103.02, 9.01, 17.61]
[-0.02, -99.08, 3.83, -25.41, -27.92, -0.38, 29.37, 12.79, -2.72, -86.16, 1.12, 17.71, -0.01, -103.02, 9.01, 17.61]
[-0.02, -99.11, 3.84, -24.34, -29.71, -0.64, 28.59, 13.04, -1.29, -87.61, 1.1, 17.11, -0.03, -102.86, 8.66, 16.7]
[-0.03, -99.12, 3.85, -23.26, -31.15, -1.23, 27.77, 13.3, -0.03, -88.92, 1.09, 16.5, -0.03, -102.7, 8.32, 15.83]
[-0.01, -99.14, 3.86, -22.18, -32.95, -1.12, 27.23, 13.57, -0.0, -89.32, 1.09, 15.88, -0.02, -102.54, 7.97, 14.99]
[-0.03, -99.13, 3.86, -21.1, -34.46, -1.29, 26.64, 13.84, -0.03, -89.67, 1.1, 15.25, -0.0, -102.39, 7.63, 14.18]
[-0.02, -99.13, 3.86, -20.02, -35.98, -1.35, 26.14, 14.11, -0.0, -90.04, 1.11, 14.61, -0.0, -102.21, 7.3, 13.4]
[-0.02, -99.13, 3.85, -18.94, -38.03, -0.5, 25.97, 14.39, -0.03, -90.37, 1.13, 13.96, -0.01, -102.01, 6.97, 12.65]
[-0.02, -99.1, 3.84, -17.86, -39.12, -0.99, 25.38, 14.67, -0.01, -90.72, 1.15, 13.3, -0.0, -101.81, 6.65, 11.93]
[-0.03, -99.07, 3.82, -16.78, -40.15, -1.47, 24.82, 14.95, -0.01, -91.05, 1.17, 12.63, -0.01, -101.59, 6.34, 11.24]
[-0.01, -99.05, 3.8, -15.71, -41.59, -1.27, 24.52, 15.24, -0.03, -91.35, 1.2, 11.94, -0.03, -101.35, 6.03, 10.57]
[-0.0, -99.03, 3.77, -14.64, -42.51, -1.76, 24.01, 15.53, -0.0, -91.68, 1.23, 11.25, -0.02, -101.11, 5.73, 9.93]
[-0.03, -98.96, 3.74, -13.58, -44.27, -0.96, 23.96, 15.82, -0.03, -91.95, 1.26, 10.54, -0.0, -100.88, 5.43, 9.31]
[-0.03, -98.91, 3.7, -12.52, -45.13, -1.43, 23.5, 16.12, -0.01, -92.26, 1.3, 9.83, -0.02, -100.61, 5.15, 8.71]
[-0.0, -98.87, 3.66, -11.47, -46.81, -0.63, 23.49, 16.43, -0.02, -92.53, 1.34, 9.1, -0.02, -100.34, 4.87, 8.13]
[-0.01, -98.8, 3.61, -10.42, -47.14, -1.78, 22.84, 16.73, -0.01, -92.81, 1.38, 8.37, -0.03, -100.05, 4.6, 7.58]
[-0.03, -98.71, 3.56, -9.38, -48.96, -0.66, 22.96, 17.05, -0.0, -93.08, 1.42, 7.62, -0.0, -99.77, 4.34, 7.04]
[-0.01, -98.65, 3.51, -8.35, -49.28, -1.73, 22.37, 17.36, -0.01, -93.32, 1.47, 6.86, -0.03, -99.45, 4.09, 6.52]
[-0.03, -98.54, 3.45, -7.33, -50.96, -0.73, 22.49, 17.68, -0.01, -93.57, 1.52, 6.09, -0.02, -99.14, 3.85, 6.01]
[-0.01, -98.46, 3.39, -6.31, -51.97, -0.69, 22.3, 18.01, -0.0, -93.81, 1.56, 5.31, -0.03, -98.81, 3.61, 5.53]
[-0.0, -98.36, 3.33, -5.31, -52.2, -1.78, 21.74, 18.34, -0.02, -94.02, 1.61, 4.52, -0.0, -98.49, 3.39, 5.06]
[-0.0, -98.26, 3.26, -4.31, -53.53, -1.19, 21.76, 18.67, -0.03, -94.23, 1.67, 3.71, -0.02, -98.12, 3.18, 4.6]
[-0.0, -98.15, 3.19, -3.33, -54.1, -1.7, 21.43, 19.01, -0.03, -94.44, 1.72, 2.9, -0.01, -97.77, 2.97, 4.16]
[-0.0, -98.02, 3.11, -2.36, -55.83, -0.43, 21.7, 19.36, -0.03, -94.64, 1.77, 2.08, -0.0, -97.4, 2.78, 3.73]
[-0.0, -97.9, 3.04, -1.39, -56.28, -1.06, 21.35, 19.71, -0.01, -94.84, 1.82, 1.24, -0.0, -97.02, 2.59, 3.32]
[-0.0, -97.76, 2.96, -0.44, -56.87, -1.43, 21.09, 20.06, -0.0, -95.04, 1.87, 0.4, -0.0, -96.62, 2.42, 2.92]
[-0.0, -97.62, 2.88, 0.5, -57.48, -1.75, 20.86, 20.42, -0.02, -95.2, 1.93, -0.45, -0.01, -96.2, 2.25, 2.53]
[-0.03, -97.44, 2.8, 1.43, -59.04, -0.62, 21.13, 20.78, -0.03, -95.36, 1.98, -1.32, -0.03, -95.77, 2.1, 2.15]
[-0.02, -97.29, 2.72, 2.34, -59.29, -1.42, 20.75, 21.15, -0.03, -95.51, 2.03, -2.19, -0.01, -95.35, 1.95, 1.79]
[-0.0, -97.13, 2.64, 3.24, -60.8, -0.32, 21.04, 21.53, -0.0, -95.69, 2.08, -3.07, -0.0, -94.92, 1.82, 1.43]
[-0.02, -96.93, 2.55, 4.13, -60.65, -1.67, 20.49, 21.91, -0.0, -95.83, 2.13, -3.96, -0.03, -94.44, 1.7, 1.08]
[-0.03, -96.74, 2.47, 5.01, -61.54, -1.44, 20.5, 22.29, -0.0, -95.97, 2.18, -4.86, -0.02, -93.98, 1.59, 0.75]
[-0.0, -96.56, 2.39, 5.87, -62.26, -1.44, 20.43, 22.68, -0.0, -96.1, 2.22, -5.77, -0.02, -93.5, 1.49, 0.42]
[-0.0, -96.36, 2.3, 6.72, -62.78, -1.7, 20.28, 23.08, -0.0, -96.22, 2.27, -6.69, -0.03, -93.01, 1.4, 0.11]
[-0.03, -96.12, 2.22, 7.56, -64.17, -0.65, 20.58, 23.48, -0.03, -96.31, 2.31, -7.61, -0.03, -92.51, 1.32, -0.2]
[-0.01, -95.91, 2.14, 8.39, -64.11, -1.75, 20.16, 23.89, -0.02, -96.42, 2.35, -8.55, -0.0, -92.01, 1.25, -0.5]
[-0.03, -95.67, 2.06, 9.2, -64.88, -1.58, 20.18, 24.31, -0.01, -96.52, 2.39, -9.49, -0.02, -91.47, 1.19, -0.79]
[-0.03, -95.43, 1.98, 10.0, -65.42, -1.73, 20.1, 24.73, -0.0, -96.61, 2.43, -10.43, -0.0, -90.95, 1.15, -1.08]
[-0.02, -95.18, 1.9, 10.78, -66.83, -0.56, 20.47, 25.15, -0.03, -96.67, 2.46, -11.38, -0.02, -90.38, 1.11, -1.35]
[-0.0, -94.94, 1.82, 11.55, -66.66, -1.74, 20.05, 25.58, -0.02, -96.75, 2.49, -12.34, -0.01, -89.83, 1.09, -1.62]
[-0.01, -94.66, 1.75, 12.31, -67.35, -1.61, 20.08, 26.02, -0.02, -96.81, 2.52, -13.3, -0.0, -89.26, 1.08, -1.89]
[-0.01, -94.39, 1.68, 13.06, -67.79, -1.83, 20.0, 26.47, -0.01, -96.87, 2.54, -14.27, -0.91, -88.01, 1.08, -2.14]
[-0.03, -94.09, 1.61, 13.79, -63.64, -8.64, 17.74, 26.92, -0.01, -96.93, 2.56, -15.24, -3.08, -85.81, 1.12, -2.39]
[-0.01, -94.4, 1.01, 13.09, -63.64, -8.64, 17.74, 26.92, -0.01, -96.93, 2.56, -15.24, -3.08, -85.81, 1.12, -2.39]
[-0.0, -94.7, 0.41, 12.4, -63.64, -8.64, 17.74, 26.92, -0.01, -96.93, 2.56, -15.24, -3.08, -85.81, 1.12, -2.39]
[-0.02, -94.97, -0.19, 11.72, -63.64, -8.64, 17.74, 26.92, -0.01, -96.93, 2.56, -15.24, -3.08, -85.81, 1.12, -2.39]
[-0.0, -95.26, -0.78, 11.06, -63.64, -8.64, 17.74, 26.92, -0.01, -96.93, 2.56, -15.24, -3.08, -85.81, 1.12, -2.39]
[-0.01, -95.51, -1.38, 10.4, -63.64, -8.64, 17.74, 26.92, -0.01, -96.93, 2.56, -15.24, -3.08, -85.81, 1.12, -2.39]
[-0.02, -95.76, -1.97, 9.75, -63.64, -8.64, 17.74, 26.92, -0.01, -96.93, 2.56, -15.24, -3.08, -85.81, 1.12, -2.39]
[-0.02, -96.0, -2.56, 9.12, -63.64, -8.64, 17.74, 26.92, -0.01, -96.93, 2.56, -15.24, -3.08, -85.81, 1.12, -2.39]
[-0.01, -96.23, -3.14, 8.49, -63.64, -8.64, 17.74, 26.92, -0.01, -96.93, 2.56, -15.24, -3.08, -85.81, 1.12, -2.39]
[-0.03, -96.43, -3.72, 7.87, -63.64, -8.64, 17.74, 26.92, -0.01, -96.93, 2.56, -15.24, -3.08, -85.81, 1.12, -2.39]
[-0.01, -96.65, -4.3, 7.27, -63.64, -8.64, 17.74, 26.92, -0.01, -96.93, 2.56, -15.24, -3.08, -85.81, 1.12, -2.39]
[-0.01, -96.84, -4.88, 6.67, -63.64, -8.64, 17.74, 26.92, -0.01, -96.93, 2.56, -15.24, -3.08, -85.81, 1.12, -2.39]
[-0.0, -97.03, -5.45, 6.08, -63.64, -8.64, 17.74, 26.92, -0.01, -96.93, 2.56, -15.24, -3.08, -85.81, 1.12, -2.39]
[-0.03, -97.18, -6.01, 5.5, -63.64, -8.64, 17.74, 26.92, -0.01, -96.93, 2.56, -15.24, -3.08, -85.81, 1.12, -2.39]
[-0.0, -97.36, -6.57, 4.93, -63.64, -8.64, 17.74, 26.92, -0.01, -96.93, 2.56, -15.24, -3.08, -85.81, 1.12, -2.39]
[-0.0, -97.51, -7.13, 4.38, -63.64, -8.64, 17.74, 26.92, -0.01, -96.93, 2.56, -15.24, -3.08, -85.81, 1.12, -2.39]
[-0.14, -97.54, -7.68, 3.83, -63.64, -8.64, 17.74, 26.92, -0.01, -96.93, 2.56, -15.24, -3.08, -85.81, 1.12, -2.39]
[-1.69, -96.53, -8.22, 3.29, -63.64, -8.64, 17.74, 26.92, -0.01, -96.93, 2.56, -15.24, -3.08, -85.81, 1.12, -2.39]
[-3.25, -95.48, -8.74, 2.75, -63.64, -8.64, 17.74, 26.92, -0.01, -96.93, 2.56, -15.24, -3.08, -85.81, 1.12, -2.39]
[-4.84, -94.39, -9.23, 2.23, -63.64, -8.64, 17.74, 26.92, -0.01, -96.93, 2.56, -15.24, -3.08, -85.81, 1.12, -2.39]
[-6.45, -93.25, -9.7, 1.72, -63.64, -8.64, 17.74, 26.92, -0.01, -96.93, 2.56, -15.24, -3.08, -85.81, 1.12, -2.39]
[-8.07, -92.07, -10.15, 1.21, -63.64, -8.64, 17.74, 26.92, -0.01, -96.93, 2.56, -15.24, -3.08, -85.81, 1.12, -2.39]
[-9.72, -90.85, -10.57, 0.71, -63.64, -8.64, 17.74, 26.92, -0.01, -96.93, 2.56, -15.24, -3.08, -85.81, 1.12, -2.39]
[-11.38, -89.59, -10.97, 0.22, -63.64, -8.64, 17.74, 26.92, -0.01, -96.93, 2.56, -15.24, -3.08, -85.81, 1.12, -2.39]
[-13.05, -88.28, -11.34, -0.26, -63.64, -8.64, 17.74, 26.92, -0.01, -96.93, 2.56, -15.24, -3.08, -85.81, 1.12, -2.39]
[-14.75, -86.93, -11.68, -0.73, -63.64, -8.64, 17.74, 26.92, -0.01, -96.93, 2.56, -15.24, -3.08, -85.81, 1.12, -2.39]
[-16.47, -85.53, -12.0, -1.19, -63.64, -8.64, 17.74, 26.92, -0.01, -96.93, 2.56, -15.24, -3.08, -85.81, 1.12, -2.39]
[-18.2, -84.08, -12.28, -1.65, -63.64, -8.64, 17.74, 26.92, -0.01, -96.93, 2.56, -15.24, -3.08, -85.81, 1.12, -2.39]
[-19.95, -82.59, -12.54, -2.1, -63.64, -8.64, 17.74, 26.92, -0.01, -96.93, 2.56, -15.24, -3.08, -85.81, 1.12, -2.39]
[-21.72, -81.04, -12.77, -2.54, -63.64, -8.64, 17.74, 26.92, -0.01, -96.93, 2.56, -15.24, -3.08, -85.81, 1.12, -2.39]
[-23.52, -79.44, -12.96, -2.98, -63.64, -8.64, 17.74, 26.92, -0.01, -96.93, 2.56, -15.24, -3.08, -85.81, 1.12, -2.39]
[-25.33, -77.79, -13.13, -3.41, -63.64, -8.64, 17.74, 26.92, -0.01, -96.93, 2.56, -15.24, -3.08, -85.81, 1.12, -2.39]
[-27.17, -76.08, -13.26, -3.83, -63.64, -8.64, 17.74, 26.92, -0.01, -96.93, 2.56, -15.24, -3.08, -85.81, 1.12, -2.39]
[-29.04, -74.31, -13.35, -4.24, -63.64, -8.64, 17.74, 26.92, -0.01, -96.93, 2.56, -15.24, -3.08, -85.81, 1.12, -2.39]
[-30.93, -72.48, -13.41, -4.65, -63.64, -8.64, 17.74, 26.92, -0.01, -96.93, 2.56, -15.24, -3.08, -85.81, 1.12, -2.39]
[-32.86, -70.58, -13.44, -5.05, -63.64, -8.64, 17.74, 26.92, -0.01, -96.93, 2.56, -15.24, -3.08, -85.81, 1.12, -2.39]
[-34.81, -68.61, -13.42, -5.44, -63.64, -8.64, 17.74, 26.92, -0.01, -96.93, 2.56, -15.24, -3.08, -85.81, 1.12, -2.39]
[-36.8, -66.56, -13.37, -5.83, -63.64, -8.64, 17.74, 26.92, -0.01, -96.93, 2.56, -15.24, -3.08, -85.81, 1.12, -2.39]
[-38.84, -64.43, -13.27, -6.21, -63.64, -8.64, 17.74, 26.92, -0.01, -96.93, 2.56, -15.24, -3.08, -85.81, 1.12, -2.39]
[-40.92, -62.21, -13.13, -6.58, -63.64, -8.64, 17.74, 26.92, -0.01, -96.93, 2.56, -15.24, -3.08, -85.81, 1.12, -2.39]
[-43.05, -59.88, -12.93, -6.95, -63.64, -8.64, 17.74, 26.92, -0.01, -96.93, 2.56, -15.24, -3.08, -85.81, 1.12, -2.39]
[-45.23, -57.45, -12.69, -7.31, -63.64, -8.64, 17.74, 26.92, -0.01, -96.93, 2.56, -15.24, -3.08, -85.81, 1.12, -2.39]
[-47.49, -54.9, -12.39, -7.67, -63.64, -8.64, 17.74, 26.92, -0.01, -96.93, 2.56, -15.24, -3.08, -85.81, 1.12, -2.39]
[-49.82, -52.2, -12.03, -8.02, -63.64, -8.64, 17.74, 26.92, -0.01, -96.93, 2.56, -15.24, -3.08, -85.81, 1.12, -2.39]
[-52.25, -49.34, -11.59, -8.37, -63.64, -8.64, 17.74, 26.92, -0.01, -96.93, 2.56, -15.24, -3.08, -85.81, 1.12, -2.39]
[-54.79, -46.28, -11.08, -8.71, -63.64, -8.64, 17.74, 26.92, -0.01, -96.93, 2.56, -15.24, -3.08, -85.81, 1.12, -2.39]
[-57.47, -42.99, -10.47, -9.04, -63.64, -8.64, 17.74, 26.92, -0.01, -96.93, 2.56, -15.24, -3.08, -85.81, 1.12, -2.39]
[-60.33, -39.42, -9.74, -9.37, -63.64, -8.64, 17.74, 26.92, -0.01, -96.93, 2.56, -15.24, -3.08, -85.81, 1.12, -2.39]
[-63.41, -35.46, -8.88, -9.7, -63.64, -8.64, 17.74, 26.92, -0.01, -96.93, 2.56, -15.24, -3.08, -85.81, 1.12, -2.39]
[-66.83, -30.99, -7.82, -10.01, -63.64, -8.64, 17.74, 26.92, -0.01, -96.93, 2.56, -15.24, -3.08, -85.81, 1.12, -2.39]
[-70.75, -25.73, -6.48, -10.33, -63.64, -8.64, 17.74, 26.92, -0.01, -96.93, 2.56, -15.24, -3.08, -85.81, 1.12, -2.39]
[-75.5, -19.16, -4.67, -10.64, -63.64, -8.64, 17.74, 26.92, -0.01, -96.93, 2.56, -15.24, -3.08, -85.81, 1.12, -2.39]
[-82.59, -8.99, -1.62, -10.94, -63.64, -8.64, 17.74, 26.92, -0.01, -96.93, 2.56, -15.24, -3.08, -85.81, 1.12, -2.39]
[-87.68, -1.1, 0.69, -11.24, -63.64, -8.64, 17.74, 26.92, -0.01, -96.93, 2.56, -15.24, -3.08, -85.81, 1.12, -2.39]
[-87.01, -1.65, 0.16, -11.54, -63.64, -8.64, 17.74, 26.92, -0.01, -96.93, 2.56, -15.24, -3.08, -85.81, 1.12, -2.39]
[-86.85, -1.41, -0.11, -11.83, -63.64, -8.64, 17.74, 26.92, -0.01, -96.93, 2.56, -15.24, -3.08, -85.81, 1.12, -2.39]
[-86.18, -1.92, -0.62, -12.11, -63.64, -8.64, 17.74, 26.92, -0.01, -96.93, 2.56, -15.24, -3.08, -85.81, 1.12, -2.39]
[-85.92, -1.8, -0.91, -12.39, -63.64, -8.64, 17.74, 26.92, -0.01, -96.93, 2.56, -15.24, -3.08, -85.81, 1.12, -2.39]
[-86.21, -0.83, -0.9, -12.67, -63.64, -8.64, 17.74, 26.92, -0.01, -96.93, 2.56, -15.24, -3.08, -85.81, 1.12, -2.39]
[-85.85, -0.84, -1.22, -12.94, -63.64, -8.64, 17.74, 26.92, -0.01, -96.93, 2.56, -15.24, -3.08, -85.81, 1.12, -2.39]
[-84.82, -1.82, -1.86, -13.21, -63.64, -8.64, 17.74, 26.92, -0.01, -96.93, 2.56, -15.24, -3.08, -85.81, 1.12, -2.39]
[-85.18, -1.28, -1.68, -13.21, -63.08, -9.44, 17.48, 26.91, -0.03, -96.91, 2.56, -15.24, -3.08, -85.81, 1.12, -2.39]
[-84.24, -1.64, -1.08, -13.21, -63.08, -9.44, 17.48, 26.91, -0.03, -96.91, 2.56, -15.24, -3.08, -85.81, 1.12, -2.39]
[-83.32, -1.93, -0.46, -13.21, -63.08, -9.44, 17.48, 26.91, -0.03, -96.91, 2.56, -15.24, -3.08, -85.81, 1.12, -2.39]
[-83.64, -0.36, 0.8, -13.21, -63.08, -9.44, 17.48, 26.91, -0.03, -96.91, 2.56, -15.24, -3.08, -85.81, 1.12, -2.39]
[-82.44, -1.04, 1.29, -13.21, -63.08, -9.44, 17.48, 26.91, -0.03, -96.91, 2.56, -15.24, -3.08, -85.81, 1.12, -2.39]
[-81.45, -1.41, 1.89, -13.21, -63.08, -9.44, 17.48, 26.91, -0.03, -96.91, 2.56, -15.24, -3.08, -85.81, 1.12, -2.39]
[-80.51, -1.67, 2.52, -13.21, -63.08, -9.44, 17.48, 26.91, -0.03, -96.91, 2.56, -15.24, -3.08, -85.81, 1.12, -2.39]
[-79.61, -1.86, 3.19, -13.21, -63.08, -9.44, 17.48, 26.91, -0.03, -96.91, 2.56, -15.24, -3.08, -85.81, 1.12, -2.39]
[-78.73, -2.0, 3.87, -13.21, -63.08, -9.44, 17.48, 26.91, -0.03, -96.91, 2.56, -15.24, -3.08, -85.81, 1.12, -2.39]
[-77.88, -2.08, 4.57, -13.21, -63.08, -9.44, 17.48, 26.91, -0.03, -96.91, 2.56, -15.24, -3.08, -85.81, 1.12, -2.39]
[-77.04, -2.11, 5.29, -13.21, -63.08, -9.44, 17.48, 26.91, -0.03, -96.91, 2.56, -15.24, -3.08, -85.81, 1.12, -2.39]
[-76.24, -2.08, 6.03, -13.21, -63.08, -9.44, 17.48, 26.91, -0.03, -96.91, 2.56, -15.24, -3.08, -85.81, 1.12, -2.39]
[-75.48, -1.97, 6.8, -13.21, -63.08, -9.44, 17.48, 26.91, -0.03, -96.91, 2.56, -15.24, -3.08, -85.81, 1.12, -2.39]
[-74.77, -1.76, 7.61, -13.21, -63.08, -9.44, 17.48, 26.91, -0.03, -96.91, 2.56, -15.24, -3.08, -85.81, 1.12, -2.39]
[-74.16, -1.38, 8.48, -13.21, -63.08, -9.44, 17.48, 26.91, -0.03, -96.91, 2.56, -15.24, -3.08, -85.81, 1.12, -2.39]
[-73.86, -0.51, 9.52, -13.21, -63.08, -9.44, 17.48, 26.91, -0.03, -96.91, 2.56, -15.24, -3.08, -85.81, 1.12, -2.39]
[-72.25, -1.59, 9.9, -13.21, -63.08, -9.44, 17.48, 26.91, -0.03, -96.91, 2.56, -15.24, -3.08, -85.81, 1.12, -2.39]
[-71.05, -2.04, 10.5, -13.21, -63.08, -9.44, 17.48, 26.91, -0.03, -96.91, 2.56, -15.24, -3.08, -85.81, 1.12, -2.39]
[-70.93, -0.84, 11.66, -13.21, -63.08, -9.44, 17.48, 26.91, -0.03, -96.91, 2.56, -15.24, -3.08, -85.81, 1.12, -2.39]
[-69.93, -0.93, 12.38, -13.21, -63.08, -9.44, 17.48, 26.91, -0.03, -96.91, 2.56, -15.24, -3.08, -85.81, 1.12, -2.39]
[-69.31, -0.42, 13.32, -13.21, -63.08, -9.44, 17.48, 26.91, -0.03, -96.91, 2.56, -15.24, -3.08, -85.81, 1.12, -2.39]
[-67.5, -1.69, 13.66, -13.21, -63.08, -9.44, 17.48, 26.91, -0.03, -96.91, 2.56, -15.24, -3.08, -85.81, 1.12, -2.39]
[-67.42, -0.34, 14.88, -13.21, -63.08, -9.44, 17.48, 26.91, -0.03, -96.91, 2.56, -15.24, -3.08, -85.81, 1.12, -2.39]
[-66.17, -0.69, 15.54, -13.21, -63.08, -9.44, 17.48, 26.91, -0.03, -96.91, 2.56, -15.24, -3.08, -85.81, 1.12, -2.39]
[-64.32, -1.93, 15.9, -13.21, -63.08, -9.44, 17.48, 26.91, -0.03, -96.91, 2.56, -15.24, -3.08, -85.81, 1.12, -2.39]
[-63.81, -1.14, 16.96, -13.21, -63.08, -9.44, 17.48, 26.91, -0.03, -96.91, 2.56, -15.24, -3.08, -85.81, 1.12, -2.39]
[-62.71, -1.19, 17.73, -13.21, -63.08, -9.44, 17.48, 26.91, -0.03, -96.91, 2.56, -15.24, -3.08, -85.81, 1.12, -2.39]
[-61.11, -1.97, 18.27, -13.21, -63.08, -9.44, 17.48, 26.91, -0.03, -96.91, 2.56, -15.24, -3.08, -85.81, 1.12, -2.39]
[-60.99, -0.5, 19.57, -13.21, -63.08, -9.44, 17.48, 26.91, -0.03, -96.91, 2.56, -15.24, -3.08, -85.81, 1.12, -2.39]
[-59.12, -1.6, 20.02, -13.21, -63.08, -9.44, 17.48, 26.91, -0.03, -96.91, 2.56, -15.24, -3.08, -85.81, 1.12, -2.39]
[-57.98, -1.57, 20.85, -13.21, -63.08, -9.44, 17.48, 26.91, -0.03, -96.91, 2.56, -15.24, -3.08, -85.81, 1.12, -2.39]
[-59.44, -0.9, 20.94, -13.1, -56.46, -19.14, 14.42, 26.55, -0.02, -96.5, 2.38, -15.41, -3.97, -84.89, 1.14, -1.71]
[-59.73, -1.95, 20.47, -12.98, -51.92, -25.62, 12.48, 26.19, -0.01, -96.08, 2.21, -15.57, -4.89, -83.93, 1.18, -1.04]
[-60.73, -1.9, 20.38, -12.86, -48.25, -30.75, 11.0, 25.81, -0.0, -95.65, 2.06, -15.73, -5.83, -82.94, 1.23, -0.38]
[-62.54, -0.61, 20.72, -12.74, -45.12, -35.07, 9.81, 25.43, -0.03, -95.17, 1.91, -15.88, -6.8, -81.92, 1.28, 0.27]
[-62.83, -1.57, 20.31, -12.61, -42.29, -38.91, 8.8, 25.05, -0.02, -94.72, 1.78, -16.04, -7.79, -80.86, 1.35, 0.92]
[-63.88, -1.35, 20.32, -12.49, -39.7, -42.4, 7.91, 24.65, -0.01, -94.25, 1.66, -16.18, -8.81, -79.77, 1.42, 1.56]
[-64.57, -1.65, 20.16, -12.36, -37.27, -45.61, 7.13, 24.25, -0.0, -93.77, 1.55, -16.32, -9.85, -78.64, 1.51, 2.19]
[-65.83, -1.07, 20.31, -12.22, -34.98, -48.6, 6.43, 23.85, -0.03, -93.26, 1.45, -16.46, -10.93, -77.47, 1.61, 2.81]
[-66.61, -1.18, 20.24, -12.09, -32.79, -51.41, 5.8, 23.44, -0.02, -92.76, 1.36, -16.59, -12.02, -76.26, 1.72, 3.43]
[-66.95, -1.91, 19.97, -11.95, -30.7, -54.07, 5.23, 23.02, -0.01, -92.24, 1.29, -16.72, -13.15, -75.01, 1.85, 4.04]
[-67.76, -1.93, 19.95, -11.81, -28.69, -56.59, 4.71, 22.59, -0.03, -91.69, 1.22, -16.85, -14.3, -73.71, 1.99, 4.64]
[-60.21, -13.73, 16.09, -11.67, -26.75, -59.0, 4.25, 22.15, -0.02, -91.16, 1.17, -16.97, -15.48, -72.38, 2.14, 5.24]
[-53.57, -23.3, 13.14, -11.52, -24.87, -61.31, 3.83, 21.71, -0.01, -90.61, 1.13, -17.09, -16.69, -70.99, 2.32, 5.82]
[-48.82, -29.98, 11.2, -11.38, -23.04, -63.52, 3.44, 21.26, -0.03, -90.02, 1.1, -17.21, -17.93, -69.56, 2.51, 6.4]
[-44.92, -35.38, 9.71, -11.22, -21.25, -65.65, 3.1, 20.81, -0.02, -89.45, 1.09, -17.32, -19.2, -68.08, 2.71, 6.98]
[-41.46, -40.07, 8.48, -11.07, -19.51, -67.7, 2.78, 20.34, -0.16, -88.76, 1.08, -17.43, -20.51, -66.55, 2.94, 7.54]
[-38.3, -44.28, 7.43, -10.91, -17.81, -69.69, 2.5, 19.87, -2.35, -86.54, 1.11, -17.54, -21.85, -64.96, 3.19, 8.1]
[-35.36, -48.13, 6.52, -10.75, -16.14, -71.61, 2.25, 19.39, -4.55, -84.27, 1.17, -17.64, -23.23, -63.31, 3.46, 8.65]
[-32.58, -51.71, 5.71, -10.58, -14.5, -73.47, 2.03, 18.9, -6.76, -81.95, 1.29, -17.74, -24.64, -61.59, 3.76, 9.2]
[-29.93, -55.07, 5.0, -10.42, -12.9, -75.27, 1.83, 18.4, -8.98, -79.58, 1.44, -17.84, -26.11, -59.81, 4.08, 9.73]
[-27.38, -58.25, 4.37, -10.24, -11.32, -77.02, 1.66, 17.9, -11.22, -77.14, 1.64, -17.94, -27.61, -57.95, 4.43, 10.26]
[-24.92, -61.27, 3.81, -10.07, -9.76, -78.72, 1.52, 17.38, -13.48, -74.63, 1.89, -18.03, -29.17, -56.01, 4.82, 10.79]
[-22.53, -64.16, 3.32, -9.89, -8.23, -80.38, 1.39, 16.86, -15.77, -72.04, 2.19, -18.13, -30.78, -53.99, 5.23, 11.3]
[-20.19, -66.93, 2.88, -9.7, -6.72, -81.99, 1.29, 16.33, -18.09, -69.37, 2.54, -18.22, -32.46, -51.86, 5.69, 11.81]
[-17.91, -69.6, 2.5, -9.51, -5.23, -83.55, 1.21, 15.78, -20.46, -66.6, 2.94, -18.31, -34.2, -49.62, 6.18, 12.31]
[-15.66, -72.19, 2.16, -9.32, -3.77, -85.08, 1.15, 15.23, -22.87, -63.73, 3.4, -18.39, -36.02, -47.25, 6.72, 12.81]
[-13.45, -74.68, 1.88, -9.12, -2.32, -86.57, 1.12, 14.67, -25.35, -60.73, 3.92, -18.48, -37.94, -44.74, 7.32, 13.3]
[-11.26, -77.11, 1.64, -8.92, -0.89, -88.02, 1.09, 14.1, -27.9, -57.59, 4.51, -18.56, -39.96, -42.06, 7.98, 13.78]
[-9.1, -79.47, 1.44, -8.72, -0.03, -89.03, 1.09, 13.53, -30.54, -54.28, 5.18, -18.64, -42.11, -39.17, 8.71, 14.25]
[-6.95, -81.77, 1.29, -8.5, -0.03, -89.4, 1.1, 12.94, -33.3, -50.77, 5.93, -18.72, -44.43, -36.03, 9.54, 14.72]
[-4.82, -84.01, 1.17, -8.29, -0.01, -89.78, 1.1, 12.34, -36.2, -47.01, 6.78, -18.79, -46.95, -32.57, 10.48, 15.19]
[-2.71, -86.2, 1.1, -8.07, -0.01, -90.14, 1.12, 11.73, -39.28, -42.95, 7.76, -18.87, -49.76, -28.66, 11.58, 15.64]
[-0.6, -88.34, 1.07, -7.84, -0.0, -90.5, 1.14, 11.11, -42.62, -38.48, 8.9, -18.94, -52.92, -24.18, 12.89, 16.09]
[-0.03, -89.32, 1.07, -7.6, -0.01, -90.84, 1.16, 10.48, -46.31, -33.44, 10.25, -19.02, -56.88, -18.51, 14.6, 16.53]
[-0.02, -89.89, 1.09, -7.37, -0.03, -91.15, 1.18, 9.84, -50.57, -27.51, 11.92, -19.09, -62.43, -10.37, 17.17, 16.97]
[-0.01, -90.45, 1.11, -7.12, -0.0, -91.49, 1.21, 9.19, -55.81, -20.04, 14.14, -19.16, -68.38, -1.0, 20.27, 17.4]
[-0.0, -90.99, 1.14, -6.87, -0.03, -91.79, 1.24, 8.53, -64.13, -7.8, 18.01, -19.22, -67.09, -2.05, 19.92, 17.83]
[-0.0, -91.52, 1.19, -6.61, -0.0, -92.11, 1.28, 7.86, -67.8, -1.26, 20.19, -19.29, -67.56, -0.47, 20.47, 18.25]
[-0.0, -92.03, 1.25, -6.34, -0.0, -92.4, 1.32, 7.18, -67.16, -0.96, 20.31, -19.35, -66.35, -1.38, 20.18, 18.66]
[-0.0, -92.53, 1.31, -6.07, -0.02, -92.67, 1.36, 6.49, -65.91, -1.53, 20.14, -19.42, -66.12, -0.8, 20.4, 19.07]
[-0.01, -93.02, 1.39, -5.79, -0.02, -92.95, 1.4, 5.78, -65.23, -1.23, 20.29, -19.48, -65.47, -0.84, 20.42, 19.47]
[-0.02, -93.49, 1.48, -5.5, -0.01, -93.22, 1.45, 5.07, -64.1, -1.57, 20.22, -19.54, -64.44, -1.42, 20.26, 19.87]
[-0.03, -93.95, 1.58, -5.21, -0.02, -93.47, 1.5, 4.35, -63.59, -0.96, 20.5, -19.6, -64.35, -0.57, 20.59, 20.26]
[-0.0, -94.43, 1.68, -4.9, -0.02, -93.72, 1.55, 3.61, -62.66, -0.94, 20.58, -19.66, -62.72, -1.99, 20.16, 20.64]
[-0.02, -94.86, 1.8, -4.59, -0.01, -93.97, 1.6, 2.87, -61.35, -1.47, 20.49, -19.72, -62.95, -0.62, 20.68, 21.02]
[-0.01, -95.31, 1.93, -4.27, -0.03, -94.19, 1.66, 2.11, -60.9, -0.68, 20.86, -19.78, -61.72, -1.41, 20.48, 21.4]
[-0.03, -95.72, 2.07, -3.94, -0.03, -94.41, 1.71, 1.34, -59.06, -1.94, 20.56, -19.83, -61.5, -0.67, 20.8, 21.77]
[-0.02, -96.14, 2.22, -3.59, -0.02, -94.63, 1.77, 0.56, -58.05, -1.92, 20.7, -19.89, -59.9, -1.96, 20.44, 22.13]
[-0.01, -96.54, 2.38, -3.24, -0.0, -94.85, 1.82, -0.22, -58.04, -0.37, 21.37, -19.94, -59.13, -2.0, 20.52, 22.49]
[-0.01, -96.94, 2.55, -2.88, -0.01, -95.05, 1.88, -1.02, -56.62, -0.88, 21.36, -19.99, -59.09, -0.91, 20.99, 22.85]
[-0.01, -97.31, 2.73, -2.51, -0.02, -95.24, 1.94, -1.83, -55.34, -1.16, 21.45, -20.04, -57.91, -1.51, 20.89, 23.2]
[-0.02, -97.68, 2.92, -2.12, -0.01, -95.43, 2.0, -2.65, -54.15, -1.25, 21.62, -20.09, -57.78, -0.5, 21.35, 23.54]
[-0.0, -98.05, 3.12, -1.72, -0.0, -95.61, 2.06, -3.48, -53.13, -1.05, 21.9, -20.14, -56.23, -1.59, 21.1, 23.88]
[-0.02, -98.39, 3.32, -1.31, -0.02, -95.77, 2.11, -4.32, -51.42, -1.82, 21.87, -20.19, -55.73, -1.08, 21.41, 24.22]
[-0.01, -98.74, 3.54, -0.89, -0.03, -95.92, 2.17, -5.17, -50.97, -0.69, 22.5, -20.24, -54.3, -1.94, 21.27, 24.55]
[-0.0, -99.07, 3.77, -0.45, -0.0, -96.1, 2.23, -6.03, -49.0, -1.75, 22.42, -20.29, -53.67, -1.57, 21.55, 24.87]
[-0.0, -99.39, 4.01, 0.0, -0.0, -96.24, 2.28, -6.9, -47.66, -1.82, 22.69, -20.34, -53.16, -0.98, 21.92, 25.19]
[-0.0, -99.39, 4.01, 0.0, -0.0, -96.24, 2.28, -6.9, -49.83, -1.25, 22.17, -20.14, -53.16, -0.98, 21.92, 25.19]
[-0.0, -99.39, 4.01, 0.0, -0.0, -96.24, 2.28, -6.9, -51.11, -1.9, 21.28, -19.94, -53.16, -0.98, 21.92, 25.19]
[-0.0, -99.39, 4.01, 0.0, -0.0, -96.24, 2.28, -6.9, -52.82, -1.83, 20.65, -19.74, -53.16, -0.98, 21.92, 25.19]
[-0.0, -99.39, 4.01, 0.0, -0.0, -96.24, 2.28, -6.9, -54.81, -1.28, 20.22, -19.53, -53.16, -0.98, 21.92, 25.19]
[-0.0, -99.39, 4.01, 0.0, -0.0, -96.24, 2.28, -6.9, -56.07, -1.75, 19.46, -19.32, -53.16, -0.98, 21.92, 25.19]
[-0.0, -99.39, 4.01, 0.0, -0.0, -96.24, 2.28, -6.9, -58.23, -0.81, 19.2, -19.11, -53.16, -0.98, 21.92, 25.19]
[-0.0, -99.39, 4.01, 0.0, -0.0, -96.24, 2.28, -6.9, -59.11, -1.72, 18.34, -18.89, -53.16, -0.98, 21.92, 25.19]
[-0.0, -99.39, 4.01, 0.0, -0.0, -96.24, 2.28, -6.9, -60.65, -1.6, 17.84, -18.67, -53.16, -0.98, 21.92, 25.19]
[-0.0, -99.39, 4.01, 0.0, -0.0, -96.24, 2.28, -6.9, -61.79, -2.02, 17.18, -18.45, -53.16, -0.98, 21.92, 25.19]
[-0.0, -99.39, 4.01, 0.0, -0.0, -96.24, 2.28, -6.9, -63.23, -1.96, 16.69, -18.22, -53.16, -0.98, 21.92, 25.19]
[-0.0, -99.39, 4.01, 0.0, -0.0, -96.24, 2.28, -6.9, -64.91, -1.48, 16.36, -17.99, -53.16, -0.98, 21.92, 25.19]
[-0.0, -99.39, 4.01, 0.0, -0.0, -96.24, 2.28, -6.9, -65.93, -1.95, 15.73, -17.76, -53.16, -0.98, 21.92, 25.19]
[-0.0, -99.39, 4.01, 0.0, -0.0, -96.24, 2.28, -6.9, -68.07, -0.72, 15.69, -17.52, -53.16, -0.98, 21.92, 25.19]
[-0.0, -99.39, 4.01, 0.0, -0.0, -96.24, 2.28, -6.9, -69.11, -1.09, 15.12, -17.28, -53.16, -0.98, 21.92, 25.19]
[-0.0, -99.39, 4.01, 0.0, -0.0, -96.24, 2.28, -6.9, -70.19, -1.36, 14.6, -17.03, -53.16, -0.98, 21.92, 25.19]
[-0.0, -99.39, 4.01, 0.0, -0.0, -96.24, 2.28, -6.9, -71.23, -1.66, 14.07, -16.78, -53.16, -0.98, 21.92, 25.19]
[-0.0, -99.39, 4.01, 0.0, -0.0, -96.24, 2.28, -6.9, -72.19, -2.05, 13.54, -16.53, -53.16, -0.98, 21.92, 25.19]
[-0.0, -99.39, 4.01, 0.0, -0.0, -96.24, 2.28, -6.9, -73.82, -1.4, 13.36, -16.27, -53.16, -0.98, 21.92, 25.19]
[-0.0, -99.39, 4.01, 0.0, -0.0, -96.24, 2.28, -6.9, -75.4, -0.81, 13.18, -16.01, -53.16, -0.98, 21.92, 25.19]
[-0.0, -99.39, 4.01, 0.0, -0.0, -96.24, 2.28, -6.9, -71.66, -7.98, 10.4, -15.74, -53.16, -0.98, 21.92, 25.19]
[-0.0, -99.39, 4.01, 0.0, -0.0, -96.24, 2.28, -6.9, -63.5, -20.58, 5.94, -15.47, -53.16, -0.98, 21.92, 25.19]
[-0.0, -99.39, 4.01, 0.0, -0.0, -96.24, 2.28, -6.9, -58.69, -28.09, 3.23, -15.2, -53.16, -0.98, 21.92, 25.19]
[-0.0, -99.39, 4.01, 0.0, -0.0, -96.24, 2.28, -6.9, -55.04, -33.86, 1.11, -14.92, -53.16, -0.98, 21.92, 25.19]
[-0.0, -99.39, 4.01, 0.0, -0.0, -96.24, 2.28, -6.9, -51.94, -38.79, -0.72, -14.63, -53.16, -0.98, 21.92, 25.19]
[-0.0, -99.39, 4.01, 0.0, -0.0, -96.24, 2.28, -6.9, -49.19, -43.17, -2.36, -14.34, -53.16, -0.98, 21.92, 25.19]
[-0.0, -99.39, 4.01, 0.0, -0.0, -96.24, 2.28, -6.9, -46.71, -47.15, -3.85, -14.05, -53.16, -0.98, 21.92, 25.19]
[-0.0, -99.39, 4.01, 0.0, -0.0, -96.24, 2.28, -6.9, -44.42, -50.83, -5.24, -13.75, -53.16, -0.98, 21.92, 25.19]
[-0.0, -99.39, 4.01, 0.0, -0.0, -96.24, 2.28, -6.9, -42.29, -54.27, -6.55, -13.44, -53.16, -0.98, 21.92, 25.19]
[-0.0, -99.39, 4.01, 0.0, -0.0, -96.24, 2.28, -6.9, -40.28, -57.51, -7.78, -13.13, -53.16, -0.98, 21.92, 25.19]
[-0.0, -99.39, 4.01, 0.0, -0.0, -96.24, 2.28, -6.9, -38.39, -60.58, -8.96, -12.81, -53.16, -0.98, 21.92, 25.19]
[-0.0, -99.39, 4.01, 0.0, -0.0, -96.24, 2.28, -6.9, -36.58, -63.51, -10.08, -12.49, -53.16, -0.98, 21.92, 25.19]
[-0.0, -99.39, 4.01, 0.0, -0.0, -96.24, 2.28, -6.9, -34.86, -66.31, -11.17, -12.16, -53.16, -0.98, 21.92, 25.19]
[-0.0, -99.39, 4.01, 0.0, -0.0, -96.24, 2.28, -6.9, -33.21, -69.01, -12.21, -11.83, -53.16, -0.98, 21.92, 25.19]
[-0.0, -99.39, 4.01, 0.0, -0.0, -96.24, 2.28, -6.9, -31.62, -71.6, -13.22, -11.49, -53.16, -0.98, 21.92, 25.19]
[-0.0, -99.39, 4.01, 0.0, -0.0, -96.24, 2.28, -6.9, -30.09, -74.11, -14.19, -11.14, -53.16, -0.98, 21.92, 25.19]
[-0.0, -99.39, 4.01, 0.0, -0.0, -96.24, 2.28, -6.9, -28.61, -76.54, -15.14, -10.79, -53.16, -0.98, 21.92, 25.19]
[-0.0, -99.39, 4.01, 0.0, -0.0, -96.24, 2.28, -6.9, -27.17, -78.9, -16.07, -10.43, -53.16, -0.98, 21.92, 25.19]
[-0.0, -99.39, 4.01, 0.0, -0.0, -96.24, 2.28, -6.9, -25.78, -81.19, -16.97, -10.07, -53.16, -0.98, 21.92, 25.19]
[-0.0, -99.39, 4.01, 0.0, -0.0, -96.24, 2.28, -6.9, -24.43, -83.43, -17.85, -9.69, -53.16, -0.98, 21.92, 25.19]
[-0.0, -99.39, 4.01, 0.0, -0.0, -96.24, 2.28, -6.9, -23.12, -85.6, -18.71, -9.32, -53.16, -0.98, 21.92, 25.19]
[-0.0, -99.39, 4.01, 0.0, -0.0, -96.24, 2.28, -6.9, -21.84, -87.72, -19.56, -8.93, -53.16, -0.98, 21.92, 25.19]
[-0.0, -99.39, 4.01, 0.0, -0.0, -96.24, 2.28, -6.9, -20.59, -89.8, -20.38, -8.54, -53.16, -0.98, 21.92, 25.19]
[-0.0, -99.39, 4.01, 0.0, -0.0, -96.24, 2.28, -6.9, -19.38, -91.82, -21.2, -8.13, -53.16, -0.98, 21.92, 25.19]
[-0.0, -99.39, 4.01, 0.0, -0.0, -96.24, 2.28, -6.9, -18.19, -93.81, -21.99, -7.73, -53.16, -0.98, 21.92, 25.19]
[-0.0, -99.39, 4.01, 0.0, -0.0, -96.24, 2.28, -6.9, -17.04, -95.75, -22.78, -7.31, -53.16, -0.98, 21.92, 25.19]
[-0.0, -99.39, 4.01, 0.0, -0.0, -96.24, 2.28, -6.9, -15.91, -97.65, -23.55, -6.88, -53.16, -0.98, 21.92, 25.19]
[-0.0, -99.39, 4.01, 0.0, -0.0, -96.24, 2.28, -6.9, -14.8, -99.52, -24.31, -6.45, -53.16, -0.98, 21.92, 25.19]
[-0.0, -99.39, 4.01, 0.0, -0.0, -96.24, 2.28, -6.9, -13.72, -101.35, -25.06, -6.01, -53.16, -0.98, 21.92, 25.19]
[-0.0, -99.39, 4.01, 0.0, -0.0, -96.24, 2.28, -6.9, -12.67, -103.14, -25.8, -5.56, -53.16, -0.98, 21.92, 25.19]
[-0.0, -99.39, 4.01, 0.0, -0.0, -96.24, 2.28, -6.9, -11.64, -104.9, -26.54, -5.1, -53.16, -0.98, 21.92, 25.19]
[-0.0, -99.39, 4.01, 0.0, -0.0, -96.24, 2.28, -6.9, -10.6, -106.66, -27.26, -4.64, -53.16, -0.98, 21.92, 25.19]
[-0.0, -99.39, 4.01, 0.0, -0.0, -96.24, 2.28, -6.9, -9.62, -108.35, -27.98, -4.16, -53.16, -0.98, 21.92, 25.19]
[-0.0, -99.39, 4.01, 0.0, -0.0, -96.24, 2.28, -6.9, -8.66, -110.02, -28.69, -3.67, -53.16, -0.98, 21.92, 25.19]
[-0.0, -99.39, 4.01, 0.0, -0.0, -96.24, 2.28, -6.9, -7.73, -111.66, -29.39, -3.18, -53.16, -0.98, 21.92, 25.19]
[-0.0, -99.39, 4.01, 0.0, -0.0, -96.24, 2.28, -6.9, -6.82, -113.26, -30.09, -2.67, -53.16, -0.98, 21.92, 25.19]
[-0.0, -99.39, 4.01, 0.0, -0.0, -96.24, 2.28, -6.9, -5.93, -114.84, -30.78, -2.16, -53.16, -0.98, 21.92, 25.19]
[-0.0, -99.39, 4.01, 0.0, -0.0, -96.24, 2.28, -6.9, -5.07, -116.39, -31.47, -1.63, -53.16, -0.98, 21.92, 25.19]
[-0.0, -99.39, 4.01, 0.0, -0.0, -96.24, 2.28, -6.9, -4.23, -117.91, -32.15, -1.1, -53.16, -0.98, 21.92, 25.19]
[-0.0, -99.39, 4.01, 0.0, -0.0, -96.24, 2.28, -6.9, -3.42, -119.41, -32.83, -0.55, -53.16, -0.98, 21.92, 25.19]
[-0.0, -99.39, 4.01, 0.0, -0.0, -96.24, 2.28, -6.9, -2.63, -120.87, -33.51, 0.01, -53.16, -0.98, 21.92, 25.19]
[-0.0, -99.38, 4.01, 0.01, -0.02, -96.24, 2.28, -6.9, -2.63, -120.88, -33.51, -0.0, -52.82, -1.48, 21.75, 25.19]
[-0.0, -99.38, 4.01, 0.01, -0.02, -96.24, 2.28, -6.9, -1.28, -120.95, -32.24, -0.0, -52.82, -1.48, 21.75, 25.19]
[-0.0, -99.38, 4.01, 0.01, -0.02, -96.24, 2.28, -6.9, -0.02, -120.95, -30.96, -0.0, -52.82, -1.48, 21.75, 25.19]
[-0.0, -99.38, 4.01, 0.01, -0.02, -96.24, 2.28, -6.9, -0.03, -120.02, -29.7, -0.0, -52.82, -1.48, 21.75, 25.19]
[-0.0, -99.38, 4.01, 0.01, -0.02, -96.24, 2.28, -6.9, -0.01, -119.09, -28.44, -0.0, -52.82, -1.48, 21.75, 25.19]
[-0.0, -99.38, 4.01, 0.01, -0.02, -96.24, 2.28, -6.9, -0.02, -118.15, -27.2, -0.0, -52.82, -1.48, 21.75, 25.19]
[-0.0, -99.38, 4.01, 0.01, -0.02, -96.24, 2.28, -6.9, -0.01, -117.22, -25.97, -0.0, -52.82, -1.48, 21.75, 25.19]
[-0.0, -99.38, 4.01, 0.01, -0.02, -96.24, 2.28, -6.9, -0.02, -116.27, -24.74, -0.0, -52.82, -1.48, 21.75, 25.19]
[-0.0, -99.38, 4.01, 0.01, -0.02, -96.24, 2.28, -6.9, -0.01, -115.33, -23.53, -0.0, -52.82, -1.48, 21.75, 25.19]
[-0.0, -99.38, 4.01, 0.01, -0.02, -96.24, 2.28, -6.9, -0.02, -114.37, -22.33, -0.0, -52.82, -1.48, 21.75, 25.19]
[-0.0, -99.38, 4.01, 0.01, -0.02, -96.24, 2.28, -6.9, -0.0, -113.42, -21.14, -0.0, -52.82, -1.48, 21.75, 25.19]
[-0.0, -99.38, 4.01, 0.01, -0.02, -96.24, 2.28, -6.9, -0.0, -112.46, -19.95, -0.0, -52.82, -1.48, 21.75, 25.19]
[-0.0, -99.38, 4.01, 0.01, -0.02, -96.24, 2.28, -6.9, -0.01, -111.48, -18.78, -0.0, -52.82, -1.48, 21.75, 25.19]
[-0.0, -99.38, 4.01, 0.01, -0.02, -96.24, 2.28, -6.9, -0.0, -110.52, -17.61, -0.0, -52.82, -1.48, 21.75, 25.19]
[-0.0, -99.38, 4.01, 0.01, -0.02, -96.24, 2.28, -6.9, -0.0, -109.54, -16.45, -0.0, -52.82, -1.48, 21.75, 25.19]
[-0.0, -99.38, 4.01, 0.01, -0.02, -96.24, 2.28, -6.9, -0.01, -108.55, -15.3, -0.0, -52.82, -1.48, 21.75, 25.19]
[-0.0, -99.38, 4.01, 0.01, -0.02, -96.24, 2.28, -6.9, -0.03, -107.54, -14.15, -0.0, -52.82, -1.48, 21.75, 25.19]
[-0.0, -99.38, 4.01, 0.01, -0.02, -96.24, 2.28, -6.9, -0.02, -106.55, -13.01, -0.0, -52.82, -1.48, 21.75, 25.19]
[-0.0, -99.38, 4.01, 0.01, -0.02, -96.24, 2.28, -6.9, -0.02, -105.55, -11.88, -0.0, -52.82, -1.48, 21.75, 25.19]
[-0.0, -99.38, 4.01, 0.01, -0.02, -96.24, 2.28, -6.9, -0.03, -104.53, -10.75, -0.0, -52.82, -1.48, 21.75, 25.19]
[-0.0, -99.38, 4.01, 0.01, -0.02, -96.24, 2.28, -6.9, -0.01, -103.53, -9.63, -0.0, -52.82, -1.48, 21.75, 25.19]
[-0.0, -99.38, 4.01, 0.01, -0.02, -96.24, 2.28, -6.9, -0.0, -102.51, -8.51, -0.0, -52.82, -1.48, 21.75, 25.19]
[-0.0, -99.38, 4.01, 0.01, -0.02, -96.24, 2.28, -6.9, -0.0, -101.49, -7.4, -0.0, -52.82, -1.48, 21.75, 25.19]
[-0.0, -99.38, 4.01, 0.01, -0.02, -96.24, 2.28, -6.9, -0.0, -100.45, -6.29, -0.0, -52.82, -1.48, 21.75, 25.19]
[-0.0, -99.38, 4.01, 0.01, -0.02, -96.24, 2.28, -6.9, -0.01, -99.4, -5.18, -0.0, -52.82, -1.48, 21.75, 25.19]
[-0.0, -99.38, 4.01, 0.01, -0.02, -96.24, 2.28, -6.9, -0.02, -98.34, -4.08, -0.0, -52.82, -1.48, 21.75, 25.19]
[-0.0, -99.38, 4.01, 0.01, -0.02, -96.24, 2.28, -6.9, -0.0, -97.29, -2.98, -0.0, -52.82, -1.48, 21.75, 25.19]
[-0.0, -99.38, 4.01, 0.01, -0.02, -96.24, 2.28, -6.9, -0.02, -96.21, -1.89, -0.0, -52.82, -1.48, 21.75, 25.19]
[-0.0, -99.38, 4.01, 0.01, -0.02, -96.24, 2.28, -6.9, -0.01, -95.14, -0.79, -0.0, -52.82, -1.48, 21.75, 25.19]
[-0.0, -99.38, 4.01, 0.01, -0.02, -96.24, 2.28, -6.9, -0.0, -94.05, 0.3, -0.0, -52.82, -1.48, 21.75, 25.19]
[-0.0, -99.38, 4.01, 0.01, -0.02, -96.24, 2.28, -6.9, -0.0, -92.96, 1.39, -0.0, -52.82, -1.48, 21.75, 25.19]
[-0.02, -99.26, 3.92, 1.06, -0.01, -96.69, 2.46, -6.72, -0.03, -93.1, 1.42, -0.83, -51.84, -1.56, 21.9, 24.84]
[-0.01, -99.15, 3.83, 2.1, -0.03, -97.1, 2.66, -6.54, -0.01, -93.26, 1.44, -1.67, -51.03, -1.36, 22.16, 24.49]
[-0.0, -99.03, 3.74, 3.12, -0.02, -97.53, 2.86, -6.35, -0.03, -93.38, 1.47, -2.52, -50.65, -0.49, 22.66, 24.14]
[-0.03, -98.88, 3.65, 4.13, -0.0, -97.94, 3.08, -6.16, -0.01, -93.53, 1.49, -3.37, -49.34, -0.96, 22.72, 23.8]
[-0.02, -98.74, 3.55, 5.13, -0.03, -98.32, 3.32, -5.95, -0.02, -93.65, 1.52, -4.23, -48.78, -0.26, 23.19, 23.46]
[-0.01, -98.6, 3.45, 6.11, -0.01, -98.71, 3.56, -5.74, -0.02, -93.76, 1.54, -5.09, -47.27, -0.94, 23.21, 23.13]
[-0.0, -98.45, 3.35, 7.08, -0.0, -99.08, 3.82, -5.52, -0.03, -93.86, 1.56, -5.96, -45.66, -1.71, 23.22, 22.8]
[-0.0, -98.29, 3.25, 8.03, -0.02, -99.42, 4.09, -5.3, -0.03, -93.96, 1.59, -6.84, -44.63, -1.58, 23.54, 22.48]
[-0.03, -98.1, 3.14, 8.97, -0.01, -99.77, 4.37, -5.06, -0.03, -94.05, 1.61, -7.72, -43.46, -1.58, 23.84, 22.16]
[-0.02, -97.93, 3.04, 9.9, -0.0, -100.11, 4.66, -4.82, -0.03, -94.13, 1.63, -8.61, -42.26, -1.58, 24.17, 21.85]
[-0.0, -97.75, 2.94, 10.81, -0.03, -100.41, 4.97, -4.56, -0.03, -94.2, 1.64, -9.5, -41.14, -1.4, 24.57, 21.54]
[-0.02, -97.54, 2.83, 11.7, -0.02, -100.72, 5.29, -4.3, -0.02, -94.27, 1.66, -10.39, -40.41, -0.55, 25.22, 21.23]
[-0.02, -97.33, 2.73, 12.58, -0.01, -101.02, 5.62, -4.02, -0.02, -94.33, 1.67, -11.29, -38.31, -1.69, 25.24, 20.93]
[-0.03, -97.11, 2.62, 13.44, -0.0, -101.3, 5.96, -3.74, -0.01, -94.38, 1.68, -12.18, -36.93, -1.65, 25.67, 20.63]
[-0.02, -96.89, 2.52, 14.29, -0.0, -101.57, 6.32, -3.44, -0.01, -94.43, 1.69, -13.09, -35.63, -1.41, 26.2, 20.34]
[-0.01, -96.67, 2.42, 15.12, -0.0, -101.82, 6.69, -3.12, -0.0, -94.46, 1.7, -13.99, -34.02, -1.52, 26.66, 20.05]
[-0.02, -96.42, 2.32, 15.94, -0.0, -102.06, 7.07, -2.79, -0.0, -94.49, 1.71, -14.9, -32.41, -1.5, 27.19, 19.76]
[-0.02, -96.16, 2.22, 16.75, -0.01, -102.29, 7.46, -2.45, -0.0, -94.51, 1.71, -15.8, -31.31, -0.6, 28.06, 19.48]
[-0.02, -95.9, 2.12, 17.53, -0.01, -102.5, 7.86, -2.09, -0.0, -94.53, 1.72, -16.71, -28.96, -1.37, 28.43, 19.2]
[-0.0, -95.64, 2.03, 18.31, -0.03, -102.69, 8.28, -1.72, -0.0, -94.53, 1.72, -17.62, -27.06, -1.31, 29.15, 18.92]
[-0.01, -95.36, 1.94, 19.07, -0.01, -102.89, 8.7, -1.32, -0.0, -94.53, 1.71, -18.53, -25.13, -1.03, 30.0, 18.65]
[-0.0, -95.07, 1.85, 19.81, -0.03, -103.05, 9.14, -0.91, -0.0, -94.52, 1.71, -19.44, -22.69, -1.22, 30.81, 18.38]
[-0.02, -94.76, 1.76, 20.54, -0.02, -103.22, 9.59, -0.47, -0.0, -94.5, 1.71, -20.34, -20.62, -0.47, 32.05, 18.12]
[-0.02, -94.45, 1.68, 21.26, -0.02, -103.38, 10.05, -0.01, -0.0, -94.47, 1.7, -21.25, -17.42, -0.81, 33.12, 17.86]
[-0.02, -94.45, 1.68, 21.26, -0.02, -103.38, 10.05, -0.01, -0.0, -94.47, 1.7, -21.25, -22.06, -0.34, 31.31, 17.67]
[-0.02, -94.45, 1.68, 21.26, -0.02, -103.38, 10.05, -0.01, -0.0, -94.47, 1.7, -21.25, -25.14, -1.13, 29.42, 17.47]
[-0.02, -94.45, 1.68, 21.26, -0.02, -103.38, 10.05, -0.01, -0.0, -94.47, 1.7, -21.25, -28.78, -0.42, 28.24, 17.28]
[-0.02, -94.45, 1.68, 21.26, -0.02, -103.38, 10.05, -0.01, -0.0, -94.47, 1.7, -21.25, -31.32, -0.91, 26.81, 17.08]
[-0.02, -94.45, 1.68, 21.26, -0.02, -103.38, 10.05, -0.01, -0.0, -94.47, 1.7, -21.25, -33.82, -1.09, 25.6, 16.88]
[-0.02, -94.45, 1.68, 21.26, -0.02, -103.38, 10.05, -0.01, -0.0, -94.47, 1.7, -21.25, -36.79, -0.29, 24.8, 16.68]
[-0.02, -94.45, 1.68, 21.26, -0.02, -103.38, 10.05, -0.01, -0.0, -94.47, 1.7, -21.25, -38.2, -1.6, 23.37, 16.47]
[-0.02, -94.45, 1.68, 21.26, -0.02, -103.38, 10.05, -0.01, -0.0, -94.47, 1.7, -21.25, -40.82, -0.93, 22.67, 16.26]
[-0.02, -94.45, 1.68, 21.26, -0.02, -103.38, 10.05, -0.01, -0.0, -94.47, 1.7, -21.25, -42.94, -0.85, 21.82, 16.05]
[-0.02, -94.45, 1.68, 21.26, -0.02, -103.38, 10.05, -0.01, -0.0, -94.47, 1.7, -21.25, -44.64, -1.24, 20.85, 15.84]
[-0.02, -94.45, 1.68, 21.26, -0.02, -103.38, 10.05, -0.01, -0.0, -94.47, 1.7, -21.25, -46.4, -1.42, 20.0, 15.62]
[-0.02, -94.45, 1.68, 21.26, -0.02, -103.38, 10.05, -0.01, -0.0, -94.47, 1.7, -21.25, -48.77, -0.6, 19.51, 15.4]
[-0.02, -94.45, 1.68, 21.26, -0.02, -103.38, 10.05, -0.01, -0.0, -94.47, 1.7, -21.25, -50.13, -1.18, 18.59, 15.18]
[-0.02, -94.45, 1.68, 21.26, -0.02, -103.38, 10.05, -0.01, -0.0, -94.47, 1.7, -21.25, -51.48, -1.68, 17.72, 14.95]
[-0.02, -94.45, 1.68, 21.26, -0.02, -103.38, 10.05, -0.01, -0.0, -94.47, 1.7, -21.25, -53.3, -1.43, 17.13, 14.72]
[-0.02, -94.45, 1.68, 21.26, -0.02, -103.38, 10.05, -0.01, -0.0, -94.47, 1.7, -21.25, -54.57, -1.9, 16.33, 14.49]
[-0.02, -94.45, 1.68, 21.26, -0.02, -103.38, 10.05, -0.01, -0.0, -94.47, 1.7, -21.25, -56.86, -0.81, 16.07, 14.26]
[-0.02, -94.45, 1.68, 21.26, -0.02, -103.38, 10.05, -0.01, -0.0, -94.47, 1.7, -21.25, -58.06, -1.26, 15.31, 14.02]
[-0.02, -94.45, 1.68, 21.26, -0.02, -103.38, 10.05, -0.01, -0.0, -94.47, 1.7, -21.25, -59.18, -1.79, 14.54, 13.77]
[-0.02, -94.45, 1.68, 21.26, -0.02, -103.38, 10.05, -0.01, -0.0, -94.47, 1.7, -21.25, -60.86, -1.42, 14.1, 13.53]
[-0.02, -94.45, 1.68, 21.26, -0.02, -103.38, 10.05, -0.01, -0.0, -94.47, 1.7, -21.25, -62.15, -1.59, 13.48, 13.28]
[-0.02, -94.45, 1.68, 21.26, -0.02, -103.38, 10.05, -0.01, -0.0, -94.47, 1.7, -21.25, -63.89, -1.05, 13.13, 13.03]
[-0.02, -94.45, 1.68, 21.26, -0.02, -103.38, 10.05, -0.01, -0.0, -94.47, 1.7, -21.25, -64.93, -1.51, 12.45, 12.77]
[-0.02, -94.45, 1.68, 21.26, -0.02, -103.38, 10.05, -0.01, -0.0, -94.47, 1.7, -21.25, -66.25, -1.51, 11.94, 12.51]
[-0.02, -94.45, 1.68, 21.26, -0.02, -103.38, 10.05, -0.01, -0.0, -94.47, 1.7, -21.25, -67.77, -1.17, 11.56, 12.25]
[-0.02, -94.45, 1.68, 21.26, -0.02, -103.38, 10.05, -0.01, -0.0, -94.47, 1.7, -21.25, -68.45, -2.05, 10.78, 11.98]
[-0.02, -94.45, 1.68, 21.26, -0.02, -103.38, 10.05, -0.01, -0.0, -94.47, 1.7, -21.25, -70.04, -1.54, 10.48, 11.71]
[-0.02, -94.45, 1.68, 21.26, -0.02, -103.38, 10.05, -0.01, -0.0, -94.47, 1.7, -21.25, -71.84, -0.67, 10.32, 11.43]
[-0.02, -94.45, 1.68, 21.26, -0.02, -103.38, 10.05, -0.01, -0.0, -94.47, 1.7, -21.25, -72.32, -1.77, 9.5, 11.15]
[-0.02, -94.45, 1.68, 21.26, -0.02, -103.38, 10.05, -0.01, -0.0, -94.47, 1.7, -21.25, -73.79, -1.33, 9.21, 10.87]
[-0.02, -94.45, 1.68, 21.26, -0.02, -103.38, 10.05, -0.01, -0.0, -94.47, 1.7, -21.25, -75.18, -0.99, 8.89, 10.58]
[-0.02, -94.45, 1.68, 21.26, -0.02, -103.38, 10.05, -0.01, -0.0, -94.47, 1.7, -21.25, -76.33, -1.0, 8.47, 10.29]
[-0.02, -94.45, 1.68, 21.26, -0.02, -103.38, 10.05, -0.01, -0.0, -94.47, 1.7, -21.25, -77.19, -1.4, 7.93, 9.99]
[-0.02, -94.45, 1.68, 21.26, -0.02, -103.38, 10.05, -0.01, -0.0, -94.47, 1.7, -21.25, -77.89, -2.02, 7.32, 9.69]
[-0.02, -94.45, 1.68, 21.26, -0.02, -103.38, 10.05, -0.01, -0.0, -94.47, 1.7, -21.25, -79.2, -1.7, 7.03, 9.39]
[-0.02, -94.45, 1.68, 21.26, -0.02, -103.38, 10.05, -0.01, -0.0, -94.47, 1.7, -21.25, -80.24, -1.77, 6.63, 9.07]
[-0.02, -94.45, 1.68, 21.26, -0.02, -103.38, 10.05, -0.01, -0.0, -94.47, 1.7, -21.25, -82.09, -0.59, 6.65, 8.76]
[-0.02, -94.45, 1.68, 21.26, -0.02, -103.38, 10.05, -0.01, -0.0, -94.47, 1.7, -21.25, -82.24, -1.95, 5.83, 8.44]
[-0.02, -94.45, 1.68, 21.26, -0.02, -103.38, 10.05, -0.01, -0.0, -94.47, 1.7, -21.25, -72.12, -17.71, 0.2, 8.12]
[-0.02, -94.45, 1.68, 21.26, -0.02, -103.38, 10.05, -0.01, -0.0, -94.47, 1.7, -21.25, -67.39, -25.24, -2.62, 7.79]
[-0.02, -94.45, 1.68, 21.26, -0.02, -103.38, 10.05, -0.01, -0.0, -94.47, 1.7, -21.25, -63.95, -30.84, -4.78, 7.45]
[-0.02, -94.45, 1.68, 21.26, -0.02, -103.38, 10.05, -0.01, -0.0, -94.47, 1.7, -21.25, -61.1, -35.55, -6.64, 7.11]
[-0.02, -94.45, 1.68, 21.26, -0.02, -103.38, 10.05, -0.01, -0.0, -94.47, 1.7, -21.25, -58.61, -39.71, -8.31, 6.77]
[-0.02, -94.45, 1.68, 21.26, -0.02, -103.38, 10.05, -0.01, -0.0, -94.47, 1.7, -21.25, -56.34, -43.51, -9.85, 6.42]
[-0.02, -94.45, 1.68, 21.26, -0.02, -103.38, 10.05, -0.01, -0.0, -94.47, 1.7, -21.25, -54.32, -46.95, -11.27, 6.06]
[-0.02, -94.45, 1.68, 21.26, -0.02, -103.38, 10.05, -0.01, -0.0, -94.47, 1.7, -21.25, -52.46, -50.15, -12.62, 5.7]
[-0.02, -94.45, 1.68, 21.26, -0.02, -103.38, 10.05, -0.01, -0.0, -94.47, 1.7, -21.25, -50.74, -53.15, -13.89, 5.33]
[-0.02, -94.45, 1.68, 21.26, -0.02, -103.38, 10.05, -0.01, -0.0, -94.47, 1.7, -21.25, -49.13, -55.97, -15.11, 4.96]
[-0.02, -94.45, 1.68, 21.26, -0.02, -103.38, 10.05, -0.01, -0.0, -94.47, 1.7, -21.25, -47.62, -58.66, -16.28, 4.58]
[-0.02, -94.45, 1.68, 21.26, -0.02, -103.38, 10.05, -0.01, -0.0, -94.47, 1.7, -21.25, -46.19, -61.21, -17.41, 4.2]
[-0.02, -94.45, 1.68, 21.26, -0.02, -103.38, 10.05, -0.01, -0.0, -94.47, 1.7, -21.25, -44.84, -63.66, -18.5, 3.81]
[-0.02, -94.45, 1.68, 21.26, -0.02, -103.38, 10.05, -0.01, -0.0, -94.47, 1.7, -21.25, -43.56, -66.0, -19.56, 3.41]
[-0.02, -94.45, 1.68, 21.26, -0.02, -103.38, 10.05, -0.01, -0.0, -94.47, 1.7, -21.25, -42.35, -68.25, -20.6, 3.01]
[-0.02, -94.45, 1.68, 21.26, -0.02, -103.38, 10.05, -0.01, -0.0, -94.47, 1.7, -21.25, -41.19, -70.42, -21.61, 2.6]
[-0.02, -94.45, 1.68, 21.26, -0.02, -103.38, 10.05, -0.01, -0.0, -94.47, 1.7, -21.25, -40.08, -72.52, -22.6, 2.18]
[-0.02, -94.45, 1.68, 21.26, -0.02, -103.38, 10.05, -0.01, -0.0, -94.47, 1.7, -21.25, -39.03, -74.54, -23.57, 1.76]
[-0.02, -94.45, 1.68, 21.26, -0.02, -103.38, 10.05, -0.01, -0.0, -94.47, 1.7, -21.25, -38.02, -76.5, -24.52, 1.33]
[-0.02, -94.45, 1.68, 21.26, -0.02, -103.38, 10.05, -0.01, -0.0, -94.47, 1.7, -21.25, -37.06, -78.39, -25.45, 0.89]
[-0.02, -94.45, 1.68, 21.26, -0.02, -103.38, 10.05, -0.01, -0.0, -94.47, 1.7, -21.25, -36.14, -80.23, -26.37, 0.45]
[-0.02, -94.45, 1.68, 21.26, -0.02, -103.38, 10.05, -0.01, -0.0, -94.47, 1.7, -21.25, -35.27, -82.01, -27.28, -0.0]
[-0.01, -94.44, 1.68, 21.31, -0.02, -103.38, 10.08, -0.0, -0.01, -94.46, 1.69, -21.3, -35.4, -81.84, -27.23, -0.01]
[-0.01, -94.44, 1.68, 21.31, -0.02, -103.38, 10.08, -0.0, -0.01, -94.46, 1.69, -21.3, -34.43, -81.9, -26.33, -0.01]
[-0.01, -94.44, 1.68, 21.31, -0.02, -103.38, 10.08, -0.0, -0.01, -94.46, 1.69, -21.3, -33.49, -81.92, -25.42, -0.01]
[-0.01, -94.44, 1.68, 21.31, -0.02, -103.38, 10.08, -0.0, -0.01, -94.46, 1.69, -21.3, -32.59, -81.9, -24.49, -0.01]
[-0.01, -94.44, 1.68, 21.31, -0.02, -103.38, 10.08, -0.0, -0.01, -94.46, 1.69, -21.3, -31.72, -81.84, -23.56, -0.01]
[-0.01, -94.44, 1.68, 21.31, -0.02, -103.38, 10.08, -0.0, -0.01, -94.46, 1.69, -21.3, -30.88, -81.74, -22.62, -0.01]
[-0.01, -94.44, 1.68, 21.31, -0.02, -103.38, 10.08, -0.0, -0.01, -94.46, 1.69, -21.3, -30.07, -81.6, -21.67, -0.01]
[-0.01, -94.44, 1.68, 21.31, -0.02, -103.38, 10.08, -0.0, -0.01, -94.46, 1.69, -21.3, -29.29, -81.41, -20.71, -0.01]
[-0.01, -94.44, 1.68, 21.31, -0.02, -103.38, 10.08, -0.0, -0.01, -94.46, 1.69, -21.3, -28.55, -81.19, -19.74, -0.01]
[-0.01, -94.44, 1.68, 21.31, -0.02, -103.38, 10.08, -0.0, -0.01, -94.46, 1.69, -21.3, -27.84, -80.92, -18.77, -0.01]
[-0.01, -94.44, 1.68, 21.31, -0.02, -103.38, 10.08, -0.0, -0.01, -94.46, 1.69, -21.3, -27.17, -80.62, -17.79, -0.01]
[-0.01, -94.44, 1.68, 21.31, -0.02, -103.38, 10.08, -0.0, -0.01, -94.46, 1.69, -21.3, -26.53, -80.27, -16.8, -0.01]
[-0.01, -94.44, 1.68, 21.31, -0.02, -103.38, 10.08, -0.0, -0.01, -94.46, 1.69, -21.3, -25.92, -79.88, -15.81, -0.01]
[-0.01, -94.44, 1.68, 21.31, -0.02, -103.38, 10.08, -0.0, -0.01, -94.46, 1.69, -21.3, -25.35, -79.45, -14.81, -0.01]
[-0.01, -94.44, 1.68, 21.31, -0.02, -103.38, 10.08, -0.0, -0.01, -94.46, 1.69, -21.3, -24.82, -78.98, -13.8, -0.01]
[-0.01, -94.44, 1.68, 21.31, -0.02, -103.38, 10.08, -0.0, -0.01, -94.46, 1.69, -21.3, -24.32, -78.46, -12.79, -0.01]
[-0.01, -94.44, 1.68, 21.31, -0.02, -103.38, 10.08, -0.0, -0.01, -94.46, 1.69, -21.3, -23.86, -77.91, -11.77, -0.01]
[-0.01, -94.44, 1.68, 21.31, -0.02, -103.38, 10.08, -0.0, -0.01, -94.46, 1.69, -21.3, -23.44, -77.31, -10.75, -0.01]
[-0.01, -94.44, 1.68, 21.31, -0.02, -103.38, 10.08, -0.0, -0.01, -94.46, 1.69, -21.3, -23.05, -76.66, -9.72, -0.01]
[-0.01, -94.44, 1.68, 21.31, -0.02, -103.38, 10.08, -0.0, -0.01, -94.46, 1.69, -21.3, -22.7, -75.98, -8.68, -0.01]
[-0.01, -94.44, 1.68, 21.31, -0.02, -103.38, 10.08, -0.0, -0.01, -94.46, 1.69, -21.3, -22.39, -75.25, -7.64, -0.01]
[-0.01, -94.44, 1.68, 21.31, -0.02, -103.38, 10.08, -0.0, -0.01, -94.46, 1.69, -21.3, -22.12, -74.48, -6.59, -0.01]
[-0.01, -94.44, 1.68, 21.31, -0.02, -103.38, 10.08, -0.0, -0.01, -94.46, 1.69, -21.3, -21.89, -73.66, -5.54, -0.01]
[-0.01, -94.44, 1.68, 21.31, -0.02, -103.38, 10.08, -0.0, -0.01, -94.46, 1.69, -21.3, -21.69, -72.79, -4.48, -0.01]
[-0.01, -94.44, 1.68, 21.31, -0.02, -103.38, 10.08, -0.0, -0.01, -94.46, 1.69, -21.3, -21.54, -71.88, -3.42, -0.01]
[-0.01, -94.44, 1.68, 21.31, -0.02, -103.38, 10.08, -0.0, -0.01, -94.46, 1.69, -21.3, -21.43, -70.92, -2.35, -0.01]
[-0.01, -94.44, 1.68, 21.31, -0.02, -103.38, 10.08, -0.0, -0.01, -94.46, 1.69, -21.3, -21.35, -69.91, -1.27, -0.01]
[-0.01, -94.44, 1.68, 21.31, -0.02, -103.38, 10.08, -0.0, -0.01, -94.46, 1.69, -21.3, -21.33, -68.86, -0.18, -0.01]
[-0.01, -94.44, 1.68, 21.31, -0.02, -103.38, 10.08, -0.0, -0.01, -94.46, 1.69, -21.3, -21.34, -67.75, 0.91, -0.01]
[-0.01, -94.44, 1.68, 21.31, -0.02, -103.38, 10.08, -0.0, -0.01, -94.46, 1.69, -21.3, -21.4, -66.59, 2.01, -0.01]
[-0.01, -94.44, 1.68, 21.31, -0.02, -103.38, 10.08, -0.0, -0.01, -94.46, 1.69, -21.3, -21.5, -65.37, 3.13, -0.01]
[-0.02, -94.66, 1.74, 20.22, -0.0, -103.19, 9.47, -0.0, -0.03, -94.67, 1.75, -20.22, -18.31, -69.13, 2.57, -0.01]
[-0.02, -94.88, 1.79, 19.12, -0.02, -102.95, 8.88, -0.01, -0.02, -94.89, 1.81, -19.12, -15.19, -72.71, 2.1, -0.01]
[-0.03, -95.07, 1.85, 18.01, -0.01, -102.72, 8.31, -0.01, -0.0, -95.1, 1.87, -18.0, -12.12, -76.14, 1.73, -0.0]
[-0.02, -95.27, 1.91, 16.88, -0.0, -102.46, 7.76, -0.01, -0.0, -95.29, 1.93, -16.87, -9.11, -79.45, 1.44, -0.0]
[-0.02, -95.43, 1.96, 15.73, -0.03, -102.15, 7.23, -0.01, -0.02, -95.45, 1.98, -15.73, -6.12, -82.64, 1.24, -0.0]
[-0.02, -95.6, 2.02, 14.58, -0.02, -101.85, 6.73, -0.01, -0.01, -95.61, 2.03, -14.57, -3.15, -85.73, 1.12, -0.0]
[-0.0, -95.76, 2.07, 13.41, -0.0, -101.52, 6.24, -0.01, -0.0, -95.77, 2.08, -13.4, -0.2, -88.73, 1.07, -0.0]
[-0.0, -95.89, 2.11, 12.23, -0.03, -101.15, 5.78, -0.01, -0.01, -95.9, 2.13, -12.22, -0.0, -89.67, 1.08, -0.0]
[-0.03, -96.0, 2.16, 11.04, -0.01, -100.79, 5.34, -0.01, -0.0, -96.03, 2.17, -11.02, -0.02, -90.43, 1.11, -0.0]
[-0.0, -96.12, 2.2, 9.84, -0.0, -100.4, 4.92, -0.01, -0.02, -96.12, 2.21, -9.82, -0.0, -91.19, 1.16, 0.0]
[-0.0, -96.22, 2.23, 8.63, -0.02, -99.97, 4.53, -0.01, -0.02, -96.21, 2.25, -8.61, -0.02, -91.91, 1.24, 0.0]
[-0.02, -96.28, 2.26, 7.41, -0.0, -99.55, 4.15, -0.01, -0.01, -96.3, 2.28, -7.39, -0.0, -92.63, 1.33, 0.0]
[-0.0, -96.37, 2.29, 6.19, -0.01, -99.08, 3.8, -0.02, -0.03, -96.35, 2.31, -6.17, -0.02, -93.31, 1.45, 0.0]
[-0.0, -96.42, 2.31, 4.96, -0.02, -98.59, 3.47, -0.02, -0.0, -96.43, 2.33, -4.94, -0.0, -94.0, 1.59, 0.0]
[-0.0, -96.47, 2.33, 3.73, -0.0, -98.11, 3.16, -0.02, -0.0, -96.47, 2.35, -3.7, -0.02, -94.64, 1.74, 0.01]
[-0.02, -96.49, 2.34, 2.49, -0.01, -97.58, 2.87, -0.02, -0.03, -96.48, 2.36, -2.47, -0.03, -95.26, 1.92, 0.01]
[-0.0, -96.53, 2.35, 1.25, -0.01, -97.04, 2.6, -0.02, -0.01, -96.52, 2.37, -1.22, -0.0, -95.89, 2.13, 0.01]
[-0.0, -96.53, 2.35, 0.01, -0.01, -96.47, 2.35, -0.02, -0.02, -96.52, 2.37, 0.02, -0.01, -96.47, 2.35, 0.01]