[-1.62, -121.0, -26.62, 0.0, -1.62, -121.0, -26.62, 0.0, -1.62, -121.0, -26.62, 0.0, -1.62, -121.0, -26.62, 0.0]
[-0.0, -121.93, -26.7, -0.16, -0.0, -122.1, -26.66, 0.46, -0.0, -122.44, -26.57, 0.17, -0.02, -122.27, -26.61, -0.46]
[-0.02, -121.66, -26.76, -0.32, -0.03, -121.99, -26.68, 0.92, -0.01, -122.68, -26.5, 0.33, -0.02, -122.35, -26.59, -0.93]
[-0.0, -121.42, -26.81, -0.48, -0.02, -121.9, -26.7, 1.37, -0.02, -122.92, -26.42, 0.5, -0.0, -122.45, -26.57, -1.39]
[-0.02, -121.15, -26.86, -0.64, -0.02, -121.8, -26.73, 1.82, -0.03, -123.16, -26.35, 0.68, -0.03, -122.52, -26.54, -1.86]
[-0.03, -120.87, -26.91, -0.79, -0.0, -121.72, -26.75, 2.27, -0.03, -123.39, -26.26, 0.85, -0.02, -122.6, -26.52, -2.34]
[-0.0, -120.63, -26.95, -0.94, -0.02, -121.6, -26.77, 2.71, -0.03, -123.63, -26.18, 1.03, -0.03, -122.67, -26.5, -2.81]
[-0.01, -120.35, -26.99, -1.09, -0.01, -121.5, -26.79, 3.16, -0.02, -123.86, -26.09, 1.22, -0.0, -122.76, -26.48, -3.29]
[-0.01, -120.07, -27.03, -1.23, -0.01, -121.39, -26.82, 3.6, -0.02, -124.1, -25.99, 1.4, -0.03, -122.82, -26.45, -3.77]
[-0.01, -119.8, -27.06, -1.38, -0.02, -121.28, -26.84, 4.03, -0.01, -124.33, -25.9, 1.59, -0.02, -122.89, -26.43, -4.25]
[-0.01, -119.52, -27.09, -1.52, -0.0, -121.18, -26.86, 4.47, -0.0, -124.56, -25.8, 1.78, -0.03, -122.95, -26.41, -4.73]
[-0.0, -119.24, -27.12, -1.66, -0.02, -121.05, -26.88, 4.9, -0.03, -124.76, -25.69, 1.98, -0.01, -123.03, -26.39, -5.22]
[-0.0, -118.96, -27.14, -1.79, -0.02, -120.94, -26.9, 5.33, -0.01, -124.99, -25.58, 2.18, -0.0, -123.1, -26.37, -5.71]
[-0.03, -118.65, -27.16, -1.93, -0.02, -120.82, -26.92, 5.75, -0.32, -124.97, -25.47, 2.38, -0.0, -123.17, -26.35, -6.2]
[-0.02, -118.37, -27.18, -2.06, -0.03, -120.69, -26.94, 6.18, -0.59, -124.98, -25.35, 2.59, -0.01, -123.22, -26.33, -6.69]
[-0.0, -118.08, -27.19, -2.19, -0.01, -120.58, -26.96, 6.6, -0.86, -125.0, -25.23, 2.8, -0.0, -123.29, -26.31, -7.18]
[-0.02, -117.77, -27.2, -2.32, -0.03, -120.44, -26.98, 7.01, -1.16, -124.98, -25.1, 3.01, -0.0, -123.34, -26.29, -7.68]
[-0.0, -117.49, -27.2, -2.45, -0.02, -120.31, -27.0, 7.43, -1.42, -124.98, -24.97, 3.23, -0.01, -123.39, -26.28, -8.18]
[-0.06, -117.15, -27.2, -2.58, -0.02, -120.18, -27.02, 7.84, -1.68, -124.99, -24.83, 3.45, -0.02, -123.43, -26.26, -8.68]
[-1.17, -116.03, -27.2, -2.7, -0.03, -120.04, -27.04, 8.24, -1.93, -124.99, -24.69, 3.67, -0.01, -123.49, -26.24, -9.18]
[-2.26, -114.91, -27.18, -2.82, -0.01, -119.92, -27.05, 8.65, -2.18, -125.0, -24.55, 3.9, -0.01, -123.53, -26.23, -9.68]
[-3.35, -113.79, -27.15, -2.94, -0.03, -119.77, -27.07, 9.05, -2.43, -125.0, -24.4, 4.14, -0.02, -123.57, -26.21, -10.19]
[-4.44, -112.67, -27.1, -3.06, -0.02, -119.63, -27.08, 9.45, -2.68, -125.0, -24.24, 4.38, -0.0, -123.62, -26.2, -10.69]
[-5.51, -111.54, -27.05, -3.18, -0.01, -119.49, -27.1, 9.84, -2.93, -124.99, -24.09, 4.62, -0.03, -123.63, -26.18, -11.2]
[-6.58, -110.41, -26.99, -3.3, -0.01, -119.34, -27.11, 10.23, -3.17, -124.99, -23.92, 4.87, -0.0, -123.69, -26.17, -11.71]
[-7.64, -109.28, -26.91, -3.41, -0.02, -119.19, -27.12, 10.62, -3.41, -124.98, -23.76, 5.12, -0.02, -123.71, -26.16, -12.22]
[-8.69, -108.13, -26.82, -3.52, -0.0, -119.05, -27.14, 11.01, -3.64, -124.98, -23.59, 5.38, -0.01, -123.75, -26.14, -12.73]
[-9.74, -106.99, -26.73, -3.63, -0.02, -118.88, -27.15, 11.39, -3.84, -124.99, -23.41, 5.64, -0.01, -123.78, -26.13, -13.24]
[-10.78, -105.84, -26.62, -3.74, -0.01, -118.73, -27.16, 11.77, -4.08, -124.98, -23.23, 5.91, -0.02, -123.79, -26.12, -13.76]
[-11.82, -104.68, -26.5, -3.85, -0.0, -118.58, -27.17, 12.15, -4.27, -124.99, -23.05, 6.18, -0.01, -123.83, -26.11, -14.27]
[-12.86, -103.52, -26.38, -3.96, -0.01, -118.41, -27.18, 12.52, -4.5, -124.97, -22.86, 6.46, -0.01, -123.85, -26.1, -14.79]
[-13.89, -102.35, -26.24, -4.06, -0.01, -118.25, -27.18, 12.89, -4.69, -124.98, -22.67, 6.74, -0.02, -123.86, -26.1, -15.3]
[-14.92, -101.17, -26.09, -4.17, -0.02, -118.07, -27.19, 13.26, -4.88, -124.99, -22.47, 7.03, -0.0, -123.89, -26.09, -15.82]
[-15.95, -99.99, -25.94, -4.27, -0.0, -117.92, -27.2, 13.63, -5.07, -124.99, -22.27, 7.33, -0.0, -123.91, -26.08, -16.34]
[-16.97, -98.8, -25.77, -4.37, -0.02, -117.73, -27.2, 13.99, -5.26, -124.99, -22.07, 7.63, -0.01, -123.92, -26.08, -16.85]
[-18.0, -97.6, -25.59, -4.47, -0.02, -117.56, -27.2, 14.35, -5.44, -124.98, -21.86, 7.94, -0.03, -123.91, -26.07, -17.37]
[-19.02, -96.39, -25.41, -4.57, -0.01, -117.39, -27.2, 14.7, -5.63, -124.98, -21.65, 8.25, -0.02, -123.93, -26.07, -17.89]
[-20.04, -95.17, -25.21, -4.67, -0.01, -117.21, -27.2, 15.06, -5.78, -124.99, -21.44, 8.58, -0.03, -123.93, -26.07, -18.41]
[-21.06, -93.95, -25.01, -4.76, -0.64, -116.57, -27.2, 15.41, -5.96, -124.98, -21.22, 8.9, -0.01, -123.95, -26.07, -18.93]
[-22.09, -92.71, -24.8, -4.86, -1.3, -115.9, -27.2, 15.75, -6.11, -124.99, -21.0, 9.24, -0.0, -123.96, -26.07, -19.45]
[-23.11, -91.46, -24.57, -4.95, -1.97, -115.22, -27.19, 16.1, -6.26, -125.0, -20.78, 9.58, -0.01, -123.96, -26.07, -19.97]
[-24.14, -90.2, -24.34, -5.05, -2.64, -114.53, -27.17, 16.44, -6.45, -124.97, -20.55, 9.93, -0.02, -123.94, -26.07, -20.49]
[-25.17, -88.93, -24.1, -5.14, -3.31, -113.84, -27.15, 16.77, -6.56, -125.0, -20.32, 10.29, -0.01, -123.95, -26.07, -21.01]
[-26.2, -87.65, -23.85, -5.23, -3.99, -113.14, -27.12, 17.11, -6.71, -125.0, -20.08, 10.66, -0.01, -123.94, -26.07, -21.52]
[-27.23, -86.35, -23.59, -5.32, -4.66, -112.44, -27.1, 17.44, -6.86, -124.99, -19.84, 11.03, -0.02, -123.92, -26.08, -22.04]
[-28.27, -85.04, -23.32, -5.4, -5.34, -111.73, -27.06, 17.77, -6.98, -125.0, -19.6, 11.41, -0.01, -123.92, -26.08, -22.56]
[-29.32, -83.72, -23.03, -5.49, -6.02, -111.01, -27.02, 18.1, -7.13, -124.98, -19.36, 11.81, -0.0, -123.91, -26.09, -23.08]
[-30.37, -82.38, -22.74, -5.58, -6.7, -110.29, -26.98, 18.42, -7.25, -124.99, -19.11, 12.21, -0.01, -123.89, -26.09, -23.6]
[-31.42, -81.02, -22.44, -5.66, -7.38, -109.55, -26.93, 18.74, -7.37, -124.99, -18.86, 12.62, -0.0, -123.88, -26.1, -24.11]
[-31.66, -81.31, -22.96, -5.41, -7.38, -109.55, -26.93, 18.74, -7.37, -124.99, -18.86, 12.62, -0.0, -123.88, -26.1, -24.11]
[-31.9, -81.58, -23.49, -5.16, -7.38, -109.55, -26.93, 18.74, -7.37, -124.99, -18.86, 12.62, -0.0, -123.88, -26.1, -24.11]
[-32.17, -81.84, -24.0, -4.91, -7.38, -109.55, -26.93, 18.74, -7.37, -124.99, -18.86, 12.62, -0.0, -123.88, -26.1, -24.11]
[-32.44, -82.08, -24.52, -4.66, -7.38, -109.55, -26.93, 18.74, -7.37, -124.99, -18.86, 12.62, -0.0, -123.88, -26.1, -24.11]
[-32.73, -82.31, -25.03, -4.41, -7.38, -109.55, -26.93, 18.74, -7.37, -124.99, -18.86, 12.62, -0.0, -123.88, -26.1, -24.11]
[-33.02, -82.52, -25.54, -4.16, -7.38, -109.55, -26.93, 18.74, -7.37, -124.99, -18.86, 12.62, -0.0, -123.88, -26.1, -24.11]
[-33.34, -82.72, -26.05, -3.91, -7.38, -109.55, -26.93, 18.74, -7.37, -124.99, -18.86, 12.62, -0.0, -123.88, -26.1, -24.11]
[-33.66, -82.9, -26.56, -3.65, -7.38, -109.55, -26.93, 18.74, -7.37, -124.99, -18.86, 12.62, -0.0, -123.88, -26.1, -24.11]
[-34.0, -83.07, -27.06, -3.4, -7.38, -109.55, -26.93, 18.74, -7.37, -124.99, -18.86, 12.62, -0.0, -123.88, -26.1, -24.11]
[-34.34, -83.22, -27.56, -3.15, -7.38, -109.55, -26.93, 18.74, -7.37, -124.99, -18.86, 12.62, -0.0, -123.88, -26.1, -24.11]
[-34.7, -83.36, -28.06, -2.89, -7.38, -109.55, -26.93, 18.74, -7.37, -124.99, -18.86, 12.62, -0.0, -123.88, -26.1, -24.11]
[-35.08, -83.48, -28.56, -2.64, -7.38, -109.55, -26.93, 18.74, -7.37, -124.99, -18.86, 12.62, -0.0, -123.88, -26.1, -24.11]
[-35.46, -83.59, -29.05, -2.38, -7.38, -109.55, -26.93, 18.74, -7.37, -124.99, -18.86, 12.62, -0.0, -123.88, -26.1, -24.11]
[-35.86, -83.68, -29.54, -2.13, -7.38, -109.55, -26.93, 18.74, -7.37, -124.99, -18.86, 12.62, -0.0, -123.88, -26.1, -24.11]
[-36.26, -83.76, -30.03, -1.87, -7.38, -109.55, -26.93, 18.74, -7.37, -124.99, -18.86, 12.62, -0.0, -123.88, -26.1, -24.11]
[-36.68, -83.83, -30.51, -1.62, -7.38, -109.55, -26.93, 18.74, -7.37, -124.99, -18.86, 12.62, -0.0, -123.88, -26.1, -24.11]
[-37.11, -83.88, -30.99, -1.36, -7.38, -109.55, -26.93, 18.74, -7.37, -124.99, -18.86, 12.62, -0.0, -123.88, -26.1, -24.11]
[-37.56, -83.91, -31.47, -1.1, -7.38, -109.55, -26.93, 18.74, -7.37, -124.99, -18.86, 12.62, -0.0, -123.88, -26.1, -24.11]
[-38.01, -83.93, -31.94, -0.85, -7.38, -109.55, -26.93, 18.74, -7.37, -124.99, -18.86, 12.62, -0.0, -123.88, -26.1, -24.11]
[-38.47, -83.94, -32.41, -0.59, -7.38, -109.55, -26.93, 18.74, -7.37, -124.99, -18.86, 12.62, -0.0, -123.88, -26.1, -24.11]
[-38.95, -83.93, -32.88, -0.33, -7.38, -109.55, -26.93, 18.74, -7.37, -124.99, -18.86, 12.62, -0.0, -123.88, -26.1, -24.11]
[-39.44, -83.9, -33.34, -0.07, -7.38, -109.55, -26.93, 18.74, -7.37, -124.99, -18.86, 12.62, -0.0, -123.88, -26.1, -24.11]
[-39.93, -83.86, -33.8, 0.18, -7.38, -109.55, -26.93, 18.74, -7.37, -124.99, -18.86, 12.62, -0.0, -123.88, -26.1, -24.11]
[-40.44, -83.81, -34.25, 0.44, -7.38, -109.55, -26.93, 18.74, -7.37, -124.99, -18.86, 12.62, -0.0, -123.88, -26.1, -24.11]
[-40.96, -83.74, -34.7, 0.7, -7.38, -109.55, -26.93, 18.74, -7.37, -124.99, -18.86, 12.62, -0.0, -123.88, -26.1, -24.11]
[-41.49, -83.66, -35.15, 0.96, -7.38, -109.55, -26.93, 18.74, -7.37, -124.99, -18.86, 12.62, -0.0, -123.88, -26.1, -24.11]
[-42.03, -83.56, -35.59, 1.22, -7.38, -109.55, -26.93, 18.74, -7.37, -124.99, -18.86, 12.62, -0.0, -123.88, -26.1, -24.11]
[-42.58, -83.45, -36.03, 1.48, -7.38, -109.55, -26.93, 18.74, -7.37, -124.99, -18.86, 12.62, -0.0, -123.88, -26.1, -24.11]
[-43.14, -83.32, -36.46, 1.74, -7.38, -109.55, -26.93, 18.74, -7.37, -124.99, -18.86, 12.62, -0.0, -123.88, -26.1, -24.11]
[-43.71, -83.18, -36.89, 2.0, -7.38, -109.55, -26.93, 18.74, -7.37, -124.99, -18.86, 12.62, -0.0, -123.88, -26.1, -24.11]
[-44.29, -83.02, -37.32, 2.26, -7.38, -109.55, -26.93, 18.74, -7.37, -124.99, -18.86, 12.62, -0.0, -123.88, -26.1, -24.11]
[-44.88, -82.85, -37.74, 2.52, -7.38, -109.55, -26.93, 18.74, -7.37, -124.99, -18.86, 12.62, -0.0, -123.88, -26.1, -24.11]
[-45.49, -82.67, -38.15, 2.78, -7.38, -109.55, -26.93, 18.74, -7.37, -124.99, -18.86, 12.62, -0.0, -123.88, -26.1, -24.11]
[-46.1, -82.46, -38.56, 3.04, -7.38, -109.55, -26.93, 18.74, -7.37, -124.99, -18.86, 12.62, -0.0, -123.88, -26.1, -24.11]
[-46.71, -82.25, -38.96, 3.3, -7.38, -109.55, -26.93, 18.74, -7.37, -124.99, -18.86, 12.62, -0.0, -123.88, -26.1, -24.11]
[-47.34, -82.02, -39.36, 3.57, -7.38, -109.55, -26.93, 18.74, -7.37, -124.99, -18.86, 12.62, -0.0, -123.88, -26.1, -24.11]
[-47.98, -81.77, -39.75, 3.83, -7.38, -109.55, -26.93, 18.74, -7.37, -124.99, -18.86, 12.62, -0.0, -123.88, -26.1, -24.11]
[-48.63, -81.51, -40.14, 4.09, -7.38, -109.55, -26.93, 18.74, -7.37, -124.99, -18.86, 12.62, -0.0, -123.88, -26.1, -24.11]
[-49.29, -81.24, -40.52, 4.35, -7.38, -109.55, -26.93, 18.74, -7.37, -124.99, -18.86, 12.62, -0.0, -123.88, -26.1, -24.11]
[-49.95, -80.95, -40.9, 4.61, -7.38, -109.55, -26.93, 18.74, -7.37, -124.99, -18.86, 12.62, -0.0, -123.88, -26.1, -24.11]
[-50.63, -80.64, -41.27, 4.88, -7.38, -109.55, -26.93, 18.74, -7.37, -124.99, -18.86, 12.62, -0.0, -123.88, -26.1, -24.11]
[-51.31, -80.32, -41.63, 5.14, -7.38, -109.55, -26.93, 18.74, -7.37, -124.99, -18.86, 12.62, -0.0, -123.88, -26.1, -24.11]
[-52.01, -79.98, -41.99, 5.4, -7.38, -109.55, -26.93, 18.74, -7.37, -124.99, -18.86, 12.62, -0.0, -123.88, -26.1, -24.11]
[-52.71, -79.63, -42.34, 5.66, -7.38, -109.55, -26.93, 18.74, -7.37, -124.99, -18.86, 12.62, -0.0, -123.88, -26.1, -24.11]
[-53.42, -79.27, -42.68, 5.93, -7.38, -109.55, -26.93, 18.74, -7.37, -124.99, -18.86, 12.62, -0.0, -123.88, -26.1, -24.11]
[-54.14, -78.89, -43.02, 6.19, -7.38, -109.55, -26.93, 18.74, -7.37, -124.99, -18.86, 12.62, -0.0, -123.88, -26.1, -24.11]
[-54.86, -78.49, -43.35, 6.45, -7.38, -109.55, -26.93, 18.74, -7.37, -124.99, -18.86, 12.62, -0.0, -123.88, -26.1, -24.11]
[-55.6, -78.08, -43.68, 6.71, -7.38, -109.55, -26.93, 18.74, -7.37, -124.99, -18.86, 12.62, -0.0, -123.88, -26.1, -24.11]
[-56.34, -77.65, -43.99, 6.98, -7.38, -109.55, -26.93, 18.74, -7.37, -124.99, -18.86, 12.62, -0.0, -123.88, -26.1, -24.11]
[-57.1, -77.21, -44.3, 7.24, -7.38, -109.55, -26.93, 18.74, -7.37, -124.99, -18.86, 12.62, -0.0, -123.88, -26.1, -24.11]
[-57.86, -76.75, -44.6, 7.5, -7.38, -109.55, -26.93, 18.74, -7.37, -124.99, -18.86, 12.62, -0.0, -123.88, -26.1, -24.11]
[-58.63, -76.27, -44.9, 7.76, -7.38, -109.55, -26.93, 18.74, -7.37, -124.99, -18.86, 12.62, -0.0, -123.88, -26.1, -24.11]
[-59.4, -75.78, -45.19, 8.03, -7.38, -109.55, -26.93, 18.74, -7.37, -124.99, -18.86, 12.62, -0.0, -123.88, -26.1, -24.11]
[-60.19, -75.27, -45.46, 8.29, -7.38, -109.55, -26.93, 18.74, -7.37, -124.99, -18.86, 12.62, -0.0, -123.88, -26.1, -24.11]
[-60.99, -74.75, -45.74, 8.55, -7.38, -109.55, -26.93, 18.74, -7.37, -124.99, -18.86, 12.62, -0.0, -123.88, -26.1, -24.11]
[-61.79, -74.21, -46.0, 8.82, -7.38, -109.55, -26.93, 18.74, -7.37, -124.99, -18.86, 12.62, -0.0, -123.88, -26.1, -24.11]
[-62.6, -73.66, -46.25, 9.08, -7.38, -109.55, -26.93, 18.74, -7.37, -124.99, -18.86, 12.62, -0.0, -123.88, -26.1, -24.11]
[-63.42, -73.08, -46.5, 9.34, -7.38, -109.55, -26.93, 18.74, -7.37, -124.99, -18.86, 12.62, -0.0, -123.88, -26.1, -24.11]
[-64.25, -72.49, -46.74, 9.6, -7.38, -109.55, -26.93, 18.74, -7.37, -124.99, -18.86, 12.62, -0.0, -123.88, -26.1, -24.11]
[-65.08, -71.88, -46.97, 9.87, -7.38, -109.55, -26.93, 18.74, -7.37, -124.99, -18.86, 12.62, -0.0, -123.88, -26.1, -24.11]
[-65.07, -71.9, -46.98, 9.87, -7.37, -109.57, -26.93, 18.74, -7.35, -125.0, -18.86, 12.61, -0.0, -123.88, -26.1, -24.11]
[-64.26, -72.47, -46.73, 9.87, -7.37, -109.57, -26.93, 18.74, -7.35, -125.0, -18.86, 12.61, -0.0, -123.88, -26.1, -24.11]
[-63.45, -73.03, -46.48, 9.87, -7.37, -109.57, -26.93, 18.74, -7.35, -125.0, -18.86, 12.61, -0.0, -123.88, -26.1, -24.11]
[-62.65, -73.57, -46.22, 9.87, -7.37, -109.57, -26.93, 18.74, -7.35, -125.0, -18.86, 12.61, -0.0, -123.88, -26.1, -24.11]
[-61.85, -74.1, -45.96, 9.87, -7.37, -109.57, -26.93, 18.74, -7.35, -125.0, -18.86, 12.61, -0.0, -123.88, -26.1, -24.11]
[-61.06, -74.62, -45.69, 9.87, -7.37, -109.57, -26.93, 18.74, -7.35, -125.0, -18.86, 12.61, -0.0, -123.88, -26.1, -24.11]
[-60.28, -75.13, -45.41, 9.87, -7.37, -109.57, -26.93, 18.74, -7.35, -125.0, -18.86, 12.61, -0.0, -123.88, -26.1, -24.11]
[-59.5, -75.63, -45.13, 9.87, -7.37, -109.57, -26.93, 18.74, -7.35, -125.0, -18.86, 12.61, -0.0, -123.88, -26.1, -24.11]
[-58.73, -76.11, -44.84, 9.87, -7.37, -109.57, -26.93, 18.74, -7.35, -125.0, -18.86, 12.61, -0.0, -123.88, -26.1, -24.11]
[-57.96, -76.58, -44.54, 9.87, -7.37, -109.57, -26.93, 18.74, -7.35, -125.0, -18.86, 12.61, -0.0, -123.88, -26.1, -24.11]
[-57.2, -77.05, -44.24, 9.87, -7.37, -109.57, -26.93, 18.74, -7.35, -125.0, -18.86, 12.61, -0.0, -123.88, -26.1, -24.11]
[-56.44, -77.5, -43.93, 9.87, -7.37, -109.57, -26.93, 18.74, -7.35, -125.0, -18.86, 12.61, -0.0, -123.88, -26.1, -24.11]
[-55.69, -77.94, -43.62, 9.87, -7.37, -109.57, -26.93, 18.74, -7.35, -125.0, -18.86, 12.61, -0.0, -123.88, -26.1, -24.11]
[-54.94, -78.36, -43.31, 9.87, -7.37, -109.57, -26.93, 18.74, -7.35, -125.0, -18.86, 12.61, -0.0, -123.88, -26.1, -24.11]
[-54.2, -78.78, -42.98, 9.87, -7.37, -109.57, -26.93, 18.74, -7.35, -125.0, -18.86, 12.61, -0.0, -123.88, -26.1, -24.11]
[-53.47, -79.19, -42.66, 9.87, -7.37, -109.57, -26.93, 18.74, -7.35, -125.0, -18.86, 12.61, -0.0, -123.88, -26.1, -24.11]
[-52.74, -79.58, -42.32, 9.87, -7.37, -109.57, -26.93, 18.74, -7.35, -125.0, -18.86, 12.61, -0.0, -123.88, -26.1, -24.11]
[-52.02, -79.97, -41.98, 9.87, -7.37, -109.57, -26.93, 18.74, -7.35, -125.0, -18.86, 12.61, -0.0, -123.88, -26.1, -24.11]
[-51.3, -80.34, -41.64, 9.87, -7.37, -109.57, -26.93, 18.74, -7.35, -125.0, -18.86, 12.61, -0.0, -123.88, -26.1, -24.11]
[-50.58, -80.71, -41.29, 9.87, -7.37, -109.57, -26.93, 18.74, -7.35, -125.0, -18.86, 12.61, -0.0, -123.88, -26.1, -24.11]
[-49.88, -81.06, -40.94, 9.87, -7.37, -109.57, -26.93, 18.74, -7.35, -125.0, -18.86, 12.61, -0.0, -123.88, -26.1, -24.11]
[-49.18, -81.4, -40.58, 9.87, -7.37, -109.57, -26.93, 18.74, -7.35, -125.0, -18.86, 12.61, -0.0, -123.88, -26.1, -24.11]
[-48.48, -81.73, -40.22, 9.87, -7.37, -109.57, -26.93, 18.74, -7.35, -125.0, -18.86, 12.61, -0.0, -123.88, -26.1, -24.11]
[-47.79, -82.06, -39.85, 9.87, -7.37, -109.57, -26.93, 18.74, -7.35, -125.0, -18.86, 12.61, -0.0, -123.88, -26.1, -24.11]
[-47.11, -82.37, -39.48, 9.87, -7.37, -109.57, -26.93, 18.74, -7.35, -125.0, -18.86, 12.61, -0.0, -123.88, -26.1, -24.11]
[-46.43, -82.67, -39.1, 9.87, -7.37, -109.57, -26.93, 18.74, -7.35, -125.0, -18.86, 12.61, -0.0, -123.88, -26.1, -24.11]
[-45.76, -82.96, -38.72, 9.87, -7.37, -109.57, -26.93, 18.74, -7.35, -125.0, -18.86, 12.61, -0.0, -123.88, -26.1, -24.11]
[-45.09, -83.24, -38.33, 9.87, -7.37, -109.57, -26.93, 18.74, -7.35, -125.0, -18.86, 12.61, -0.0, -123.88, -26.1, -24.11]
[-44.43, -83.51, -37.94, 9.87, -7.37, -109.57, -26.93, 18.74, -7.35, -125.0, -18.86, 12.61, -0.0, -123.88, -26.1, -24.11]
[-43.78, -83.77, -37.55, 9.87, -7.37, -109.57, -26.93, 18.74, -7.35, -125.0, -18.86, 12.61, -0.0, -123.88, -26.1, -24.11]
[-43.13, -84.02, -37.15, 9.87, -7.37, -109.57, -26.93, 18.74, -7.35, -125.0, -18.86, 12.61, -0.0, -123.88, -26.1, -24.11]
[-42.49, -84.25, -36.75, 9.87, -7.37, -109.57, -26.93, 18.74, -7.35, -125.0, -18.86, 12.61, -0.0, -123.88, -26.1, -24.11]
[-41.86, -84.48, -36.34, 9.87, -7.37, -109.57, -26.93, 18.74, -7.35, -125.0, -18.86, 12.61, -0.0, -123.88, -26.1, -24.11]
[-41.23, -84.7, -35.93, 9.87, -7.37, -109.57, -26.93, 18.74, -7.35, -125.0, -18.86, 12.61, -0.0, -123.88, -26.1, -24.11]
[-40.61, -84.91, -35.52, 9.87, -7.37, -109.57, -26.93, 18.74, -7.35, -125.0, -18.86, 12.61, -0.0, -123.88, -26.1, -24.11]
[-39.99, -85.11, -35.1, 9.87, -7.37, -109.57, -26.93, 18.74, -7.35, -125.0, -18.86, 12.61, -0.0, -123.88, -26.1, -24.11]
[-39.38, -85.29, -34.68, 9.87, -7.37, -109.57, -26.93, 18.74, -7.35, -125.0, -18.86, 12.61, -0.0, -123.88, -26.1, -24.11]
[-38.78, -85.47, -34.25, 9.87, -7.37, -109.57, -26.93, 18.74, -7.35, -125.0, -18.86, 12.61, -0.0, -123.88, -26.1, -24.11]
[-38.18, -85.64, -33.82, 9.87, -7.37, -109.57, -26.93, 18.74, -7.35, -125.0, -18.86, 12.61, -0.0, -123.88, -26.1, -24.11]
[-37.6, -85.8, -33.39, 9.87, -7.37, -109.57, -26.93, 18.74, -7.35, -125.0, -18.86, 12.61, -0.0, -123.88, -26.1, -24.11]
[-37.01, -85.94, -32.96, 9.87, -7.37, -109.57, -26.93, 18.74, -7.35, -125.0, -18.86, 12.61, -0.0, -123.88, -26.1, -24.11]
[-36.44, -86.08, -32.52, 9.87, -7.37, -109.57, -26.93, 18.74, -7.35, -125.0, -18.86, 12.61, -0.0, -123.88, -26.1, -24.11]
[-35.87, -86.21, -32.08, 9.87, -7.37, -109.57, -26.93, 18.74, -7.35, -125.0, -18.86, 12.61, -0.0, -123.88, -26.1, -24.11]
[-35.31, -86.32, -31.63, 9.87, -7.37, -109.57, -26.93, 18.74, -7.35, -125.0, -18.86, 12.61, -0.0, -123.88, -26.1, -24.11]
[-34.75, -86.43, -31.18, 9.87, -7.37, -109.57, -26.93, 18.74, -7.35, -125.0, -18.86, 12.61, -0.0, -123.88, -26.1, -24.11]
[-34.21, -86.53, -30.73, 9.87, -7.37, -109.57, -26.93, 18.74, -7.35, -125.0, -18.86, 12.61, -0.0, -123.88, -26.1, -24.11]
[-33.67, -86.61, -30.28, 9.87, -7.37, -109.57, -26.93, 18.74, -7.35, -125.0, -18.86, 12.61, -0.0, -123.88, -26.1, -24.11]
[-33.14, -86.69, -29.82, 9.87, -7.37, -109.57, -26.93, 18.74, -7.35, -125.0, -18.86, 12.61, -0.0, -123.88, -26.1, -24.11]
[-32.61, -86.75, -29.36, 9.87, -7.37, -109.57, -26.93, 18.74, -7.35, -125.0, -18.86, 12.61, -0.0, -123.88, -26.1, -24.11]
[-32.09, -86.81, -28.9, 9.87, -7.37, -109.57, -26.93, 18.74, -7.35, -125.0, -18.86, 12.61, -0.0, -123.88, -26.1, -24.11]
[-31.58, -86.85, -28.44, 9.87, -7.37, -109.57, -26.93, 18.74, -7.35, -125.0, -18.86, 12.61, -0.0, -123.88, -26.1, -24.11]
[-31.08, -86.89, -27.97, 9.87, -7.37, -109.57, -26.93, 18.74, -7.35, -125.0, -18.86, 12.61, -0.0, -123.88, -26.1, -24.11]
[-30.59, -86.92, -27.5, 9.87, -7.37, -109.57, -26.93, 18.74, -7.35, -125.0, -18.86, 12.61, -0.0, -123.88, -26.1, -24.11]
[-30.1, -86.93, -27.03, 9.87, -7.37, -109.57, -26.93, 18.74, -7.35, -125.0, -18.86, 12.61, -0.0, -123.88, -26.1, -24.11]
[-29.62, -86.94, -26.56, 9.87, -7.37, -109.57, -26.93, 18.74, -7.35, -125.0, -18.86, 12.61, -0.0, -123.88, -26.1, -24.11]
[-29.15, -86.93, -26.08, 9.87, -7.37, -109.57, -26.93, 18.74, -7.35, -125.0, -18.86, 12.61, -0.0, -123.88, -26.1, -24.11]
[-28.69, -86.92, -25.6, 9.87, -7.37, -109.57, -26.93, 18.74, -7.35, -125.0, -18.86, 12.61, -0.0, -123.88, -26.1, -24.11]
[-28.23, -86.89, -25.12, 9.87, -7.37, -109.57, -26.93, 18.74, -7.35, -125.0, -18.86, 12.61, -0.0, -123.88, -26.1, -24.11]
[-27.79, -86.85, -24.64, 9.87, -7.37, -109.57, -26.93, 18.74, -7.35, -125.0, -18.86, 12.61, -0.0, -123.88, -26.1, -24.11]
[-27.35, -86.81, -24.16, 9.87, -7.37, -109.57, -26.93, 18.74, -7.35, -125.0, -18.86, 12.61, -0.0, -123.88, -26.1, -24.11]
[-26.92, -86.75, -23.67, 9.87, -7.37, -109.57, -26.93, 18.74, -7.35, -125.0, -18.86, 12.61, -0.0, -123.88, -26.1, -24.11]
[-25.64, -88.34, -23.99, 9.97, -6.88, -110.09, -26.97, 18.27, -7.2, -124.98, -19.21, 12.36, -0.0, -123.99, -26.06, -23.51]
[-24.37, -89.92, -24.29, 10.06, -6.4, -110.6, -27.0, 17.8, -7.01, -124.99, -19.55, 12.12, -0.01, -124.09, -26.01, -22.92]
[-23.11, -91.47, -24.58, 10.16, -5.92, -111.11, -27.03, 17.33, -6.85, -124.98, -19.88, 11.89, -0.0, -124.2, -25.97, -22.31]
[-21.84, -93.0, -24.85, 10.27, -5.46, -111.6, -27.05, 16.86, -6.65, -124.98, -20.21, 11.66, -0.0, -124.29, -25.93, -21.71]
[-20.58, -94.53, -25.11, 10.37, -5.01, -112.07, -27.08, 16.38, -6.44, -124.99, -20.53, 11.44, -0.02, -124.38, -25.89, -21.1]
[-19.32, -96.03, -25.35, 10.47, -4.56, -112.54, -27.1, 15.9, -6.23, -124.99, -20.84, 11.23, -0.02, -124.47, -25.85, -20.48]
[-18.06, -97.52, -25.58, 10.58, -4.13, -113.0, -27.12, 15.42, -6.01, -124.99, -21.14, 11.02, -0.03, -124.55, -25.81, -19.86]
[-16.8, -99.0, -25.8, 10.69, -3.7, -113.44, -27.14, 14.94, -5.79, -124.99, -21.43, 10.82, -0.02, -124.64, -25.77, -19.24]
[-15.53, -100.47, -26.0, 10.8, -3.29, -113.87, -27.15, 14.45, -5.56, -124.99, -21.72, 10.63, -0.02, -124.71, -25.73, -18.61]
[-14.26, -101.92, -26.19, 10.91, -2.88, -114.29, -27.16, 13.96, -5.32, -124.99, -22.0, 10.44, -0.01, -124.8, -25.69, -17.98]
[-12.99, -103.37, -26.36, 11.03, -2.48, -114.69, -27.17, 13.47, -5.08, -124.98, -22.27, 10.25, -0.01, -124.87, -25.65, -17.34]
[-11.71, -104.8, -26.52, 11.14, -2.1, -115.09, -27.18, 12.97, -4.83, -124.98, -22.54, 10.07, -0.03, -124.93, -25.62, -16.7]
[-10.43, -106.23, -26.66, 11.26, -1.72, -115.47, -27.19, 12.48, -4.54, -125.0, -22.8, 9.9, -0.02, -125.0, -25.58, -16.06]
[-9.14, -107.65, -26.78, 11.38, -1.36, -115.84, -27.2, 11.98, -4.27, -124.99, -23.05, 9.73, -0.11, -125.0, -25.55, -15.41]
[-7.84, -109.06, -26.89, 11.5, -1.01, -116.2, -27.2, 11.47, -4.0, -124.98, -23.29, 9.56, -0.22, -124.98, -25.52, -14.76]
[-6.53, -110.46, -26.99, 11.62, -0.66, -116.54, -27.2, 10.97, -3.72, -124.98, -23.52, 9.4, -0.3, -124.98, -25.49, -14.11]
[-5.21, -111.86, -27.07, 11.75, -0.33, -116.87, -27.2, 10.46, -3.4, -124.99, -23.75, 9.24, -0.37, -124.98, -25.46, -13.46]
[-3.88, -113.25, -27.13, 11.88, -0.01, -117.19, -27.2, 9.96, -3.11, -124.98, -23.97, 9.09, -0.41, -125.0, -25.43, -12.8]
[-2.54, -114.63, -27.17, 12.01, -0.0, -117.29, -27.2, 9.44, -2.81, -124.97, -24.18, 8.94, -0.48, -125.0, -25.4, -12.14]
[-1.18, -116.01, -27.2, 12.14, -0.0, -117.37, -27.2, 8.93, -2.47, -124.99, -24.38, 8.79, -0.56, -124.98, -25.38, -11.47]
[-0.0, -117.26, -27.2, 12.27, -0.01, -117.44, -27.2, 8.42, -2.15, -124.98, -24.58, 8.65, -0.62, -124.97, -25.36, -10.81]
[-0.02, -117.62, -27.2, 12.41, -0.0, -117.52, -27.2, 7.9, -1.8, -125.0, -24.77, 8.51, -0.67, -124.98, -25.34, -10.14]
[-0.03, -117.98, -27.19, 12.55, -0.0, -117.6, -27.2, 7.38, -1.47, -124.98, -24.95, 8.38, -0.69, -124.99, -25.32, -9.47]
[-0.0, -118.37, -27.18, 12.69, -0.01, -117.65, -27.2, 6.86, -1.09, -125.0, -25.12, 8.24, -0.74, -124.99, -25.3, -8.8]
[-0.0, -118.73, -27.16, 12.84, -0.0, -117.73, -27.2, 6.34, -0.75, -124.99, -25.28, 8.11, -0.76, -125.0, -25.28, -8.12]
[-0.0, -119.08, -27.13, 12.98, -0.0, -117.79, -27.2, 5.82, -0.4, -124.98, -25.44, 7.99, -0.81, -124.99, -25.27, -7.45]
[-0.0, -119.44, -27.1, 13.13, -0.01, -117.83, -27.2, 5.29, -0.0, -124.99, -25.58, 7.86, -0.83, -124.99, -25.25, -6.77]
[-0.03, -119.77, -27.07, 13.29, -0.0, -117.89, -27.2, 4.77, -0.0, -124.71, -25.72, 7.74, -0.88, -124.97, -25.24, -6.09]
[-0.02, -120.12, -27.03, 13.44, -0.0, -117.94, -27.19, 4.24, -0.03, -124.41, -25.86, 7.63, -0.87, -124.99, -25.24, -5.41]
[-0.0, -120.47, -26.98, 13.6, -0.02, -117.97, -27.19, 3.71, -0.02, -124.13, -25.99, 7.51, -0.88, -125.0, -25.23, -4.74]
[-0.02, -120.8, -26.93, 13.76, -0.01, -118.02, -27.19, 3.18, -0.0, -123.85, -26.11, 7.4, -0.91, -124.99, -25.22, -4.06]
[-0.03, -121.12, -26.87, 13.93, -0.01, -118.06, -27.19, 2.65, -0.01, -123.54, -26.22, 7.29, -0.92, -124.98, -25.22, -3.38]
[-0.03, -121.44, -26.8, 14.1, -0.03, -118.08, -27.19, 2.12, -0.02, -123.23, -26.33, 7.18, -0.91, -124.99, -25.22, -2.69]
[-0.03, -121.76, -26.73, 14.27, -0.02, -118.11, -27.19, 1.59, -0.02, -122.92, -26.43, 7.07, -0.92, -124.98, -25.22, -2.01]
[-0.03, -122.08, -26.66, 14.44, -0.03, -118.13, -27.19, 1.06, -0.01, -122.62, -26.52, 6.97, -0.92, -124.98, -25.23, -1.33]
[-0.02, -122.4, -26.58, 14.62, -0.01, -118.17, -27.19, 0.52, -0.03, -122.28, -26.61, 6.87, -0.89, -124.99, -25.23, -0.65]
[-0.0, -122.71, -26.49, 14.8, -0.01, -118.19, -27.19, -0.01, -0.01, -121.97, -26.69, 6.77, -0.89, -124.98, -25.24, 0.02]
[-0.02, -123.0, -26.4, 14.99, -0.02, -118.2, -27.19, -0.54, -0.02, -121.64, -26.77, 6.67, -0.87, -124.98, -25.25, 0.7]
[-0.0, -123.32, -26.3, 15.18, -0.01, -118.22, -27.18, -1.08, -0.03, -121.3, -26.84, 6.57, -0.82, -124.99, -25.26, 1.38]
[-0.01, -123.6, -26.19, 15.37, -0.01, -118.23, -27.18, -1.61, -0.03, -120.96, -26.9, 6.48, -0.8, -124.99, -25.27, 2.06]
[-0.01, -123.89, -26.08, 15.57, -0.02, -118.23, -27.18, -2.15, -0.02, -120.63, -26.96, 6.39, -0.76, -124.99, -25.29, 2.73]
[-0.01, -124.17, -25.97, 15.77, -0.02, -118.24, -27.18, -2.69, -0.01, -120.29, -27.01, 6.3, -0.74, -124.98, -25.3, 3.41]
[-0.01, -124.45, -25.84, 15.98, -0.02, -118.23, -27.18, -3.22, -0.0, -119.95, -27.05, 6.21, -0.7, -124.98, -25.32, 4.08]
[-0.0, -124.73, -25.71, 16.19, -0.0, -118.24, -27.18, -3.76, -0.02, -119.58, -27.09, 6.12, -0.64, -124.99, -25.34, 4.75]
[-0.02, -124.98, -25.58, 16.4, -0.0, -118.24, -27.18, -4.29, -0.03, -119.22, -27.13, 6.04, -0.6, -124.98, -25.36, 5.41]
[-0.37, -124.99, -25.44, 16.62, -0.01, -118.22, -27.18, -4.83, -0.0, -118.88, -27.15, 5.96, -0.54, -124.98, -25.39, 6.08]
[-0.75, -124.97, -25.29, 16.85, -0.0, -118.21, -27.19, -5.36, -0.0, -118.51, -27.18, 5.87, -0.46, -124.99, -25.41, 6.74]
[-1.09, -124.98, -25.13, 17.08, -0.0, -118.2, -27.19, -5.9, -0.0, -118.14, -27.19, 5.79, -0.4, -124.99, -25.44, 7.4]
[-1.42, -124.99, -24.97, 17.31, -0.01, -118.17, -27.19, -6.43, -0.03, -117.75, -27.2, 5.71, -0.33, -125.0, -25.47, 8.06]
[-1.74, -124.99, -24.8, 17.55, -0.0, -118.15, -27.19, -6.96, -0.01, -117.38, -27.21, 5.64, -0.26, -124.99, -25.49, 8.72]
[-2.06, -124.99, -24.62, 17.8, -0.0, -118.12, -27.19, -7.5, -0.76, -116.45, -27.21, 5.56, -0.18, -124.99, -25.53, 9.37]
[-2.38, -124.99, -24.43, 18.05, -0.02, -118.07, -27.19, -8.03, -2.12, -115.06, -27.19, 5.49, -0.12, -124.98, -25.56, 10.02]
[-2.69, -124.99, -24.24, 18.31, -0.01, -118.04, -27.19, -8.56, -3.5, -113.64, -27.15, 5.41, -0.04, -124.97, -25.59, 10.66]
[-2.99, -124.99, -24.04, 18.57, -0.01, -118.0, -27.19, -9.09, -4.86, -112.22, -27.09, 5.34, -0.01, -124.93, -25.63, 11.3]
[-3.29, -124.98, -23.84, 18.84, -0.0, -117.97, -27.19, -9.62, -6.21, -110.8, -27.01, 5.27, -0.03, -124.84, -25.66, 11.94]
[-3.59, -124.98, -23.63, 19.12, -0.0, -117.93, -27.2, -10.15, -7.55, -109.36, -26.92, 5.2, -0.03, -124.77, -25.7, 12.58]
[-3.84, -124.99, -23.41, 19.4, -0.01, -117.87, -27.2, -10.67, -8.88, -107.92, -26.81, 5.13, -0.01, -124.7, -25.74, 13.21]
[-4.13, -124.98, -23.18, 19.69, -0.03, -117.8, -27.2, -11.2, -10.2, -106.48, -26.69, 5.06, -0.01, -124.62, -25.78, 13.83]
[-4.38, -124.99, -22.95, 19.99, -0.03, -117.75, -27.2, -11.72, -11.51, -105.02, -26.54, 5.0, -0.03, -124.53, -25.81, 14.46]
[-4.62, -125.0, -22.71, 20.29, -0.0, -117.71, -27.2, -12.24, -12.82, -103.56, -26.39, 4.93, -0.02, -124.45, -25.86, 15.08]
[-4.9, -124.98, -22.47, 20.61, -0.02, -117.62, -27.2, -12.76, -14.12, -102.09, -26.21, 4.87, -0.03, -124.35, -25.9, 15.69]
[-5.13, -124.98, -22.22, 20.93, -0.02, -117.56, -27.2, -13.28, -15.41, -100.6, -26.02, 4.81, -0.01, -124.26, -25.94, 16.3]
[-5.37, -124.98, -21.96, 21.26, -0.0, -117.51, -27.2, -13.8, -16.7, -99.11, -25.82, 4.74, -0.01, -124.17, -25.98, 16.91]
[-5.6, -124.98, -21.69, 21.6, -0.03, -117.41, -27.2, -14.31, -17.99, -97.6, -25.6, 4.68, -0.03, -124.05, -26.02, 17.51]
[-5.79, -124.99, -21.43, 21.95, -0.03, -117.33, -27.21, -14.83, -19.28, -96.08, -25.37, 4.62, -0.02, -123.95, -26.07, 18.1]
[-6.01, -124.98, -21.15, 22.3, -0.0, -117.27, -27.21, -15.34, -20.56, -94.55, -25.12, 4.56, -0.03, -123.84, -26.11, 18.69]
[-6.2, -124.99, -20.87, 22.67, -0.01, -117.19, -27.21, -15.85, -21.84, -93.0, -24.85, 4.51, -0.01, -123.74, -26.15, 19.28]
[-6.39, -125.0, -20.58, 23.05, -0.34, -116.87, -27.2, -16.36, -23.13, -91.44, -24.57, 4.45, -0.01, -123.62, -26.2, 19.86]
[-6.61, -124.98, -20.29, 23.44, -0.68, -116.52, -27.2, -16.86, -24.42, -89.86, -24.28, 4.39, -0.02, -123.5, -26.24, 20.44]
[-6.76, -125.0, -19.99, 23.83, -1.03, -116.17, -27.2, -17.37, -25.71, -88.26, -23.97, 4.34, -0.01, -123.38, -26.28, 21.01]
[-6.94, -124.99, -19.68, 24.24, -1.39, -115.81, -27.2, -17.87, -27.01, -86.64, -23.65, 4.28, -0.01, -123.26, -26.33, 21.58]
[-7.12, -124.98, -19.37, 24.67, -1.76, -115.43, -27.19, -18.37, -28.31, -85.0, -23.31, 4.23, -0.02, -123.12, -26.37, 22.14]
[-7.27, -124.99, -19.06, 25.1, -2.15, -115.04, -27.18, -18.86, -29.61, -83.34, -22.96, 4.18, -0.01, -122.99, -26.42, 22.7]
[-7.27, -124.99, -19.06, 25.1, -2.15, -115.04, -27.18, -18.86, -30.03, -83.42, -23.44, 4.43, -0.01, -122.99, -26.42, 22.7]
[-7.27, -124.99, -19.06, 25.1, -2.15, -115.04, -27.18, -18.86, -30.41, -83.51, -23.92, 4.69, -0.01, -122.99, -26.42, 22.7]
[-7.27, -124.99, -19.06, 25.1, -2.15, -115.04, -27.18, -18.86, -30.82, -83.6, -24.41, 4.95, -0.01, -122.99, -26.42, 22.7]
[-7.27, -124.99, -19.06, 25.1, -2.15, -115.04, -27.18, -18.86, -31.23, -83.66, -24.89, 5.21, -0.01, -122.99, -26.42, 22.7]
[-7.27, -124.99, -19.06, 25.1, -2.15, -115.04, -27.18, -18.86, -31.65, -83.72, -25.36, 5.47, -0.01, -122.99, -26.42, 22.7]
[-7.27, -124.99, -19.06, 25.1, -2.15, -115.04, -27.18, -18.86, -32.09, -83.76, -25.84, 5.73, -0.01, -122.99, -26.42, 22.7]
[-7.27, -124.99, -19.06, 25.1, -2.15, -115.04, -27.18, -18.86, -32.53, -83.78, -26.31, 5.99, -0.01, -122.99, -26.42, 22.7]
[-7.27, -124.99, -19.06, 25.1, -2.15, -115.04, -27.18, -18.86, -32.99, -83.79, -26.78, 6.24, -0.01, -122.99, -26.42, 22.7]
[-7.27, -124.99, -19.06, 25.1, -2.15, -115.04, -27.18, -18.86, -33.46, -83.78, -27.24, 6.5, -0.01, -122.99, -26.42, 22.7]
[-7.27, -124.99, -19.06, 25.1, -2.15, -115.04, -27.18, -18.86, -33.94, -83.76, -27.7, 6.76, -0.01, -122.99, -26.42, 22.7]
[-7.27, -124.99, -19.06, 25.1, -2.15, -115.04, -27.18, -18.86, -34.43, -83.73, -28.16, 7.02, -0.01, -122.99, -26.42, 22.7]
[-7.27, -124.99, -19.06, 25.1, -2.15, -115.04, -27.18, -18.86, -34.94, -83.68, -28.61, 7.28, -0.01, -122.99, -26.42, 22.7]
[-7.27, -124.99, -19.06, 25.1, -2.15, -115.04, -27.18, -18.86, -35.45, -83.61, -29.06, 7.54, -0.01, -122.99, -26.42, 22.7]
[-7.27, -124.99, -19.06, 25.1, -2.15, -115.04, -27.18, -18.86, -35.97, -83.54, -29.51, 7.8, -0.01, -122.99, -26.42, 22.7]
[-7.27, -124.99, -19.06, 25.1, -2.15, -115.04, -27.18, -18.86, -36.51, -83.44, -29.95, 8.06, -0.01, -122.99, -26.42, 22.7]
[-7.27, -124.99, -19.06, 25.1, -2.15, -115.04, -27.18, -18.86, -37.05, -83.33, -30.38, 8.32, -0.01, -122.99, -26.42, 22.7]
[-7.27, -124.99, -19.06, 25.1, -2.15, -115.04, -27.18, -18.86, -37.61, -83.21, -30.82, 8.57, -0.01, -122.99, -26.42, 22.7]
[-7.27, -124.99, -19.06, 25.1, -2.15, -115.04, -27.18, -18.86, -38.18, -83.07, -31.24, 8.83, -0.01, -122.99, -26.42, 22.7]
[-7.27, -124.99, -19.06, 25.1, -2.15, -115.04, -27.18, -18.86, -38.75, -82.92, -31.67, 9.09, -0.01, -122.99, -26.42, 22.7]
[-7.27, -124.99, -19.06, 25.1, -2.15, -115.04, -27.18, -18.86, -39.34, -82.75, -32.09, 9.35, -0.01, -122.99, -26.42, 22.7]
[-7.27, -124.99, -19.06, 25.1, -2.15, -115.04, -27.18, -18.86, -39.94, -82.57, -32.5, 9.61, -0.01, -122.99, -26.42, 22.7]
[-7.27, -124.99, -19.06, 25.1, -2.15, -115.04, -27.18, -18.86, -40.54, -82.37, -32.91, 9.87, -0.01, -122.99, -26.42, 22.7]
[-7.27, -124.99, -19.06, 25.1, -2.15, -115.04, -27.18, -18.86, -41.16, -82.16, -33.31, 10.13, -0.01, -122.99, -26.42, 22.7]
[-7.27, -124.99, -19.06, 25.1, -2.15, -115.04, -27.18, -18.86, -41.78, -81.93, -33.71, 10.38, -0.01, -122.99, -26.42, 22.7]
[-7.27, -124.99, -19.06, 25.1, -2.15, -115.04, -27.18, -18.86, -42.42, -81.69, -34.11, 10.64, -0.01, -122.99, -26.42, 22.7]
[-7.27, -124.99, -19.06, 25.1, -2.15, -115.04, -27.18, -18.86, -43.06, -81.44, -34.49, 10.9, -0.01, -122.99, -26.42, 22.7]
[-7.27, -124.99, -19.06, 25.1, -2.15, -115.04, -27.18, -18.86, -43.72, -81.16, -34.88, 11.16, -0.01, -122.99, -26.42, 22.7]
[-7.27, -124.99, -19.06, 25.1, -2.15, -115.04, -27.18, -18.86, -44.38, -80.88, -35.25, 11.42, -0.01, -122.99, -26.42, 22.7]
[-7.27, -124.99, -19.06, 25.1, -2.15, -115.04, -27.18, -18.86, -45.05, -80.58, -35.63, 11.67, -0.01, -122.99, -26.42, 22.7]
[-7.27, -124.99, -19.06, 25.1, -2.15, -115.04, -27.18, -18.86, -45.74, -80.26, -35.99, 11.93, -0.01, -122.99, -26.42, 22.7]
[-7.27, -124.99, -19.06, 25.1, -2.15, -115.04, -27.18, -18.86, -46.43, -79.93, -36.35, 12.19, -0.01, -122.99, -26.42, 22.7]
[-7.27, -124.99, -19.06, 25.1, -2.15, -115.04, -27.18, -18.86, -47.13, -79.58, -36.7, 12.45, -0.01, -122.99, -26.42, 22.7]
[-7.27, -124.99, -19.06, 25.1, -2.15, -115.04, -27.18, -18.86, -47.84, -79.22, -37.05, 12.7, -0.01, -122.99, -26.42, 22.7]
[-7.27, -124.99, -19.06, 25.1, -2.15, -115.04, -27.18, -18.86, -48.55, -78.84, -37.39, 12.96, -0.01, -122.99, -26.42, 22.7]
[-7.27, -124.99, -19.06, 25.1, -2.15, -115.04, -27.18, -18.86, -49.28, -78.45, -37.72, 13.22, -0.01, -122.99, -26.42, 22.7]
[-7.27, -124.99, -19.06, 25.1, -2.15, -115.04, -27.18, -18.86, -50.01, -78.04, -38.05, 13.47, -0.01, -122.99, -26.42, 22.7]
[-7.27, -124.99, -19.06, 25.1, -2.15, -115.04, -27.18, -18.86, -50.76, -77.61, -38.37, 13.73, -0.01, -122.99, -26.42, 22.7]
[-7.27, -124.99, -19.06, 25.1, -2.15, -115.04, -27.18, -18.86, -51.51, -77.17, -38.68, 13.98, -0.01, -122.99, -26.42, 22.7]
[-7.27, -124.99, -19.06, 25.1, -2.15, -115.04, -27.18, -18.86, -52.27, -76.72, -38.98, 14.24, -0.01, -122.99, -26.42, 22.7]
[-7.27, -124.99, -19.06, 25.1, -2.15, -115.04, -27.18, -18.86, -53.04, -76.25, -39.28, 14.49, -0.01, -122.99, -26.42, 22.7]
[-7.27, -124.99, -19.06, 25.1, -2.15, -115.04, -27.18, -18.86, -53.82, -75.76, -39.57, 14.75, -0.01, -122.99, -26.42, 22.7]
[-7.27, -124.99, -19.06, 25.1, -2.15, -115.04, -27.18, -18.86, -54.61, -75.25, -39.86, 15.0, -0.01, -122.99, -26.42, 22.7]
[-7.27, -124.99, -19.06, 25.1, -2.15, -115.04, -27.18, -18.86, -55.4, -74.73, -40.13, 15.26, -0.01, -122.99, -26.42, 22.7]
[-7.27, -124.99, -19.06, 25.1, -2.15, -115.04, -27.18, -18.86, -56.2, -74.2, -40.4, 15.51, -0.01, -122.99, -26.42, 22.7]
[-7.27, -124.99, -19.06, 25.1, -2.15, -115.04, -27.18, -18.86, -57.02, -73.64, -40.66, 15.77, -0.01, -122.99, -26.42, 22.7]
[-7.27, -124.99, -19.06, 25.1, -2.15, -115.04, -27.18, -18.86, -57.84, -73.07, -40.91, 16.02, -0.01, -122.99, -26.42, 22.7]
[-7.27, -124.99, -19.06, 25.1, -2.15, -115.04, -27.18, -18.86, -58.67, -72.49, -41.15, 16.27, -0.01, -122.99, -26.42, 22.7]
[-7.27, -124.99, -19.06, 25.1, -2.15, -115.04, -27.18, -18.86, -59.51, -71.88, -41.38, 16.53, -0.01, -122.99, -26.42, 22.7]
[-7.27, -124.99, -19.06, 25.1, -2.15, -115.04, -27.18, -18.86, -60.35, -71.26, -41.61, 16.78, -0.01, -122.99, -26.42, 22.7]
[-7.27, -124.99, -19.06, 25.1, -2.15, -115.04, -27.18, -18.86, -61.21, -70.62, -41.82, 17.03, -0.01, -122.99, -26.42, 22.7]
[-7.27, -124.99, -19.06, 25.1, -2.15, -115.04, -27.18, -18.86, -62.08, -69.96, -42.03, 17.28, -0.01, -122.99, -26.42, 22.7]
[-7.27, -124.99, -19.06, 25.1, -2.15, -115.04, -27.18, -18.86, -62.95, -69.28, -42.23, 17.53, -0.01, -122.99, -26.42, 22.7]
[-7.27, -124.99, -19.06, 25.1, -2.15, -115.04, -27.18, -18.86, -63.83, -68.59, -42.42, 17.78, -0.01, -122.99, -26.42, 22.7]
[-7.27, -124.99, -19.06, 25.1, -2.15, -115.04, -27.18, -18.86, -64.73, -67.87, -42.6, 18.03, -0.01, -122.99, -26.42, 22.7]
[-7.27, -124.99, -19.06, 25.1, -2.15, -115.04, -27.18, -18.86, -65.63, -67.14, -42.76, 18.28, -0.01, -122.99, -26.42, 22.7]
[-7.27, -124.99, -19.06, 25.1, -2.15, -115.04, -27.18, -18.86, -66.51, -66.42, -42.94, 18.53, -0.01, -122.99, -26.42, 22.7]
[-7.27, -124.99, -19.06, 25.1, -2.15, -115.04, -27.18, -18.86, -67.44, -65.64, -43.09, 18.78, -0.01, -122.99, -26.42, 22.7]
[-7.27, -124.99, -19.06, 25.1, -2.15, -115.04, -27.18, -18.86, -68.37, -64.85, -43.22, 19.03, -0.01, -122.99, -26.42, 22.7]
[-7.27, -124.99, -19.06, 25.1, -2.15, -115.04, -27.18, -18.86, -69.32, -64.03, -43.35, 19.28, -0.01, -122.99, -26.42, 22.7]
[-7.27, -124.99, -19.06, 25.1, -2.15, -115.04, -27.18, -18.86, -70.27, -63.19, -43.47, 19.53, -0.01, -122.99, -26.42, 22.7]
[-7.27, -124.98, -19.07, 25.08, -2.15, -115.04, -27.18, -18.85, -70.28, -63.2, -43.47, 19.54, -0.02, -122.99, -26.41, 22.69]
[-7.27, -124.98, -19.07, 25.08, -2.15, -115.04, -27.18, -18.85, -69.46, -63.8, -43.26, 19.54, -0.02, -122.99, -26.41, 22.69]
[-7.27, -124.98, -19.07, 25.08, -2.15, -115.04, -27.18, -18.85, -68.65, -64.39, -43.04, 19.54, -0.02, -122.99, -26.41, 22.69]
[-7.27, -124.98, -19.07, 25.08, -2.15, -115.04, -27.18, -18.85, -67.86, -64.97, -42.82, 19.54, -0.02, -122.99, -26.41, 22.69]
[-7.27, -124.98, -19.07, 25.08, -2.15, -115.04, -27.18, -18.85, -67.06, -65.53, -42.59, 19.54, -0.02, -122.99, -26.41, 22.69]
[-7.27, -124.98, -19.07, 25.08, -2.15, -115.04, -27.18, -18.85, -66.28, -66.08, -42.35, 19.54, -0.02, -122.99, -26.41, 22.69]
[-7.27, -124.98, -19.07, 25.08, -2.15, -115.04, -27.18, -18.85, -65.5, -66.62, -42.11, 19.54, -0.02, -122.99, -26.41, 22.69]
[-7.27, -124.98, -19.07, 25.08, -2.15, -115.04, -27.18, -18.85, -64.73, -67.14, -41.86, 19.54, -0.02, -122.99, -26.41, 22.69]
[-7.27, -124.98, -19.07, 25.08, -2.15, -115.04, -27.18, -18.85, -63.96, -67.65, -41.6, 19.54, -0.02, -122.99, -26.41, 22.69]
[-7.27, -124.98, -19.07, 25.08, -2.15, -115.04, -27.18, -18.85, -63.2, -68.14, -41.34, 19.54, -0.02, -122.99, -26.41, 22.69]
[-7.27, -124.98, -19.07, 25.08, -2.15, -115.04, -27.18, -18.85, -62.45, -68.63, -41.07, 19.54, -0.02, -122.99, -26.41, 22.69]
[-7.27, -124.98, -19.07, 25.08, -2.15, -115.04, -27.18, -18.85, -61.71, -69.1, -40.8, 19.54, -0.02, -122.99, -26.41, 22.69]
[-7.27, -124.98, -19.07, 25.08, -2.15, -115.04, -27.18, -18.85, -60.97, -69.56, -40.52, 19.54, -0.02, -122.99, -26.41, 22.69]
[-7.27, -124.98, -19.07, 25.08, -2.15, -115.04, -27.18, -18.85, -60.23, -70.0, -40.23, 19.54, -0.02, -122.99, -26.41, 22.69]
[-7.27, -124.98, -19.07, 25.08, -2.15, -115.04, -27.18, -18.85, -59.51, -70.44, -39.94, 19.54, -0.02, -122.99, -26.41, 22.69]
[-7.27, -124.98, -19.07, 25.08, -2.15, -115.04, -27.18, -18.85, -58.79, -70.86, -39.65, 19.54, -0.02, -122.99, -26.41, 22.69]
[-7.27, -124.98, -19.07, 25.08, -2.15, -115.04, -27.18, -18.85, -58.08, -71.27, -39.34, 19.54, -0.02, -122.99, -26.41, 22.69]
[-7.27, -124.98, -19.07, 25.08, -2.15, -115.04, -27.18, -18.85, -57.37, -71.67, -39.04, 19.54, -0.02, -122.99, -26.41, 22.69]
[-7.27, -124.98, -19.07, 25.08, -2.15, -115.04, -27.18, -18.85, -56.67, -72.06, -38.72, 19.54, -0.02, -122.99, -26.41, 22.69]
[-7.27, -124.98, -19.07, 25.08, -2.15, -115.04, -27.18, -18.85, -55.97, -72.44, -38.41, 19.54, -0.02, -122.99, -26.41, 22.69]
[-7.27, -124.98, -19.07, 25.08, -2.15, -115.04, -27.18, -18.85, -55.28, -72.8, -38.08, 19.54, -0.02, -122.99, -26.41, 22.69]
[-7.27, -124.98, -19.07, 25.08, -2.15, -115.04, -27.18, -18.85, -54.6, -73.16, -37.76, 19.54, -0.02, -122.99, -26.41, 22.69]
[-7.27, -124.98, -19.07, 25.08, -2.15, -115.04, -27.18, -18.85, -53.93, -73.5, -37.42, 19.54, -0.02, -122.99, -26.41, 22.69]
[-7.27, -124.98, -19.07, 25.08, -2.15, -115.04, -27.18, -18.85, -53.26, -73.83, -37.09, 19.54, -0.02, -122.99, -26.41, 22.69]
[-7.27, -124.98, -19.07, 25.08, -2.15, -115.04, -27.18, -18.85, -52.6, -74.15, -36.74, 19.54, -0.02, -122.99, -26.41, 22.69]
[-7.27, -124.98, -19.07, 25.08, -2.15, -115.04, -27.18, -18.85, -51.94, -74.46, -36.4, 19.54, -0.02, -122.99, -26.41, 22.69]
[-7.27, -124.98, -19.07, 25.08, -2.15, -115.04, -27.18, -18.85, -51.29, -74.76, -36.05, 19.54, -0.02, -122.99, -26.41, 22.69]
[-7.27, -124.98, -19.07, 25.08, -2.15, -115.04, -27.18, -18.85, -50.64, -75.05, -35.69, 19.54, -0.02, -122.99, -26.41, 22.69]
[-7.27, -124.98, -19.07, 25.08, -2.15, -115.04, -27.18, -18.85, -50.01, -75.33, -35.33, 19.54, -0.02, -122.99, -26.41, 22.69]
[-7.27, -124.98, -19.07, 25.08, -2.15, -115.04, -27.18, -18.85, -49.38, -75.59, -34.96, 19.54, -0.02, -122.99, -26.41, 22.69]
[-7.27, -124.98, -19.07, 25.08, -2.15, -115.04, -27.18, -18.85, -48.75, -75.85, -34.6, 19.54, -0.02, -122.99, -26.41, 22.69]
[-7.27, -124.98, -19.07, 25.08, -2.15, -115.04, -27.18, -18.85, -48.13, -76.09, -34.22, 19.54, -0.02, -122.99, -26.41, 22.69]
[-7.27, -124.98, -19.07, 25.08, -2.15, -115.04, -27.18, -18.85, -47.52, -76.33, -33.84, 19.54, -0.02, -122.99, -26.41, 22.69]
[-7.27, -124.98, -19.07, 25.08, -2.15, -115.04, -27.18, -18.85, -46.92, -76.55, -33.46, 19.54, -0.02, -122.99, -26.41, 22.69]
[-7.27, -124.98, -19.07, 25.08, -2.15, -115.04, -27.18, -18.85, -46.32, -76.76, -33.08, 19.54, -0.02, -122.99, -26.41, 22.69]
[-7.27, -124.98, -19.07, 25.08, -2.15, -115.04, -27.18, -18.85, -45.73, -76.97, -32.69, 19.54, -0.02, -122.99, -26.41, 22.69]
[-7.27, -124.98, -19.07, 25.08, -2.15, -115.04, -27.18, -18.85, -45.14, -77.16, -32.3, 19.54, -0.02, -122.99, -26.41, 22.69]
[-7.27, -124.98, -19.07, 25.08, -2.15, -115.04, -27.18, -18.85, -44.56, -77.34, -31.9, 19.54, -0.02, -122.99, -26.41, 22.69]
[-7.27, -124.98, -19.07, 25.08, -2.15, -115.04, -27.18, -18.85, -43.99, -77.51, -31.5, 19.54, -0.02, -122.99, -26.41, 22.69]
[-7.27, -124.98, -19.07, 25.08, -2.15, -115.04, -27.18, -18.85, -43.43, -77.67, -31.1, 19.54, -0.02, -122.99, -26.41, 22.69]
[-7.27, -124.98, -19.07, 25.08, -2.15, -115.04, -27.18, -18.85, -42.87, -77.82, -30.69, 19.54, -0.02, -122.99, -26.41, 22.69]
[-7.27, -124.98, -19.07, 25.08, -2.15, -115.04, -27.18, -18.85, -42.32, -77.96, -30.28, 19.54, -0.02, -122.99, -26.41, 22.69]
[-7.27, -124.98, -19.07, 25.08, -2.15, -115.04, -27.18, -18.85, -41.78, -78.09, -29.86, 19.54, -0.02, -122.99, -26.41, 22.69]
[-7.27, -124.98, -19.07, 25.08, -2.15, -115.04, -27.18, -18.85, -41.24, -78.21, -29.45, 19.54, -0.02, -122.99, -26.41, 22.69]
[-7.27, -124.98, -19.07, 25.08, -2.15, -115.04, -27.18, -18.85, -40.71, -78.32, -29.02, 19.54, -0.02, -122.99, -26.41, 22.69]
[-7.27, -124.98, -19.07, 25.08, -2.15, -115.04, -27.18, -18.85, -40.19, -78.42, -28.6, 19.54, -0.02, -122.99, -26.41, 22.69]
[-7.27, -124.98, -19.07, 25.08, -2.15, -115.04, -27.18, -18.85, -39.67, -78.5, -28.17, 19.54, -0.02, -122.99, -26.41, 22.69]
[-7.27, -124.98, -19.07, 25.08, -2.15, -115.04, -27.18, -18.85, -39.17, -78.58, -27.74, 19.54, -0.02, -122.99, -26.41, 22.69]
[-7.27, -124.98, -19.07, 25.08, -2.15, -115.04, -27.18, -18.85, -38.67, -78.65, -27.31, 19.54, -0.02, -122.99, -26.41, 22.69]
[-7.27, -124.98, -19.07, 25.08, -2.15, -115.04, -27.18, -18.85, -38.17, -78.7, -26.87, 19.54, -0.02, -122.99, -26.41, 22.69]
[-7.27, -124.98, -19.07, 25.08, -2.15, -115.04, -27.18, -18.85, -37.69, -78.75, -26.44, 19.54, -0.02, -122.99, -26.41, 22.69]
[-7.27, -124.98, -19.07, 25.08, -2.15, -115.04, -27.18, -18.85, -37.21, -78.79, -25.99, 19.54, -0.02, -122.99, -26.41, 22.69]
[-7.27, -124.98, -19.07, 25.08, -2.15, -115.04, -27.18, -18.85, -36.74, -78.81, -25.55, 19.54, -0.02, -122.99, -26.41, 22.69]
[-7.27, -124.98, -19.07, 25.08, -2.15, -115.04, -27.18, -18.85, -36.28, -78.83, -25.1, 19.54, -0.02, -122.99, -26.41, 22.69]
[-7.27, -124.98, -19.07, 25.08, -2.15, -115.04, -27.18, -18.85, -35.82, -78.83, -24.65, 19.54, -0.02, -122.99, -26.41, 22.69]
[-7.27, -124.98, -19.07, 25.08, -2.15, -115.04, -27.18, -18.85, -35.38, -78.83, -24.2, 19.54, -0.02, -122.99, -26.41, 22.69]
[-7.27, -124.98, -19.07, 25.08, -2.15, -115.04, -27.18, -18.85, -34.94, -78.81, -23.75, 19.54, -0.02, -122.99, -26.41, 22.69]
[-7.27, -124.98, -19.07, 25.08, -2.15, -115.04, -27.18, -18.85, -34.5, -78.79, -23.29, 19.54, -0.02, -122.99, -26.41, 22.69]
[-7.27, -124.98, -19.07, 25.08, -2.15, -115.04, -27.18, -18.85, -34.08, -78.75, -22.83, 19.54, -0.02, -122.99, -26.41, 22.69]
[-7.27, -124.98, -19.07, 25.08, -2.15, -115.04, -27.18, -18.85, -33.67, -78.71, -22.37, 19.54, -0.02, -122.99, -26.41, 22.69]
[-7.27, -124.98, -19.07, 25.08, -2.15, -115.04, -27.18, -18.85, -33.26, -78.65, -21.9, 19.54, -0.02, -122.99, -26.41, 22.69]
[-7.25, -124.98, -19.12, 24.39, -2.75, -114.42, -27.17, -18.53, -32.97, -79.02, -21.99, 19.84, -0.01, -123.22, -26.34, 22.58]
[-7.2, -125.0, -19.18, 23.71, -3.35, -113.81, -27.15, -18.22, -32.69, -79.39, -22.07, 20.15, -0.0, -123.46, -26.26, 22.47]
[-7.2, -124.98, -19.24, 23.03, -3.95, -113.18, -27.13, -17.91, -32.41, -79.75, -22.16, 20.45, -0.03, -123.66, -26.18, 22.35]
[-7.14, -124.99, -19.3, 22.35, -4.55, -112.55, -27.1, -17.6, -32.14, -80.1, -22.24, 20.76, -0.01, -123.89, -26.09, 22.24]
[-7.1, -125.0, -19.36, 21.67, -5.16, -111.91, -27.07, -17.3, -31.88, -80.44, -22.31, 21.07, -0.03, -124.1, -26.01, 22.13]
[-7.08, -124.99, -19.43, 21.01, -5.77, -111.27, -27.04, -17.0, -31.62, -80.77, -22.39, 21.38, -0.0, -124.33, -25.91, 22.01]
[-7.03, -125.0, -19.5, 20.34, -6.38, -110.62, -27.0, -16.7, -31.37, -81.1, -22.46, 21.69, -0.02, -124.53, -25.82, 21.89]
[-7.0, -124.99, -19.57, 19.68, -6.99, -109.97, -26.96, -16.4, -31.12, -81.42, -22.53, 22.0, -0.02, -124.73, -25.72, 21.77]
[-6.98, -124.98, -19.65, 19.02, -7.61, -109.31, -26.91, -16.1, -30.88, -81.73, -22.6, 22.31, -0.03, -124.94, -25.61, 21.64]
[-6.93, -124.98, -19.72, 18.37, -8.22, -108.65, -26.87, -15.81, -30.64, -82.03, -22.67, 22.63, -0.25, -124.98, -25.51, 21.52]
[-6.87, -124.99, -19.81, 17.72, -8.84, -107.98, -26.81, -15.52, -30.41, -82.33, -22.74, 22.94, -0.5, -124.99, -25.4, 21.39]
[-6.82, -125.0, -19.89, 17.08, -9.46, -107.3, -26.76, -15.23, -30.19, -82.62, -22.8, 23.25, -0.79, -124.98, -25.28, 21.26]
[-6.78, -124.99, -19.97, 16.44, -10.08, -106.62, -26.7, -14.95, -29.97, -82.9, -22.86, 23.57, -1.03, -125.0, -25.16, 21.13]
[-6.72, -124.99, -20.06, 15.81, -10.7, -105.93, -26.63, -14.66, -29.75, -83.17, -22.92, 23.89, -1.31, -124.98, -25.04, 21.0]
[-6.67, -124.99, -20.15, 15.18, -11.33, -105.24, -26.56, -14.38, -29.55, -83.44, -22.98, 24.2, -1.55, -125.0, -24.91, 20.86]
[-6.64, -124.98, -20.24, 14.56, -11.96, -104.54, -26.49, -14.1, -29.34, -83.7, -23.03, 24.52, -1.82, -124.98, -24.78, 20.72]
[-6.58, -124.98, -20.33, 13.94, -12.59, -103.83, -26.41, -13.82, -29.15, -83.95, -23.09, 24.84, -2.05, -124.99, -24.64, 20.58]
[-6.5, -124.99, -20.42, 13.33, -13.22, -103.12, -26.33, -13.55, -28.95, -84.19, -23.14, 25.16, -2.32, -124.98, -24.5, 20.44]
[-6.46, -124.97, -20.52, 12.73, -13.85, -102.4, -26.25, -13.28, -28.77, -84.43, -23.19, 25.48, -2.54, -124.99, -24.35, 20.29]
[-6.37, -125.0, -20.62, 12.13, -14.49, -101.67, -26.16, -13.01, -28.59, -84.66, -23.24, 25.8, -2.8, -124.97, -24.2, 20.14]
[-6.32, -124.98, -20.72, 11.53, -15.13, -100.94, -26.06, -12.74, -28.41, -84.88, -23.29, 26.12, -3.01, -124.98, -24.05, 19.99]
[-6.25, -124.99, -20.82, 10.94, -15.77, -100.2, -25.97, -12.47, -28.24, -85.09, -23.33, 26.44, -3.23, -124.99, -23.89, 19.83]
[-6.19, -124.98, -20.92, 10.36, -16.41, -99.46, -25.86, -12.21, -28.08, -85.3, -23.37, 26.76, -3.47, -124.98, -23.73, 19.68]
[-6.1, -124.99, -21.02, 9.78, -17.06, -98.7, -25.76, -11.95, -27.92, -85.5, -23.42, 27.09, -3.68, -124.98, -23.57, 19.52]
[-6.02, -124.99, -21.12, 9.21, -17.7, -97.95, -25.65, -11.69, -27.77, -85.69, -23.46, 27.41, -3.88, -124.99, -23.4, 19.35]
[-5.96, -124.98, -21.23, 8.64, -18.36, -97.18, -25.53, -11.43, -27.62, -85.88, -23.49, 27.73, -4.08, -125.0, -23.22, 19.18]
[-5.87, -124.99, -21.34, 8.08, -19.01, -96.41, -25.41, -11.17, -27.48, -86.06, -23.53, 28.06, -4.31, -124.98, -23.04, 19.01]
[-5.78, -124.99, -21.44, 7.53, -19.67, -95.63, -25.29, -10.92, -27.34, -86.23, -23.57, 28.38, -4.51, -124.98, -22.86, 18.84]
[-5.71, -124.98, -21.55, 6.98, -20.33, -94.84, -25.16, -10.67, -27.21, -86.39, -23.6, 28.71, -4.7, -124.99, -22.67, 18.66]
[-5.61, -124.99, -21.66, 6.44, -20.99, -94.04, -25.03, -10.42, -27.08, -86.55, -23.63, 29.04, -4.88, -124.99, -22.48, 18.48]
[-5.52, -124.98, -21.77, 5.9, -21.65, -93.24, -24.89, -10.17, -26.96, -86.7, -23.66, 29.36, -5.07, -124.99, -22.29, 18.3]
[-5.44, -124.97, -21.88, 5.37, -22.32, -92.43, -24.75, -9.93, -26.85, -86.85, -23.69, 29.69, -5.25, -124.99, -22.09, 18.11]
[-5.33, -124.98, -21.99, 4.84, -22.99, -91.61, -24.6, -9.68, -26.74, -86.98, -23.72, 30.02, -5.43, -124.99, -21.89, 17.92]
[-5.23, -124.98, -22.1, 4.32, -23.67, -90.78, -24.45, -9.44, -26.64, -87.11, -23.74, 30.34, -5.6, -124.99, -21.68, 17.73]
[-5.14, -124.98, -22.21, 3.81, -24.35, -89.95, -24.3, -9.2, -26.54, -87.23, -23.77, 30.67, -5.77, -124.99, -21.47, 17.53]
[-5.03, -124.99, -22.32, 3.3, -25.03, -89.1, -24.13, -8.97, -26.45, -87.35, -23.79, 31.0, -5.94, -124.99, -21.26, 17.32]
[-4.91, -124.99, -22.43, 2.8, -25.72, -88.25, -23.97, -8.73, -26.36, -87.45, -23.81, 31.33, -6.11, -124.98, -21.04, 17.11]
[-4.81, -124.98, -22.55, 2.3, -26.41, -87.39, -23.8, -8.5, -26.28, -87.56, -23.83, 31.66, -6.27, -124.98, -20.82, 16.9]
[-4.68, -125.0, -22.66, 1.81, -27.11, -86.52, -23.62, -8.27, -26.21, -87.65, -23.85, 31.99, -6.4, -124.99, -20.6, 16.69]
[-4.59, -124.98, -22.77, 1.33, -27.81, -85.64, -23.44, -8.04, -26.14, -87.74, -23.87, 32.32, -6.56, -124.98, -20.37, 16.46]
[-4.47, -124.98, -22.88, 0.85, -28.51, -84.75, -23.26, -7.81, -26.08, -87.81, -23.89, 32.65, -6.69, -125.0, -20.14, 16.24]
[-4.32, -125.0, -22.99, 0.37, -29.22, -83.85, -23.06, -7.58, -26.02, -87.89, -23.9, 32.98, -6.84, -124.99, -19.9, 16.01]
[-4.22, -124.98, -23.1, -0.1, -29.93, -82.94, -22.87, -7.36, -25.96, -87.95, -23.91, 33.31, -6.96, -125.0, -19.66, 15.77]
[-4.09, -124.99, -23.21, -0.56, -30.65, -82.02, -22.67, -7.14, -25.92, -88.01, -23.92, 33.64, -7.11, -124.98, -19.42, 15.53]
[-3.96, -124.98, -23.32, -1.02, -31.37, -81.09, -22.46, -6.92, -25.88, -88.06, -23.93, 33.97, -7.23, -124.99, -19.17, 15.28]
[-3.84, -124.98, -23.43, -1.47, -32.1, -80.14, -22.24, -6.7, -25.84, -88.11, -23.94, 34.3, -7.34, -124.99, -18.92, 15.03]
[-3.68, -124.99, -23.54, -1.91, -32.84, -79.19, -22.02, -6.48, -25.81, -88.14, -23.95, 34.64, -7.46, -125.0, -18.67, 14.77]
[-3.54, -124.99, -23.65, -2.35, -33.58, -78.22, -21.8, -6.27, -25.79, -88.17, -23.96, 34.97, -7.57, -125.0, -18.41, 14.5]
[-3.4, -124.99, -23.76, -2.79, -34.33, -77.24, -21.57, -6.05, -25.77, -88.2, -23.96, 35.3, -7.68, -125.0, -18.15, 14.23]
[-3.26, -124.98, -23.86, -3.22, -35.08, -76.25, -21.33, -5.84, -25.76, -88.21, -23.96, 35.63, -7.79, -124.99, -17.88, 13.95]
[-3.09, -125.0, -23.97, -3.65, -35.85, -75.24, -21.09, -5.63, -25.75, -88.22, -23.97, 35.96, -7.9, -124.99, -17.62, 13.67]
[-2.97, -124.98, -24.07, -4.07, -36.61, -74.23, -20.84, -5.42, -25.75, -88.22, -23.97, 36.29, -8.01, -124.98, -17.34, 13.37]
[-2.81, -124.98, -24.18, -4.48, -37.39, -73.19, -20.58, -5.22, -25.75, -88.22, -23.97, 36.63, -8.08, -124.99, -17.07, 13.07]
[-2.81, -124.98, -24.18, -4.48, -37.6, -73.49, -21.09, -4.97, -25.75, -88.22, -23.97, 36.63, -8.08, -124.99, -17.07, 13.07]
[-2.81, -124.98, -24.18, -4.48, -37.83, -73.77, -21.6, -4.73, -25.75, -88.22, -23.97, 36.63, -8.08, -124.99, -17.07, 13.07]
[-2.81, -124.98, -24.18, -4.48, -38.07, -74.04, -22.11, -4.49, -25.75, -88.22, -23.97, 36.63, -8.08, -124.99, -17.07, 13.07]
[-2.81, -124.98, -24.18, -4.48, -38.32, -74.29, -22.61, -4.25, -25.75, -88.22, -23.97, 36.63, -8.08, -124.99, -17.07, 13.07]
[-2.81, -124.98, -24.18, -4.48, -38.59, -74.53, -23.11, -4.0, -25.75, -88.22, -23.97, 36.63, -8.08, -124.99, -17.07, 13.07]
[-2.81, -124.98, -24.18, -4.48, -38.86, -74.75, -23.61, -3.76, -25.75, -88.22, -23.97, 36.63, -8.08, -124.99, -17.07, 13.07]
[-2.81, -124.98, -24.18, -4.48, -39.15, -74.96, -24.1, -3.52, -25.75, -88.22, -23.97, 36.63, -8.08, -124.99, -17.07, 13.07]
[-2.81, -124.98, -24.18, -4.48, -39.45, -75.15, -24.6, -3.27, -25.75, -88.22, -23.97, 36.63, -8.08, -124.99, -17.07, 13.07]
[-2.81, -124.98, -24.18, -4.48, -39.77, -75.32, -25.08, -3.03, -25.75, -88.22, -23.97, 36.63, -8.08, -124.99, -17.07, 13.07]
[-2.81, -124.98, -24.18, -4.48, -40.09, -75.48, -25.57, -2.78, -25.75, -88.22, -23.97, 36.63, -8.08, -124.99, -17.07, 13.07]
[-2.81, -124.98, -24.18, -4.48, -40.43, -75.62, -26.05, -2.54, -25.75, -88.22, -23.97, 36.63, -8.08, -124.99, -17.07, 13.07]
[-2.81, -124.98, -24.18, -4.48, -40.78, -75.75, -26.53, -2.29, -25.75, -88.22, -23.97, 36.63, -8.08, -124.99, -17.07, 13.07]
[-2.81, -124.98, -24.18, -4.48, -41.14, -75.86, -27.0, -2.04, -25.75, -88.22, -23.97, 36.63, -8.08, -124.99, -17.07, 13.07]
[-2.81, -124.98, -24.18, -4.48, -41.51, -75.96, -27.47, -1.8, -25.75, -88.22, -23.97, 36.63, -8.08, -124.99, -17.07, 13.07]
[-2.81, -124.98, -24.18, -4.48, -41.9, -76.05, -27.94, -1.55, -25.75, -88.22, -23.97, 36.63, -8.08, -124.99, -17.07, 13.07]
[-2.81, -124.98, -24.18, -4.48, -42.29, -76.11, -28.41, -1.3, -25.75, -88.22, -23.97, 36.63, -8.08, -124.99, -17.07, 13.07]
[-2.81, -124.98, -24.18, -4.48, -42.7, -76.17, -28.87, -1.06, -25.75, -88.22, -23.97, 36.63, -8.08, -124.99, -17.07, 13.07]
[-2.81, -124.98, -24.18, -4.48, -43.12, -76.2, -29.32, -0.81, -25.75, -88.22, -23.97, 36.63, -8.08, -124.99, -17.07, 13.07]
[-2.81, -124.98, -24.18, -4.48, -43.55, -76.23, -29.78, -0.56, -25.75, -88.22, -23.97, 36.63, -8.08, -124.99, -17.07, 13.07]
[-2.81, -124.98, -24.18, -4.48, -43.99, -76.23, -30.22, -0.31, -25.75, -88.22, -23.97, 36.63, -8.08, -124.99, -17.07, 13.07]
[-2.81, -124.98, -24.18, -4.48, -44.45, -76.23, -30.67, -0.06, -25.75, -88.22, -23.97, 36.63, -8.08, -124.99, -17.07, 13.07]
[-2.81, -124.98, -24.18, -4.48, -44.91, -76.2, -31.11, 0.19, -25.75, -88.22, -23.97, 36.63, -8.08, -124.99, -17.07, 13.07]
[-2.81, -124.98, -24.18, -4.48, -45.38, -76.16, -31.55, 0.44, -25.75, -88.22, -23.97, 36.63, -8.08, -124.99, -17.07, 13.07]
[-2.81, -124.98, -24.18, -4.48, -45.87, -76.11, -31.98, 0.69, -25.75, -88.22, -23.97, 36.63, -8.08, -124.99, -17.07, 13.07]
[-2.81, -124.98, -24.18, -4.48, -46.36, -76.04, -32.4, 0.94, -25.75, -88.22, -23.97, 36.63, -8.08, -124.99, -17.07, 13.07]
[-2.81, -124.98, -24.18, -4.48, -46.87, -75.96, -32.83, 1.19, -25.75, -88.22, -23.97, 36.63, -8.08, -124.99, -17.07, 13.07]
[-2.81, -124.98, -24.18, -4.48, -47.39, -75.86, -33.25, 1.44, -25.75, -88.22, -23.97, 36.63, -8.08, -124.99, -17.07, 13.07]
[-2.81, -124.98, -24.18, -4.48, -47.92, -75.75, -33.66, 1.69, -25.75, -88.22, -23.97, 36.63, -8.08, -124.99, -17.07, 13.07]
[-2.81, -124.98, -24.18, -4.48, -48.45, -75.62, -34.07, 1.94, -25.75, -88.22, -23.97, 36.63, -8.08, -124.99, -17.07, 13.07]
[-2.81, -124.98, -24.18, -4.48, -49.0, -75.47, -34.47, 2.19, -25.75, -88.22, -23.97, 36.63, -8.08, -124.99, -17.07, 13.07]
[-2.81, -124.98, -24.18, -4.48, -49.56, -75.31, -34.87, 2.44, -25.75, -88.22, -23.97, 36.63, -8.08, -124.99, -17.07, 13.07]
[-2.81, -124.98, -24.18, -4.48, -50.13, -75.14, -35.27, 2.69, -25.75, -88.22, -23.97, 36.63, -8.08, -124.99, -17.07, 13.07]
[-2.81, -124.98, -24.18, -4.48, -50.71, -74.95, -35.65, 2.95, -25.75, -88.22, -23.97, 36.63, -8.08, -124.99, -17.07, 13.07]
[-2.81, -124.98, -24.18, -4.48, -51.3, -74.74, -36.04, 3.2, -25.75, -88.22, -23.97, 36.63, -8.08, -124.99, -17.07, 13.07]
[-2.81, -124.98, -24.18, -4.48, -51.89, -74.52, -36.41, 3.45, -25.75, -88.22, -23.97, 36.63, -8.08, -124.99, -17.07, 13.07]
[-2.81, -124.98, -24.18, -4.48, -52.5, -74.29, -36.79, 3.7, -25.75, -88.22, -23.97, 36.63, -8.08, -124.99, -17.07, 13.07]
[-2.81, -124.98, -24.18, -4.48, -53.12, -74.03, -37.15, 3.96, -25.75, -88.22, -23.97, 36.63, -8.08, -124.99, -17.07, 13.07]
[-2.81, -124.98, -24.18, -4.48, -53.75, -73.77, -37.51, 4.21, -25.75, -88.22, -23.97, 36.63, -8.08, -124.99, -17.07, 13.07]
[-2.81, -124.98, -24.18, -4.48, -54.39, -73.48, -37.87, 4.46, -25.75, -88.22, -23.97, 36.63, -8.08, -124.99, -17.07, 13.07]
[-2.81, -124.98, -24.18, -4.48, -55.03, -73.19, -38.22, 4.71, -25.75, -88.22, -23.97, 36.63, -8.08, -124.99, -17.07, 13.07]
[-2.81, -124.98, -24.18, -4.48, -55.69, -72.87, -38.56, 4.97, -25.75, -88.22, -23.97, 36.63, -8.08, -124.99, -17.07, 13.07]
[-2.81, -124.98, -24.18, -4.48, -56.35, -72.54, -38.89, 5.22, -25.75, -88.22, -23.97, 36.63, -8.08, -124.99, -17.07, 13.07]
[-2.81, -124.98, -24.18, -4.48, -57.03, -72.19, -39.22, 5.47, -25.75, -88.22, -23.97, 36.63, -8.08, -124.99, -17.07, 13.07]
[-2.81, -124.98, -24.18, -4.48, -57.71, -71.83, -39.54, 5.73, -25.75, -88.22, -23.97, 36.63, -8.08, -124.99, -17.07, 13.07]
[-2.81, -124.98, -24.18, -4.48, -58.41, -71.45, -39.86, 5.98, -25.75, -88.22, -23.97, 36.63, -8.08, -124.99, -17.07, 13.07]
[-2.81, -124.98, -24.18, -4.48, -59.11, -71.06, -40.17, 6.23, -25.75, -88.22, -23.97, 36.63, -8.08, -124.99, -17.07, 13.07]
[-2.81, -124.98, -24.18, -4.48, -59.82, -70.65, -40.47, 6.49, -25.75, -88.22, -23.97, 36.63, -8.08, -124.99, -17.07, 13.07]
[-2.81, -124.98, -24.18, -4.48, -60.55, -70.22, -40.76, 6.74, -25.75, -88.22, -23.97, 36.63, -8.08, -124.99, -17.07, 13.07]
[-2.81, -124.98, -24.18, -4.48, -61.28, -69.78, -41.05, 6.99, -25.75, -88.22, -23.97, 36.63, -8.08, -124.99, -17.07, 13.07]
[-2.81, -124.98, -24.18, -4.48, -62.02, -69.31, -41.33, 7.25, -25.75, -88.22, -23.97, 36.63, -8.08, -124.99, -17.07, 13.07]
[-2.81, -124.98, -24.18, -4.48, -62.77, -68.84, -41.6, 7.5, -25.75, -88.22, -23.97, 36.63, -8.08, -124.99, -17.07, 13.07]
[-2.81, -124.98, -24.18, -4.48, -63.53, -68.34, -41.87, 7.75, -25.75, -88.22, -23.97, 36.63, -8.08, -124.99, -17.07, 13.07]
[-2.81, -124.98, -24.18, -4.48, -64.3, -67.83, -42.12, 8.01, -25.75, -88.22, -23.97, 36.63, -8.08, -124.99, -17.07, 13.07]
[-2.81, -124.98, -24.18, -4.48, -65.08, -67.3, -42.37, 8.26, -25.75, -88.22, -23.97, 36.63, -8.08, -124.99, -17.07, 13.07]
[-2.81, -124.98, -24.18, -4.48, -65.87, -66.75, -42.61, 8.51, -25.75, -88.22, -23.97, 36.63, -8.08, -124.99, -17.07, 13.07]
[-2.81, -124.98, -24.18, -4.48, -66.66, -66.18, -42.84, 8.77, -25.75, -88.22, -23.97, 36.63, -8.08, -124.99, -17.07, 13.07]
[-2.81, -124.98, -24.18, -4.48, -67.47, -65.59, -43.06, 9.02, -25.75, -88.22, -23.97, 36.63, -8.08, -124.99, -17.07, 13.07]
[-2.81, -124.98, -24.18, -4.48, -68.29, -64.99, -43.28, 9.27, -25.75, -88.22, -23.97, 36.63, -8.08, -124.99, -17.07, 13.07]
[-2.81, -124.98, -24.18, -4.48, -69.12, -64.36, -43.48, 9.53, -25.75, -88.22, -23.97, 36.63, -8.08, -124.99, -17.07, 13.07]
[-2.81, -124.98, -24.18, -4.48, -69.96, -63.72, -43.68, 9.78, -25.75, -88.22, -23.97, 36.63, -8.08, -124.99, -17.07, 13.07]
[-2.8, -124.98, -24.18, -4.48, -69.97, -63.7, -43.67, 9.79, -25.74, -88.23, -23.97, 36.63, -8.09, -124.98, -17.07, 13.06]
[-2.8, -124.98, -24.18, -4.48, -69.16, -64.3, -43.46, 9.79, -25.74, -88.23, -23.97, 36.63, -8.09, -124.98, -17.07, 13.06]
[-2.8, -124.98, -24.18, -4.48, -68.35, -64.89, -43.24, 9.79, -25.74, -88.23, -23.97, 36.63, -8.09, -124.98, -17.07, 13.06]
[-2.8, -124.98, -24.18, -4.48, -67.55, -65.46, -43.01, 9.79, -25.74, -88.23, -23.97, 36.63, -8.09, -124.98, -17.07, 13.06]
[-2.8, -124.98, -24.18, -4.48, -66.76, -66.02, -42.78, 9.79, -25.74, -88.23, -23.97, 36.63, -8.09, -124.98, -17.07, 13.06]
[-2.8, -124.98, -24.18, -4.48, -65.97, -66.57, -42.54, 9.79, -25.74, -88.23, -23.97, 36.63, -8.09, -124.98, -17.07, 13.06]
[-2.8, -124.98, -24.18, -4.48, -65.2, -67.1, -42.3, 9.79, -25.74, -88.23, -23.97, 36.63, -8.09, -124.98, -17.07, 13.06]
[-2.8, -124.98, -24.18, -4.48, -64.42, -67.62, -42.04, 9.79, -25.74, -88.23, -23.97, 36.63, -8.09, -124.98, -17.07, 13.06]
[-2.8, -124.98, -24.18, -4.48, -63.66, -68.13, -41.79, 9.79, -25.74, -88.23, -23.97, 36.63, -8.09, -124.98, -17.07, 13.06]
[-2.8, -124.98, -24.18, -4.48, -62.9, -68.62, -41.52, 9.79, -25.74, -88.23, -23.97, 36.63, -8.09, -124.98, -17.07, 13.06]
[-2.8, -124.98, -24.18, -4.48, -62.15, -69.11, -41.25, 9.79, -25.74, -88.23, -23.97, 36.63, -8.09, -124.98, -17.07, 13.06]
[-2.8, -124.98, -24.18, -4.48, -61.4, -69.58, -40.98, 9.79, -25.74, -88.23, -23.97, 36.63, -8.09, -124.98, -17.07, 13.06]
[-2.8, -124.98, -24.18, -4.48, -60.66, -70.03, -40.69, 9.79, -25.74, -88.23, -23.97, 36.63, -8.09, -124.98, -17.07, 13.06]
[-2.8, -124.98, -24.18, -4.48, -59.93, -70.48, -40.41, 9.79, -25.74, -88.23, -23.97, 36.63, -8.09, -124.98, -17.07, 13.06]
[-2.8, -124.98, -24.18, -4.48, -59.2, -70.91, -40.11, 9.79, -25.74, -88.23, -23.97, 36.63, -8.09, -124.98, -17.07, 13.06]
[-2.8, -124.98, -24.18, -4.48, -58.48, -71.34, -39.82, 9.79, -25.74, -88.23, -23.97, 36.63, -8.09, -124.98, -17.07, 13.06]
[-2.8, -124.98, -24.18, -4.48, -57.77, -71.75, -39.51, 9.79, -25.74, -88.23, -23.97, 36.63, -8.09, -124.98, -17.07, 13.06]
[-2.8, -124.98, -24.18, -4.48, -57.06, -72.14, -39.2, 9.79, -25.74, -88.23, -23.97, 36.63, -8.09, -124.98, -17.07, 13.06]
[-2.8, -124.98, -24.18, -4.48, -56.36, -72.53, -38.89, 9.79, -25.74, -88.23, -23.97, 36.63, -8.09, -124.98, -17.07, 13.06]
[-2.8, -124.98, -24.18, -4.48, -55.67, -72.91, -38.57, 9.79, -25.74, -88.23, -23.97, 36.63, -8.09, -124.98, -17.07, 13.06]
[-2.8, -124.98, -24.18, -4.48, -54.98, -73.27, -38.24, 9.79, -25.74, -88.23, -23.97, 36.63, -8.09, -124.98, -17.07, 13.06]
[-2.8, -124.98, -24.18, -4.48, -54.29, -73.62, -37.92, 9.79, -25.74, -88.23, -23.97, 36.63, -8.09, -124.98, -17.07, 13.06]
[-2.8, -124.98, -24.18, -4.48, -53.62, -73.97, -37.58, 9.79, -25.74, -88.23, -23.97, 36.63, -8.09, -124.98, -17.07, 13.06]
[-2.8, -124.98, -24.18, -4.48, -52.95, -74.3, -37.24, 9.79, -25.74, -88.23, -23.97, 36.63, -8.09, -124.98, -17.07, 13.06]
[-2.8, -124.98, -24.18, -4.48, -52.28, -74.62, -36.9, 9.79, -25.74, -88.23, -23.97, 36.63, -8.09, -124.98, -17.07, 13.06]
[-2.8, -124.98, -24.18, -4.48, -51.63, -74.93, -36.55, 9.79, -25.74, -88.23, -23.97, 36.63, -8.09, -124.98, -17.07, 13.06]
[-2.8, -124.98, -24.18, -4.48, -50.97, -75.22, -36.2, 9.79, -25.74, -88.23, -23.97, 36.63, -8.09, -124.98, -17.07, 13.06]
[-2.8, -124.98, -24.18, -4.48, -50.33, -75.51, -35.84, 9.79, -25.74, -88.23, -23.97, 36.63, -8.09, -124.98, -17.07, 13.06]
[-2.8, -124.98, -24.18, -4.48, -49.69, -75.79, -35.48, 9.79, -25.74, -88.23, -23.97, 36.63, -8.09, -124.98, -17.07, 13.06]
[-2.8, -124.98, -24.18, -4.48, -49.06, -76.05, -35.11, 9.79, -25.74, -88.23, -23.97, 36.63, -8.09, -124.98, -17.07, 13.06]
[-2.8, -124.98, -24.18, -4.48, -48.43, -76.31, -34.74, 9.79, -25.74, -88.23, -23.97, 36.63, -8.09, -124.98, -17.07, 13.06]
[-2.8, -124.98, -24.18, -4.48, -47.81, -76.55, -34.37, 9.79, -25.74, -88.23, -23.97, 36.63, -8.09, -124.98, -17.07, 13.06]
[-2.8, -124.98, -24.18, -4.48, -47.2, -76.79, -33.99, 9.79, -25.74, -88.23, -23.97, 36.63, -8.09, -124.98, -17.07, 13.06]
[-2.8, -124.98, -24.18, -4.48, -46.6, -77.01, -33.6, 9.79, -25.74, -88.23, -23.97, 36.63, -8.09, -124.98, -17.07, 13.06]
[-2.8, -124.98, -24.18, -4.48, -46.0, -77.22, -33.22, 9.79, -25.74, -88.23, -23.97, 36.63, -8.09, -124.98, -17.07, 13.06]
[-2.8, -124.98, -24.18, -4.48, -45.4, -77.42, -32.83, 9.79, -25.74, -88.23, -23.97, 36.63, -8.09, -124.98, -17.07, 13.06]
[-2.8, -124.98, -24.18, -4.48, -44.82, -77.62, -32.43, 9.79, -25.74, -88.23, -23.97, 36.63, -8.09, -124.98, -17.07, 13.06]
[-2.8, -124.98, -24.18, -4.48, -44.24, -77.8, -32.03, 9.79, -25.74, -88.23, -23.97, 36.63, -8.09, -124.98, -17.07, 13.06]
[-2.8, -124.98, -24.18, -4.48, -43.67, -77.97, -31.63, 9.79, -25.74, -88.23, -23.97, 36.63, -8.09, -124.98, -17.07, 13.06]
[-2.8, -124.98, -24.18, -4.48, -43.1, -78.13, -31.23, 9.79, -25.74, -88.23, -23.97, 36.63, -8.09, -124.98, -17.07, 13.06]
[-2.8, -124.98, -24.18, -4.48, -42.54, -78.28, -30.82, 9.79, -25.74, -88.23, -23.97, 36.63, -8.09, -124.98, -17.07, 13.06]
[-2.8, -124.98, -24.18, -4.48, -41.99, -78.42, -30.41, 9.79, -25.74, -88.23, -23.97, 36.63, -8.09, -124.98, -17.07, 13.06]
[-2.8, -124.98, -24.18, -4.48, -41.45, -78.55, -29.99, 9.79, -25.74, -88.23, -23.97, 36.63, -8.09, -124.98, -17.07, 13.06]
[-2.8, -124.98, -24.18, -4.48, -40.91, -78.66, -29.57, 9.79, -25.74, -88.23, -23.97, 36.63, -8.09, -124.98, -17.07, 13.06]
[-2.8, -124.98, -24.18, -4.48, -40.38, -78.77, -29.15, 9.79, -25.74, -88.23, -23.97, 36.63, -8.09, -124.98, -17.07, 13.06]
[-2.8, -124.98, -24.18, -4.48, -39.85, -78.87, -28.72, 9.79, -25.74, -88.23, -23.97, 36.63, -8.09, -124.98, -17.07, 13.06]
[-2.8, -124.98, -24.18, -4.48, -39.34, -78.96, -28.29, 9.79, -25.74, -88.23, -23.97, 36.63, -8.09, -124.98, -17.07, 13.06]
[-2.8, -124.98, -24.18, -4.48, -38.83, -79.04, -27.86, 9.79, -25.74, -88.23, -23.97, 36.63, -8.09, -124.98, -17.07, 13.06]
[-2.8, -124.98, -24.18, -4.48, -38.33, -79.1, -27.43, 9.79, -25.74, -88.23, -23.97, 36.63, -8.09, -124.98, -17.07, 13.06]
[-2.8, -124.98, -24.18, -4.48, -37.83, -79.16, -26.99, 9.79, -25.74, -88.23, -23.97, 36.63, -8.09, -124.98, -17.07, 13.06]
[-2.8, -124.98, -24.18, -4.48, -37.35, -79.21, -26.55, 9.79, -25.74, -88.23, -23.97, 36.63, -8.09, -124.98, -17.07, 13.06]
[-2.8, -124.98, -24.18, -4.48, -36.87, -79.24, -26.11, 9.79, -25.74, -88.23, -23.97, 36.63, -8.09, -124.98, -17.07, 13.06]
[-2.8, -124.98, -24.18, -4.48, -36.4, -79.27, -25.66, 9.79, -25.74, -88.23, -23.97, 36.63, -8.09, -124.98, -17.07, 13.06]
[-2.8, -124.98, -24.18, -4.48, -35.93, -79.28, -25.21, 9.79, -25.74, -88.23, -23.97, 36.63, -8.09, -124.98, -17.07, 13.06]
[-2.8, -124.98, -24.18, -4.48, -35.48, -79.29, -24.76, 9.79, -25.74, -88.23, -23.97, 36.63, -8.09, -124.98, -17.07, 13.06]
[-2.8, -124.98, -24.18, -4.48, -35.03, -79.28, -24.31, 9.79, -25.74, -88.23, -23.97, 36.63, -8.09, -124.98, -17.07, 13.06]
[-2.8, -124.98, -24.18, -4.48, -34.59, -79.27, -23.85, 9.79, -25.74, -88.23, -23.97, 36.63, -8.09, -124.98, -17.07, 13.06]
[-2.8, -124.98, -24.18, -4.48, -34.16, -79.24, -23.39, 9.79, -25.74, -88.23, -23.97, 36.63, -8.09, -124.98, -17.07, 13.06]
[-2.8, -124.98, -24.18, -4.48, -33.73, -79.21, -22.93, 9.79, -25.74, -88.23, -23.97, 36.63, -8.09, -124.98, -17.07, 13.06]
[-2.8, -124.98, -24.18, -4.48, -33.31, -79.16, -22.47, 9.79, -25.74, -88.23, -23.97, 36.63, -8.09, -124.98, -17.07, 13.06]
[-2.8, -124.98, -24.18, -4.48, -32.9, -79.1, -22.01, 9.79, -25.74, -88.23, -23.97, 36.63, -8.09, -124.98, -17.07, 13.06]
[-2.82, -124.97, -24.17, -3.75, -31.58, -80.82, -22.4, 9.88, -24.92, -89.25, -24.17, 36.28, -7.95, -124.99, -17.45, 12.79]
[-2.82, -124.98, -24.17, -3.02, -30.27, -82.5, -22.77, 9.97, -24.11, -90.25, -24.35, 35.93, -7.81, -124.99, -17.83, 12.53]
[-2.8, -124.99, -24.17, -2.29, -28.97, -84.16, -23.13, 10.06, -23.31, -91.24, -24.54, 35.57, -7.66, -125.0, -18.2, 12.28]
[-2.81, -124.99, -24.17, -1.55, -27.68, -85.8, -23.48, 10.15, -22.51, -92.21, -24.71, 35.21, -7.5, -124.99, -18.57, 12.04]
[-2.8, -124.99, -24.17, -0.82, -26.39, -87.42, -23.8, 10.25, -21.72, -93.16, -24.88, 34.85, -7.34, -124.99, -18.93, 11.81]
[-2.81, -124.98, -24.18, -0.09, -25.11, -89.01, -24.12, 10.34, -20.94, -94.1, -25.04, 34.48, -7.18, -124.98, -19.28, 11.58]
[-2.77, -125.0, -24.19, 0.65, -23.83, -90.59, -24.42, 10.44, -20.17, -95.03, -25.2, 34.11, -7.01, -124.98, -19.62, 11.36]
[-2.75, -125.0, -24.2, 1.38, -22.55, -92.15, -24.7, 10.54, -19.4, -95.95, -25.34, 33.73, -6.8, -124.99, -19.96, 11.15]
[-2.75, -124.98, -24.21, 2.11, -21.28, -93.69, -24.97, 10.64, -18.64, -96.85, -25.49, 33.35, -6.62, -124.98, -20.28, 10.94]
[-2.7, -125.0, -24.23, 2.84, -20.01, -95.22, -25.22, 10.74, -17.88, -97.74, -25.62, 32.97, -6.4, -124.99, -20.6, 10.74]
[-2.67, -125.0, -24.25, 3.56, -18.74, -96.73, -25.46, 10.85, -17.14, -98.62, -25.75, 32.59, -6.21, -124.98, -20.91, 10.55]
[-2.66, -124.98, -24.27, 4.29, -17.46, -98.23, -25.69, 10.95, -16.39, -99.48, -25.87, 32.2, -5.97, -124.99, -21.22, 10.36]
[-2.6, -125.0, -24.3, 5.01, -16.19, -99.71, -25.9, 11.06, -15.66, -100.33, -25.99, 31.8, -5.73, -125.0, -21.52, 10.18]
[-2.56, -125.0, -24.32, 5.73, -14.91, -101.19, -26.1, 11.17, -14.93, -101.17, -26.1, 31.41, -5.52, -124.98, -21.81, 10.0]
[-2.53, -124.98, -24.35, 6.45, -13.63, -102.65, -26.28, 11.28, -14.21, -102.0, -26.2, 31.01, -5.27, -124.98, -22.09, 9.83]
[-2.46, -124.99, -24.39, 7.17, -12.34, -104.1, -26.44, 11.39, -13.49, -102.82, -26.3, 30.6, -5.0, -124.99, -22.36, 9.66]
[-2.4, -124.99, -24.42, 7.88, -11.05, -105.55, -26.59, 11.51, -12.78, -103.62, -26.39, 30.19, -4.74, -124.99, -22.63, 9.5]
[-2.37, -124.97, -24.46, 8.59, -9.75, -106.98, -26.73, 11.62, -12.07, -104.41, -26.48, 29.78, -4.46, -125.0, -22.89, 9.34]
[-2.28, -124.99, -24.49, 9.3, -8.44, -108.41, -26.85, 11.74, -11.37, -105.19, -26.56, 29.37, -4.18, -125.0, -23.14, 9.18]
[-2.21, -124.99, -24.53, 10.0, -7.13, -109.82, -26.95, 11.86, -10.68, -105.96, -26.64, 28.95, -3.92, -124.98, -23.38, 9.03]
[-2.16, -124.98, -24.58, 10.7, -5.8, -111.24, -27.04, 11.99, -10.0, -106.72, -26.71, 28.52, -3.63, -124.98, -23.61, 8.89]
[-2.06, -124.99, -24.62, 11.4, -4.47, -112.64, -27.11, 12.11, -9.32, -107.46, -26.77, 28.1, -3.32, -124.98, -23.84, 8.74]
[-1.97, -125.0, -24.67, 12.09, -3.12, -114.04, -27.16, 12.24, -8.64, -108.2, -26.83, 27.67, -3.01, -124.98, -24.06, 8.6]
[-1.9, -124.98, -24.72, 12.77, -1.75, -115.44, -27.19, 12.37, -7.98, -108.92, -26.89, 27.23, -2.69, -124.98, -24.27, 8.47]
[-1.82, -124.98, -24.77, 13.46, -0.38, -116.83, -27.2, 12.5, -7.31, -109.63, -26.94, 26.8, -2.36, -124.98, -24.47, 8.34]
[-1.71, -124.98, -24.82, 14.14, -0.01, -117.47, -27.2, 12.63, -6.66, -110.33, -26.99, 26.36, -2.02, -124.98, -24.67, 8.21]
[-1.62, -124.97, -24.87, 14.81, -0.01, -117.85, -27.2, 12.77, -6.01, -111.02, -27.03, 25.91, -1.68, -124.98, -24.85, 8.08]
[-1.52, -124.98, -24.92, 15.48, -0.01, -118.22, -27.19, 12.91, -5.37, -111.7, -27.06, 25.46, -1.32, -124.98, -25.03, 7.96]
[-1.39, -124.99, -24.98, 16.14, -0.0, -118.59, -27.17, 13.05, -4.74, -112.36, -27.1, 25.01, -0.96, -124.98, -25.2, 7.84]
[-1.28, -124.98, -25.04, 16.8, -0.02, -118.94, -27.15, 13.19, -4.11, -113.02, -27.12, 24.55, -0.6, -124.98, -25.36, 7.72]
[-1.15, -124.99, -25.09, 17.46, -0.01, -119.3, -27.12, 13.34, -3.49, -113.66, -27.15, 24.09, -0.22, -124.98, -25.52, 7.6]
[-1.04, -124.98, -25.15, 18.1, -0.02, -119.65, -27.08, 13.49, -2.88, -114.29, -27.17, 23.63, -0.02, -124.85, -25.66, 7.49]
[-0.91, -124.98, -25.21, 18.75, -0.0, -120.01, -27.04, 13.64, -2.27, -114.91, -27.18, 23.16, -0.03, -124.56, -25.8, 7.38]
[-0.75, -125.0, -25.27, 19.38, -0.01, -120.35, -27.0, 13.79, -1.67, -115.52, -27.19, 22.69, -0.0, -124.29, -25.93, 7.28]
[-0.61, -125.0, -25.33, 20.02, -0.01, -120.69, -26.95, 13.95, -1.08, -116.12, -27.2, 22.22, -0.0, -124.0, -26.06, 7.17]
[-0.49, -124.98, -25.39, 20.64, -0.01, -121.02, -26.89, 14.11, -0.5, -116.71, -27.21, 21.74, -0.03, -123.67, -26.17, 7.07]
[-0.34, -124.98, -25.45, 21.26, -0.0, -121.36, -26.83, 14.28, -0.0, -117.23, -27.21, 21.26, -0.02, -123.38, -26.29, 6.97]
[-0.17, -124.99, -25.52, 21.88, -0.03, -121.67, -26.76, 14.45, -0.02, -117.37, -27.21, 20.77, -0.0, -123.08, -26.39, 6.87]
[-0.02, -124.99, -25.58, 22.49, -0.01, -122.0, -26.68, 14.62, -0.02, -117.52, -27.21, 20.28, -0.01, -122.76, -26.49, 6.77]
[-0.02, -124.86, -25.64, 23.09, -0.02, -122.3, -26.6, 14.79, -0.02, -117.66, -27.2, 19.79, -0.02, -122.44, -26.58, 6.68]
[-0.01, -124.75, -25.7, 23.69, -0.0, -122.63, -26.52, 14.97, -0.0, -117.82, -27.2, 19.3, -0.02, -122.12, -26.67, 6.59]
[-0.0, -124.63, -25.76, 24.28, -0.01, -122.94, -26.43, 15.15, -0.0, -117.97, -27.2, 18.8, -0.01, -121.79, -26.74, 6.5]
[-0.01, -124.49, -25.82, 24.87, -0.01, -123.24, -26.33, 15.34, -0.01, -118.1, -27.19, 18.3, -0.03, -121.45, -26.82, 6.41]
[-0.0, -124.37, -25.88, 25.45, -0.0, -123.54, -26.22, 15.52, -0.02, -118.22, -27.19, 17.79, -0.01, -121.12, -26.88, 6.32]
[-0.0, -124.23, -25.95, 26.02, -0.0, -123.83, -26.11, 15.72, -0.01, -118.36, -27.18, 17.28, -0.02, -120.77, -26.94, 6.24]
[-0.01, -124.08, -26.01, 26.59, -0.03, -124.1, -25.99, 15.92, -0.01, -118.48, -27.18, 16.77, -0.03, -120.42, -27.0, 6.16]
[-0.0, -123.95, -26.07, 27.15, -0.01, -124.4, -25.87, 16.12, -0.02, -118.59, -27.17, 16.25, -0.03, -120.07, -27.04, 6.07]
[-0.0, -123.8, -26.13, 27.7, -0.02, -124.67, -25.74, 16.32, -0.01, -118.72, -27.16, 15.74, -0.02, -119.72, -27.09, 5.99]
[-0.01, -123.64, -26.18, 28.25, -0.03, -124.93, -25.61, 16.53, -0.01, -118.83, -27.16, 15.21, -0.01, -119.36, -27.12, 5.92]
[-0.03, -123.47, -26.24, 28.8, -0.33, -124.98, -25.46, 16.75, -0.02, -118.93, -27.15, 14.69, -0.03, -118.98, -27.15, 5.84]
[-0.02, -123.32, -26.3, 29.33, -0.69, -124.98, -25.31, 16.97, -0.01, -119.05, -27.14, 14.16, -0.01, -118.63, -27.18, 5.76]
[-0.02, -123.15, -26.35, 29.86, -1.05, -124.97, -25.16, 17.19, -0.0, -119.15, -27.13, 13.63, -0.01, -118.25, -27.2, 5.69]
[-0.0, -123.0, -26.41, 30.39, -1.36, -124.99, -24.99, 17.42, -0.02, -119.24, -27.13, 13.1, -0.02, -117.87, -27.21, 5.62]
[-0.03, -122.81, -26.46, 30.91, -1.71, -124.99, -24.82, 17.66, -0.01, -119.34, -27.12, 12.57, -0.02, -117.48, -27.21, 5.54]
[-0.02, -122.64, -26.52, 31.42, -2.05, -124.98, -24.64, 17.9, -0.01, -119.43, -27.11, 12.03, -0.38, -116.83, -27.22, 5.47]
[-0.03, -122.45, -26.57, 31.93, -2.35, -124.99, -24.46, 18.15, -0.02, -119.51, -27.1, 11.49, -1.79, -115.41, -27.2, 5.41]
[-0.0, -122.28, -26.62, 32.43, -2.68, -124.98, -24.26, 18.4, -0.01, -119.6, -27.09, 10.94, -3.18, -113.98, -27.16, 5.34]
[-0.03, -122.08, -26.67, 32.92, -2.97, -124.99, -24.07, 18.66, -0.02, -119.68, -27.08, 10.4, -4.56, -112.55, -27.11, 5.27]
[-0.02, -121.89, -26.71, 33.41, -3.26, -125.0, -23.86, 18.92, -0.0, -119.77, -27.07, 9.85, -5.93, -111.11, -27.04, 5.21]
[-0.02, -121.7, -26.76, 33.89, -3.57, -124.98, -23.64, 19.2, -0.0, -119.85, -27.07, 9.3, -7.28, -109.66, -26.95, 5.14]
[-0.0, -121.51, -26.8, 34.37, -3.84, -124.98, -23.42, 19.48, -0.01, -119.91, -27.06, 8.75, -8.63, -108.21, -26.84, 5.08]
[-0.02, -121.3, -26.84, 34.84, -4.11, -124.99, -23.2, 19.76, -0.0, -119.99, -27.05, 8.19, -9.96, -106.76, -26.72, 5.02]
[-0.01, -121.1, -26.88, 35.31, -4.38, -124.99, -22.96, 20.05, -0.0, -120.05, -27.04, 7.64, -11.29, -105.29, -26.58, 4.96]
[-0.01, -120.89, -26.92, 35.77, -4.64, -124.98, -22.72, 20.35, -0.02, -120.1, -27.04, 7.08, -12.6, -103.81, -26.42, 4.9]
[-0.01, -120.67, -26.95, 36.22, -4.9, -124.98, -22.47, 20.66, -0.01, -120.16, -27.03, 6.52, -13.92, -102.33, -26.25, 4.84]
[-0.02, -120.45, -26.99, 36.67, -5.12, -125.0, -22.22, 20.98, -0.01, -120.21, -27.02, 5.96, -15.22, -100.84, -26.06, 4.78]
[-0.0, -120.24, -27.02, 37.11, -5.37, -124.99, -21.96, 21.3, -0.03, -120.25, -27.01, 5.39, -16.52, -99.33, -25.86, 4.72]
[-0.03, -119.99, -27.05, 37.55, -5.58, -125.0, -21.69, 21.64, -0.03, -120.29, -27.01, 4.83, -17.82, -97.81, -25.64, 4.67]
[-0.02, -119.77, -27.08, 37.98, -5.82, -124.98, -21.42, 21.98, -0.0, -120.35, -27.0, 4.26, -19.12, -96.28, -25.4, 4.61]
[-0.02, -119.53, -27.1, 38.41, -6.03, -124.98, -21.14, 22.33, -0.03, -120.37, -27.0, 3.69, -20.42, -94.74, -25.15, 4.56]
[-0.02, -119.29, -27.12, 38.83, -6.23, -124.98, -20.85, 22.69, -0.03, -120.4, -26.99, 3.13, -21.71, -93.18, -24.89, 4.5]
[-0.0, -119.07, -27.14, 39.25, -6.44, -124.98, -20.56, 23.06, -0.01, -120.45, -26.99, 2.56, -23.01, -91.6, -24.61, 4.45]
[-0.02, -118.81, -27.16, 39.66, -6.6, -125.0, -20.26, 23.44, -0.01, -120.48, -26.98, 1.99, -24.31, -90.01, -24.31, 4.4]
[-0.0, -118.57, -27.18, 40.06, -6.8, -124.98, -19.96, 23.84, -0.02, -120.49, -26.98, 1.41, -25.61, -88.39, -24.0, 4.35]
[-0.03, -118.29, -27.19, 40.47, -6.96, -124.99, -19.65, 24.24, -0.01, -120.52, -26.98, 0.84, -26.92, -86.76, -23.68, 4.3]
[-0.03, -118.04, -27.2, 40.86, -7.12, -125.0, -19.34, 24.66, -0.01, -120.54, -26.97, 0.27, -28.23, -85.11, -23.34, 4.25]
[-0.03, -117.78, -27.2, 41.25, -7.29, -125.0, -19.02, 25.09, -0.03, -120.53, -26.97, -0.3, -29.55, -83.43, -22.98, 4.2]
[-0.03, -117.78, -27.2, 41.25, -7.29, -125.0, -19.02, 25.09, -0.03, -120.53, -26.97, -0.3, -29.92, -83.55, -23.47, 4.46]
[-0.03, -117.78, -27.2, 41.25, -7.29, -125.0, -19.02, 25.09, -0.03, -120.53, -26.97, -0.3, -30.31, -83.64, -23.96, 4.72]
[-0.03, -117.78, -27.2, 41.25, -7.29, -125.0, -19.02, 25.09, -0.03, -120.53, -26.97, -0.3, -30.71, -83.73, -24.44, 4.98]
[-0.03, -117.78, -27.2, 41.25, -7.29, -125.0, -19.02, 25.09, -0.03, -120.53, -26.97, -0.3, -31.13, -83.79, -24.92, 5.23]
[-0.03, -117.78, -27.2, 41.25, -7.29, -125.0, -19.02, 25.09, -0.03, -120.53, -26.97, -0.3, -31.55, -83.85, -25.4, 5.49]
[-0.03, -117.78, -27.2, 41.25, -7.29, -125.0, -19.02, 25.09, -0.03, -120.53, -26.97, -0.3, -31.99, -83.89, -25.87, 5.75]
[-0.03, -117.78, -27.2, 41.25, -7.29, -125.0, -19.02, 25.09, -0.03, -120.53, -26.97, -0.3, -32.43, -83.91, -26.35, 6.01]
[-0.03, -117.78, -27.2, 41.25, -7.29, -125.0, -19.02, 25.09, -0.03, -120.53, -26.97, -0.3, -32.89, -83.92, -26.81, 6.27]
[-0.03, -117.78, -27.2, 41.25, -7.29, -125.0, -19.02, 25.09, -0.03, -120.53, -26.97, -0.3, -33.36, -83.92, -27.28, 6.53]
[-0.03, -117.78, -27.2, 41.25, -7.29, -125.0, -19.02, 25.09, -0.03, -120.53, -26.97, -0.3, -33.84, -83.9, -27.74, 6.79]
[-0.03, -117.78, -27.2, 41.25, -7.29, -125.0, -19.02, 25.09, -0.03, -120.53, -26.97, -0.3, -34.33, -83.86, -28.2, 7.05]
[-0.03, -117.78, -27.2, 41.25, -7.29, -125.0, -19.02, 25.09, -0.03, -120.53, -26.97, -0.3, -34.84, -83.81, -28.65, 7.3]
[-0.03, -117.78, -27.2, 41.25, -7.29, -125.0, -19.02, 25.09, -0.03, -120.53, -26.97, -0.3, -35.35, -83.75, -29.1, 7.56]
[-0.03, -117.78, -27.2, 41.25, -7.29, -125.0, -19.02, 25.09, -0.03, -120.53, -26.97, -0.3, -35.87, -83.67, -29.55, 7.82]
[-0.03, -117.78, -27.2, 41.25, -7.29, -125.0, -19.02, 25.09, -0.03, -120.53, -26.97, -0.3, -36.41, -83.58, -29.99, 8.08]
[-0.03, -117.78, -27.2, 41.25, -7.29, -125.0, -19.02, 25.09, -0.03, -120.53, -26.97, -0.3, -36.95, -83.47, -30.42, 8.34]
[-0.03, -117.78, -27.2, 41.25, -7.29, -125.0, -19.02, 25.09, -0.03, -120.53, -26.97, -0.3, -37.51, -83.35, -30.86, 8.6]
[-0.03, -117.78, -27.2, 41.25, -7.29, -125.0, -19.02, 25.09, -0.03, -120.53, -26.97, -0.3, -38.08, -83.21, -31.29, 8.86]
[-0.03, -117.78, -27.2, 41.25, -7.29, -125.0, -19.02, 25.09, -0.03, -120.53, -26.97, -0.3, -38.65, -83.06, -31.71, 9.12]
[-0.03, -117.78, -27.2, 41.25, -7.29, -125.0, -19.02, 25.09, -0.03, -120.53, -26.97, -0.3, -39.24, -82.89, -32.13, 9.37]
[-0.03, -117.78, -27.2, 41.25, -7.29, -125.0, -19.02, 25.09, -0.03, -120.53, -26.97, -0.3, -39.84, -82.71, -32.55, 9.63]
[-0.03, -117.78, -27.2, 41.25, -7.29, -125.0, -19.02, 25.09, -0.03, -120.53, -26.97, -0.3, -40.44, -82.51, -32.95, 9.89]
[-0.03, -117.78, -27.2, 41.25, -7.29, -125.0, -19.02, 25.09, -0.03, -120.53, -26.97, -0.3, -41.06, -82.3, -33.36, 10.15]
[-0.03, -117.78, -27.2, 41.25, -7.29, -125.0, -19.02, 25.09, -0.03, -120.53, -26.97, -0.3, -41.68, -82.07, -33.76, 10.41]
[-0.03, -117.78, -27.2, 41.25, -7.29, -125.0, -19.02, 25.09, -0.03, -120.53, -26.97, -0.3, -42.32, -81.83, -34.15, 10.67]
[-0.03, -117.78, -27.2, 41.25, -7.29, -125.0, -19.02, 25.09, -0.03, -120.53, -26.97, -0.3, -42.96, -81.58, -34.54, 10.92]
[-0.03, -117.78, -27.2, 41.25, -7.29, -125.0, -19.02, 25.09, -0.03, -120.53, -26.97, -0.3, -43.62, -81.31, -34.93, 11.18]
[-0.03, -117.78, -27.2, 41.25, -7.29, -125.0, -19.02, 25.09, -0.03, -120.53, -26.97, -0.3, -44.28, -81.02, -35.3, 11.44]
[-0.03, -117.78, -27.2, 41.25, -7.29, -125.0, -19.02, 25.09, -0.03, -120.53, -26.97, -0.3, -44.95, -80.72, -35.67, 11.7]
[-0.03, -117.78, -27.2, 41.25, -7.29, -125.0, -19.02, 25.09, -0.03, -120.53, -26.97, -0.3, -45.64, -80.4, -36.04, 11.96]
[-0.03, -117.78, -27.2, 41.25, -7.29, -125.0, -19.02, 25.09, -0.03, -120.53, -26.97, -0.3, -46.33, -80.07, -36.4, 12.21]
[-0.03, -117.78, -27.2, 41.25, -7.29, -125.0, -19.02, 25.09, -0.03, -120.53, -26.97, -0.3, -47.03, -79.73, -36.75, 12.47]
[-0.03, -117.78, -27.2, 41.25, -7.29, -125.0, -19.02, 25.09, -0.03, -120.53, -26.97, -0.3, -47.74, -79.36, -37.1, 12.73]
[-0.03, -117.78, -27.2, 41.25, -7.29, -125.0, -19.02, 25.09, -0.03, -120.53, -26.97, -0.3, -48.45, -78.99, -37.44, 12.98]
[-0.03, -117.78, -27.2, 41.25, -7.29, -125.0, -19.02, 25.09, -0.03, -120.53, -26.97, -0.3, -49.18, -78.59, -37.78, 13.24]
[-0.03, -117.78, -27.2, 41.25, -7.29, -125.0, -19.02, 25.09, -0.03, -120.53, -26.97, -0.3, -49.91, -78.19, -38.1, 13.5]
[-0.03, -117.78, -27.2, 41.25, -7.29, -125.0, -19.02, 25.09, -0.03, -120.53, -26.97, -0.3, -50.66, -77.76, -38.42, 13.75]
[-0.03, -117.78, -27.2, 41.25, -7.29, -125.0, -19.02, 25.09, -0.03, -120.53, -26.97, -0.3, -51.41, -77.32, -38.74, 14.01]
[-0.03, -117.78, -27.2, 41.25, -7.29, -125.0, -19.02, 25.09, -0.03, -120.53, -26.97, -0.3, -52.17, -76.87, -39.04, 14.26]
[-0.03, -117.78, -27.2, 41.25, -7.29, -125.0, -19.02, 25.09, -0.03, -120.53, -26.97, -0.3, -52.94, -76.4, -39.34, 14.52]
[-0.03, -117.78, -27.2, 41.25, -7.29, -125.0, -19.02, 25.09, -0.03, -120.53, -26.97, -0.3, -53.72, -75.91, -39.63, 14.77]
[-0.03, -117.78, -27.2, 41.25, -7.29, -125.0, -19.02, 25.09, -0.03, -120.53, -26.97, -0.3, -54.51, -75.41, -39.92, 15.03]
[-0.03, -117.78, -27.2, 41.25, -7.29, -125.0, -19.02, 25.09, -0.03, -120.53, -26.97, -0.3, -55.3, -74.89, -40.19, 15.28]
[-0.03, -117.78, -27.2, 41.25, -7.29, -125.0, -19.02, 25.09, -0.03, -120.53, -26.97, -0.3, -56.1, -74.35, -40.46, 15.54]
[-0.03, -117.78, -27.2, 41.25, -7.29, -125.0, -19.02, 25.09, -0.03, -120.53, -26.97, -0.3, -56.92, -73.8, -40.72, 15.79]
[-0.03, -117.78, -27.2, 41.25, -7.29, -125.0, -19.02, 25.09, -0.03, -120.53, -26.97, -0.3, -57.74, -73.23, -40.97, 16.04]
[-0.03, -117.78, -27.2, 41.25, -7.29, -125.0, -19.02, 25.09, -0.03, -120.53, -26.97, -0.3, -58.57, -72.65, -41.21, 16.3]
[-0.03, -117.78, -27.2, 41.25, -7.29, -125.0, -19.02, 25.09, -0.03, -120.53, -26.97, -0.3, -59.4, -72.04, -41.45, 16.55]
[-0.03, -117.78, -27.2, 41.25, -7.29, -125.0, -19.02, 25.09, -0.03, -120.53, -26.97, -0.3, -60.25, -71.42, -41.67, 16.8]
[-0.03, -117.78, -27.2, 41.25, -7.29, -125.0, -19.02, 25.09, -0.03, -120.53, -26.97, -0.3, -61.11, -70.78, -41.89, 17.05]
[-0.03, -117.78, -27.2, 41.25, -7.29, -125.0, -19.02, 25.09, -0.03, -120.53, -26.97, -0.3, -61.97, -70.13, -42.1, 17.3]
[-0.03, -117.78, -27.2, 41.25, -7.29, -125.0, -19.02, 25.09, -0.03, -120.53, -26.97, -0.3, -62.85, -69.45, -42.3, 17.56]
[-0.03, -117.78, -27.2, 41.25, -7.29, -125.0, -19.02, 25.09, -0.03, -120.53, -26.97, -0.3, -63.73, -68.76, -42.49, 17.81]
[-0.03, -117.78, -27.2, 41.25, -7.29, -125.0, -19.02, 25.09, -0.03, -120.53, -26.97, -0.3, -64.62, -68.04, -42.67, 18.06]
[-0.03, -117.78, -27.2, 41.25, -7.29, -125.0, -19.02, 25.09, -0.03, -120.53, -26.97, -0.3, -65.53, -67.31, -42.84, 18.31]
[-0.03, -117.78, -27.2, 41.25, -7.29, -125.0, -19.02, 25.09, -0.03, -120.53, -26.97, -0.3, -66.44, -66.56, -43.0, 18.56]
[-0.03, -117.78, -27.2, 41.25, -7.29, -125.0, -19.02, 25.09, -0.03, -120.53, -26.97, -0.3, -67.36, -65.78, -43.15, 18.81]
[-0.03, -117.78, -27.2, 41.25, -7.29, -125.0, -19.02, 25.09, -0.03, -120.53, -26.97, -0.3, -68.29, -64.99, -43.29, 19.06]
[-0.03, -117.78, -27.2, 41.25, -7.29, -125.0, -19.02, 25.09, -0.03, -120.53, -26.97, -0.3, -69.24, -64.17, -43.41, 19.3]
[-0.03, -117.78, -27.2, 41.25, -7.29, -125.0, -19.02, 25.09, -0.03, -120.53, -26.97, -0.3, -70.19, -63.34, -43.53, 19.55]
[-0.01, -117.79, -27.2, 41.24, -7.3, -124.98, -19.02, 25.1, -0.01, -120.56, -26.97, -0.3, -70.19, -63.35, -43.54, 19.54]
[-0.01, -117.79, -27.2, 41.24, -7.3, -124.98, -19.02, 25.1, -0.01, -120.56, -26.97, -0.3, -69.37, -63.95, -43.33, 19.54]
[-0.01, -117.79, -27.2, 41.24, -7.3, -124.98, -19.02, 25.1, -0.01, -120.56, -26.97, -0.3, -68.57, -64.54, -43.11, 19.54]
[-0.01, -117.79, -27.2, 41.24, -7.3, -124.98, -19.02, 25.1, -0.01, -120.56, -26.97, -0.3, -67.77, -65.12, -42.88, 19.54]
[-0.01, -117.79, -27.2, 41.24, -7.3, -124.98, -19.02, 25.1, -0.01, -120.56, -26.97, -0.3, -66.97, -65.68, -42.65, 19.54]
[-0.01, -117.79, -27.2, 41.24, -7.3, -124.98, -19.02, 25.1, -0.01, -120.56, -26.97, -0.3, -66.19, -66.23, -42.42, 19.54]
[-0.01, -117.79, -27.2, 41.24, -7.3, -124.98, -19.02, 25.1, -0.01, -120.56, -26.97, -0.3, -65.41, -66.76, -42.17, 19.54]
[-0.01, -117.79, -27.2, 41.24, -7.3, -124.98, -19.02, 25.1, -0.01, -120.56, -26.97, -0.3, -64.64, -67.28, -41.92, 19.54]
[-0.01, -117.79, -27.2, 41.24, -7.3, -124.98, -19.02, 25.1, -0.01, -120.56, -26.97, -0.3, -63.87, -67.79, -41.66, 19.54]
[-0.01, -117.79, -27.2, 41.24, -7.3, -124.98, -19.02, 25.1, -0.01, -120.56, -26.97, -0.3, -63.11, -68.29, -41.4, 19.54]
[-0.01, -117.79, -27.2, 41.24, -7.3, -124.98, -19.02, 25.1, -0.01, -120.56, -26.97, -0.3, -62.36, -68.77, -41.13, 19.54]
[-0.01, -117.79, -27.2, 41.24, -7.3, -124.98, -19.02, 25.1, -0.01, -120.56, -26.97, -0.3, -61.62, -69.24, -40.86, 19.54]
[-0.01, -117.79, -27.2, 41.24, -7.3, -124.98, -19.02, 25.1, -0.01, -120.56, -26.97, -0.3, -60.88, -69.7, -40.58, 19.54]
[-0.01, -117.79, -27.2, 41.24, -7.3, -124.98, -19.02, 25.1, -0.01, -120.56, -26.97, -0.3, -60.14, -70.15, -40.29, 19.54]
[-0.01, -117.79, -27.2, 41.24, -7.3, -124.98, -19.02, 25.1, -0.01, -120.56, -26.97, -0.3, -59.42, -70.58, -40.0, 19.54]
[-0.01, -117.79, -27.2, 41.24, -7.3, -124.98, -19.02, 25.1, -0.01, -120.56, -26.97, -0.3, -58.7, -71.0, -39.7, 19.54]
[-0.01, -117.79, -27.2, 41.24, -7.3, -124.98, -19.02, 25.1, -0.01, -120.56, -26.97, -0.3, -57.98, -71.42, -39.4, 19.54]
[-0.01, -117.79, -27.2, 41.24, -7.3, -124.98, -19.02, 25.1, -0.01, -120.56, -26.97, -0.3, -57.28, -71.82, -39.09, 19.54]
[-0.01, -117.79, -27.2, 41.24, -7.3, -124.98, -19.02, 25.1, -0.01, -120.56, -26.97, -0.3, -56.58, -72.2, -38.78, 19.54]
[-0.01, -117.79, -27.2, 41.24, -7.3, -124.98, -19.02, 25.1, -0.01, -120.56, -26.97, -0.3, -55.88, -72.58, -38.46, 19.54]
[-0.01, -117.79, -27.2, 41.24, -7.3, -124.98, -19.02, 25.1, -0.01, -120.56, -26.97, -0.3, -55.19, -72.95, -38.14, 19.54]
[-0.01, -117.79, -27.2, 41.24, -7.3, -124.98, -19.02, 25.1, -0.01, -120.56, -26.97, -0.3, -54.51, -73.3, -37.81, 19.54]
[-0.01, -117.79, -27.2, 41.24, -7.3, -124.98, -19.02, 25.1, -0.01, -120.56, -26.97, -0.3, -53.83, -73.64, -37.48, 19.54]
[-0.01, -117.79, -27.2, 41.24, -7.3, -124.98, -19.02, 25.1, -0.01, -120.56, -26.97, -0.3, -53.16, -73.97, -37.14, 19.54]
[-0.01, -117.79, -27.2, 41.24, -7.3, -124.98, -19.02, 25.1, -0.01, -120.56, -26.97, -0.3, -52.5, -74.29, -36.8, 19.54]
[-0.01, -117.79, -27.2, 41.24, -7.3, -124.98, -19.02, 25.1, -0.01, -120.56, -26.97, -0.3, -51.84, -74.6, -36.45, 19.54]
[-0.01, -117.79, -27.2, 41.24, -7.3, -124.98, -19.02, 25.1, -0.01, -120.56, -26.97, -0.3, -51.19, -74.9, -36.1, 19.54]
[-0.01, -117.79, -27.2, 41.24, -7.3, -124.98, -19.02, 25.1, -0.01, -120.56, -26.97, -0.3, -50.55, -75.19, -35.74, 19.54]
[-0.01, -117.79, -27.2, 41.24, -7.3, -124.98, -19.02, 25.1, -0.01, -120.56, -26.97, -0.3, -49.91, -75.47, -35.38, 19.54]
[-0.01, -117.79, -27.2, 41.24, -7.3, -124.98, -19.02, 25.1, -0.01, -120.56, -26.97, -0.3, -49.28, -75.73, -35.02, 19.54]
[-0.01, -117.79, -27.2, 41.24, -7.3, -124.98, -19.02, 25.1, -0.01, -120.56, -26.97, -0.3, -48.65, -75.99, -34.65, 19.54]
[-0.01, -117.79, -27.2, 41.24, -7.3, -124.98, -19.02, 25.1, -0.01, -120.56, -26.97, -0.3, -48.04, -76.23, -34.27, 19.54]
[-0.01, -117.79, -27.2, 41.24, -7.3, -124.98, -19.02, 25.1, -0.01, -120.56, -26.97, -0.3, -47.42, -76.47, -33.89, 19.54]
[-0.01, -117.79, -27.2, 41.24, -7.3, -124.98, -19.02, 25.1, -0.01, -120.56, -26.97, -0.3, -46.82, -76.69, -33.51, 19.54]
[-0.01, -117.79, -27.2, 41.24, -7.3, -124.98, -19.02, 25.1, -0.01, -120.56, -26.97, -0.3, -46.22, -76.91, -33.13, 19.54]
[-0.01, -117.79, -27.2, 41.24, -7.3, -124.98, -19.02, 25.1, -0.01, -120.56, -26.97, -0.3, -45.63, -77.11, -32.74, 19.54]
[-0.01, -117.79, -27.2, 41.24, -7.3, -124.98, -19.02, 25.1, -0.01, -120.56, -26.97, -0.3, -45.04, -77.3, -32.34, 19.54]
[-0.01, -117.79, -27.2, 41.24, -7.3, -124.98, -19.02, 25.1, -0.01, -120.56, -26.97, -0.3, -44.46, -77.48, -31.95, 19.54]
[-0.01, -117.79, -27.2, 41.24, -7.3, -124.98, -19.02, 25.1, -0.01, -120.56, -26.97, -0.3, -43.89, -77.65, -31.55, 19.54]
[-0.01, -117.79, -27.2, 41.24, -7.3, -124.98, -19.02, 25.1, -0.01, -120.56, -26.97, -0.3, -43.33, -77.81, -31.14, 19.54]
[-0.01, -117.79, -27.2, 41.24, -7.3, -124.98, -19.02, 25.1, -0.01, -120.56, -26.97, -0.3, -42.77, -77.96, -30.73, 19.54]
[-0.01, -117.79, -27.2, 41.24, -7.3, -124.98, -19.02, 25.1, -0.01, -120.56, -26.97, -0.3, -42.22, -78.1, -30.32, 19.54]
[-0.01, -117.79, -27.2, 41.24, -7.3, -124.98, -19.02, 25.1, -0.01, -120.56, -26.97, -0.3, -41.68, -78.23, -29.91, 19.54]
[-0.01, -117.79, -27.2, 41.24, -7.3, -124.98, -19.02, 25.1, -0.01, -120.56, -26.97, -0.3, -41.14, -78.35, -29.49, 19.54]
[-0.01, -117.79, -27.2, 41.24, -7.3, -124.98, -19.02, 25.1, -0.01, -120.56, -26.97, -0.3, -40.61, -78.46, -29.07, 19.54]
[-0.01, -117.79, -27.2, 41.24, -7.3, -124.98, -19.02, 25.1, -0.01, -120.56, -26.97, -0.3, -40.09, -78.56, -28.64, 19.54]
[-0.01, -117.79, -27.2, 41.24, -7.3, -124.98, -19.02, 25.1, -0.01, -120.56, -26.97, -0.3, -39.57, -78.65, -28.22, 19.54]
[-0.01, -117.79, -27.2, 41.24, -7.3, -124.98, -19.02, 25.1, -0.01, -120.56, -26.97, -0.3, -39.06, -78.72, -27.79, 19.54]
[-0.01, -117.79, -27.2, 41.24, -7.3, -124.98, -19.02, 25.1, -0.01, -120.56, -26.97, -0.3, -38.56, -78.79, -27.35, 19.54]
[-0.01, -117.79, -27.2, 41.24, -7.3, -124.98, -19.02, 25.1, -0.01, -120.56, -26.97, -0.3, -38.07, -78.85, -26.92, 19.54]
[-0.01, -117.79, -27.2, 41.24, -7.3, -124.98, -19.02, 25.1, -0.01, -120.56, -26.97, -0.3, -37.58, -78.89, -26.48, 19.54]
[-0.01, -117.79, -27.2, 41.24, -7.3, -124.98, -19.02, 25.1, -0.01, -120.56, -26.97, -0.3, -37.1, -78.93, -26.04, 19.54]
[-0.01, -117.79, -27.2, 41.24, -7.3, -124.98, -19.02, 25.1, -0.01, -120.56, -26.97, -0.3, -36.63, -78.96, -25.59, 19.54]
[-0.01, -117.79, -27.2, 41.24, -7.3, -124.98, -19.02, 25.1, -0.01, -120.56, -26.97, -0.3, -36.17, -78.97, -25.14, 19.54]
[-0.01, -117.79, -27.2, 41.24, -7.3, -124.98, -19.02, 25.1, -0.01, -120.56, -26.97, -0.3, -35.72, -78.98, -24.69, 19.54]
[-0.01, -117.79, -27.2, 41.24, -7.3, -124.98, -19.02, 25.1, -0.01, -120.56, -26.97, -0.3, -35.27, -78.97, -24.24, 19.54]
[-0.01, -117.79, -27.2, 41.24, -7.3, -124.98, -19.02, 25.1, -0.01, -120.56, -26.97, -0.3, -34.83, -78.96, -23.79, 19.54]
[-0.01, -117.79, -27.2, 41.24, -7.3, -124.98, -19.02, 25.1, -0.01, -120.56, -26.97, -0.3, -34.4, -78.93, -23.33, 19.54]
[-0.01, -117.79, -27.2, 41.24, -7.3, -124.98, -19.02, 25.1, -0.01, -120.56, -26.97, -0.3, -33.97, -78.89, -22.87, 19.54]
[-0.01, -117.79, -27.2, 41.24, -7.3, -124.98, -19.02, 25.1, -0.01, -120.56, -26.97, -0.3, -33.56, -78.85, -22.41, 19.54]
[-0.01, -117.79, -27.2, 41.24, -7.3, -124.98, -19.02, 25.1, -0.01, -120.56, -26.97, -0.3, -33.15, -78.79, -21.94, 19.54]
[-0.02, -117.92, -27.2, 40.84, -7.13, -125.0, -19.32, 24.96, -0.01, -120.63, -26.96, 0.16, -32.02, -80.26, -22.28, 19.57]
[-0.01, -118.06, -27.2, 40.44, -7.0, -124.99, -19.61, 24.83, -0.03, -120.7, -26.95, 0.63, -30.89, -81.71, -22.61, 19.6]
[-0.01, -118.2, -27.19, 40.03, -6.82, -125.0, -19.89, 24.7, -0.01, -120.78, -26.94, 1.1, -29.77, -83.15, -22.92, 19.63]
[-0.01, -118.34, -27.19, 39.62, -6.68, -124.98, -20.17, 24.57, -0.01, -120.85, -26.93, 1.57, -28.66, -84.56, -23.22, 19.66]
[-0.02, -118.46, -27.18, 39.2, -6.49, -124.99, -20.45, 24.45, -0.02, -120.91, -26.91, 2.04, -27.55, -85.96, -23.52, 19.69]
[-0.0, -118.6, -27.17, 38.78, -6.34, -124.98, -20.72, 24.33, -0.0, -120.99, -26.9, 2.52, -26.45, -87.34, -23.8, 19.72]
[-0.02, -118.71, -27.17, 38.37, -6.14, -124.98, -20.98, 24.21, -0.03, -121.03, -26.89, 3.0, -25.35, -88.71, -24.07, 19.75]
[-0.02, -118.84, -27.16, 37.94, -5.94, -124.99, -21.24, 24.09, -0.03, -121.09, -26.88, 3.47, -24.26, -90.07, -24.33, 19.78]
[-0.02, -118.96, -27.15, 37.52, -5.77, -124.97, -21.49, 23.98, -0.0, -121.16, -26.87, 3.95, -23.16, -91.41, -24.58, 19.82]
[-0.0, -119.09, -27.14, 37.09, -5.56, -124.98, -21.74, 23.87, -0.02, -121.2, -26.86, 4.44, -22.07, -92.74, -24.81, 19.85]
[-0.02, -119.19, -27.13, 36.66, -5.35, -124.99, -21.98, 23.76, -0.02, -121.26, -26.85, 4.92, -20.98, -94.06, -25.04, 19.88]
[-0.01, -119.31, -27.12, 36.23, -5.13, -124.99, -22.21, 23.66, -0.02, -121.3, -26.84, 5.4, -19.89, -95.37, -25.26, 19.91]
[-0.01, -119.42, -27.11, 35.79, -4.9, -125.0, -22.44, 23.56, -0.0, -121.36, -26.83, 5.89, -18.8, -96.66, -25.46, 19.95]
[-0.02, -119.53, -27.1, 35.36, -4.7, -124.98, -22.67, 23.46, -0.03, -121.39, -26.82, 6.38, -17.71, -97.95, -25.66, 19.98]
[-0.0, -119.65, -27.09, 34.92, -4.47, -124.98, -22.89, 23.36, -0.03, -121.43, -26.81, 6.87, -16.61, -99.23, -25.84, 20.02]
[-0.03, -119.73, -27.08, 34.47, -4.22, -124.99, -23.1, 23.27, -0.0, -121.49, -26.81, 7.36, -15.52, -100.5, -26.01, 20.05]
[-0.02, -119.84, -27.07, 34.03, -3.98, -125.0, -23.3, 23.17, -0.02, -121.51, -26.8, 7.85, -14.42, -101.76, -26.18, 20.09]
[-0.03, -119.93, -27.06, 33.58, -3.76, -124.97, -23.5, 23.08, -0.02, -121.55, -26.79, 8.34, -13.31, -103.01, -26.33, 20.12]
[-0.0, -120.04, -27.05, 33.13, -3.5, -124.98, -23.7, 22.99, -0.02, -121.58, -26.78, 8.83, -12.21, -104.26, -26.47, 20.16]
[-0.03, -120.12, -27.03, 32.68, -3.23, -124.98, -23.89, 22.91, -0.0, -121.62, -26.78, 9.33, -11.1, -105.5, -26.6, 20.2]
[-0.02, -120.21, -27.02, 32.22, -2.96, -124.99, -24.07, 22.82, -0.03, -121.63, -26.77, 9.82, -9.98, -106.74, -26.72, 20.23]
[-0.02, -120.3, -27.01, 31.77, -2.68, -124.99, -24.25, 22.74, -0.03, -121.65, -26.77, 10.32, -8.86, -107.96, -26.82, 20.27]
[-0.0, -120.4, -27.0, 31.31, -2.4, -125.0, -24.42, 22.66, -0.0, -121.69, -26.76, 10.81, -7.73, -109.19, -26.92, 20.31]
[-0.02, -120.47, -26.99, 30.85, -2.15, -124.98, -24.59, 22.58, -0.03, -121.7, -26.76, 11.31, -6.59, -110.41, -27.0, 20.35]
[-0.02, -120.55, -26.97, 30.38, -1.85, -124.98, -24.75, 22.5, -0.02, -121.71, -26.75, 11.81, -5.44, -111.62, -27.07, 20.39]
[-0.02, -120.62, -26.96, 29.92, -1.55, -124.99, -24.9, 22.42, -0.0, -121.75, -26.75, 12.31, -4.29, -112.83, -27.12, 20.43]
[-0.0, -120.72, -26.95, 29.45, -1.25, -124.99, -25.05, 22.35, -0.02, -121.75, -26.75, 12.8, -3.13, -114.04, -27.17, 20.47]
[-0.03, -120.77, -26.94, 28.98, -0.93, -125.0, -25.2, 22.27, -0.02, -121.76, -26.75, 13.3, -1.95, -115.24, -27.2, 20.51]
[-0.02, -120.84, -26.93, 28.51, -0.65, -124.98, -25.33, 22.2, -0.02, -121.77, -26.74, 13.8, -0.77, -116.45, -27.21, 20.55]
[-0.03, -120.91, -26.92, 28.04, -0.33, -124.98, -25.46, 22.13, -0.0, -121.79, -26.74, 14.3, -0.01, -117.33, -27.22, 20.6]
[-0.01, -120.99, -26.9, 27.56, -0.0, -124.99, -25.59, 22.06, -0.03, -121.77, -26.74, 14.8, -0.01, -117.65, -27.21, 20.64]
[-0.0, -121.06, -26.89, 27.08, -0.0, -124.75, -25.71, 21.99, -0.03, -121.77, -26.74, 15.3, -0.02, -117.97, -27.2, 20.68]
[-0.0, -121.12, -26.88, 26.61, -0.03, -124.49, -25.83, 21.93, -0.0, -121.78, -26.74, 15.8, -0.02, -118.28, -27.19, 20.73]
[-0.01, -121.17, -26.87, 26.13, -0.02, -124.26, -25.94, 21.86, -0.03, -121.76, -26.74, 16.3, -0.02, -118.6, -27.18, 20.77]
[-0.03, -121.21, -26.86, 25.64, -0.0, -124.02, -26.04, 21.8, -0.02, -121.75, -26.75, 16.8, -0.01, -118.92, -27.16, 20.82]
[-0.02, -121.26, -26.85, 25.16, -0.02, -123.76, -26.14, 21.73, -0.0, -121.77, -26.75, 17.3, -0.0, -119.24, -27.13, 20.87]
[-0.03, -121.31, -26.84, 24.68, -0.02, -123.5, -26.24, 21.67, -0.02, -121.74, -26.75, 17.79, -0.02, -119.53, -27.11, 20.92]
[-0.0, -121.37, -26.83, 24.19, -0.03, -123.24, -26.33, 21.61, -0.02, -121.73, -26.75, 18.29, -0.01, -119.84, -27.07, 20.96]
[-0.03, -121.4, -26.82, 23.7, -0.02, -122.98, -26.42, 21.55, -0.02, -121.71, -26.76, 18.79, -0.02, -120.13, -27.04, 21.01]
[-0.03, -121.44, -26.81, 23.21, -0.02, -122.72, -26.5, 21.49, -0.0, -121.7, -26.76, 19.29, -0.03, -120.42, -27.0, 21.06]
[-0.0, -121.5, -26.81, 22.72, -0.01, -122.45, -26.57, 21.43, -0.03, -121.66, -26.77, 19.78, -0.0, -120.74, -26.95, 21.12]
[-0.02, -121.53, -26.8, 22.23, -0.03, -122.17, -26.65, 21.38, -0.03, -121.64, -26.77, 20.28, -0.0, -121.03, -26.9, 21.17]
[-0.01, -121.57, -26.79, 21.74, -0.01, -121.9, -26.72, 21.32, -0.0, -121.63, -26.78, 20.77, -0.0, -121.32, -26.85, 21.22]
[-0.02, -121.6, -26.78, 21.25, -0.02, -121.62, -26.78, 21.27, -0.03, -121.58, -26.79, 21.27, -0.03, -121.58, -26.79, 21.27]
[-0.01, -121.75, -26.75, 20.51, -0.03, -121.77, -26.74, 20.51, -0.0, -121.76, -26.75, 20.52, -0.02, -121.73, -26.76, 20.54]
[-0.03, -121.87, -26.72, 19.77, -0.01, -121.92, -26.71, 19.77, -0.02, -121.88, -26.72, 19.78, -0.0, -121.88, -26.73, 19.8]
[-0.01, -122.0, -26.69, 18.98, -0.03, -122.02, -26.68, 18.98, -0.0, -122.01, -26.69, 18.99, -0.02, -121.98, -26.7, 19.02]
[-0.0, -122.09, -26.67, 18.21, -0.03, -122.11, -26.66, 18.21, -0.0, -122.11, -26.67, 18.22, -0.02, -122.07, -26.68, 18.24]
[-0.03, -122.15, -26.65, 17.43, -0.01, -122.2, -26.64, 17.43, -0.03, -122.17, -26.65, 17.44, -0.0, -122.17, -26.66, 17.47]
[-0.01, -122.21, -26.64, 16.64, -0.03, -122.23, -26.63, 16.63, -0.01, -122.23, -26.64, 16.64, -0.02, -122.2, -26.65, 16.67]
[-0.02, -122.24, -26.63, 15.83, -0.0, -122.29, -26.62, 15.83, -0.02, -122.26, -26.63, 15.84, -0.03, -122.23, -26.64, 15.87]
[-0.01, -122.26, -26.63, 15.05, -0.03, -122.28, -26.62, 15.05, -0.0, -122.28, -26.62, 15.06, -0.01, -122.25, -26.63, 15.09]