[-26.86, -124.52, -61.38, 0.0, -26.86, -124.52, -61.38, 0.0, -26.86, -124.52, -61.38, 0.0, -26.86, -124.52, -61.38, 0.0]
[-27.5, -123.57, -61.07, -0.16, -27.09, -124.18, -61.27, 0.46, -26.76, -124.98, -61.53, 0.17, -26.64, -124.85, -61.49, -0.46]
[-28.14, -122.62, -60.76, -0.32, -27.33, -123.83, -61.16, 0.92, -27.16, -124.99, -61.53, 0.33, -26.62, -124.99, -61.54, -0.93]
[-28.78, -121.66, -60.44, -0.48, -27.57, -123.47, -61.04, 1.37, -27.55, -125.0, -61.52, 0.5, -26.77, -124.99, -61.53, -1.39]
[-29.42, -120.7, -60.12, -0.64, -27.81, -123.1, -60.92, 1.82, -27.96, -124.99, -61.5, 0.68, -26.91, -124.98, -61.53, -1.86]
[-30.06, -119.73, -59.79, -0.79, -28.06, -122.73, -60.79, 2.27, -28.36, -124.98, -61.47, 0.85, -27.04, -124.98, -61.53, -2.33]
[-30.69, -118.77, -59.46, -0.94, -28.32, -122.35, -60.67, 2.71, -28.73, -125.0, -61.45, 1.03, -27.17, -124.98, -61.53, -2.81]
[-31.34, -117.79, -59.13, -1.09, -28.58, -121.96, -60.54, 3.16, -29.12, -125.0, -61.42, 1.22, -27.28, -124.99, -61.53, -3.29]
[-31.98, -116.82, -58.79, -1.23, -28.84, -121.57, -60.41, 3.6, -29.52, -124.98, -61.37, 1.4, -27.39, -125.0, -61.53, -3.77]
[-32.62, -115.83, -58.45, -1.38, -29.11, -121.16, -60.27, 4.03, -29.89, -124.99, -61.32, 1.59, -27.51, -124.99, -61.52, -4.25]
[-33.26, -114.85, -58.11, -1.52, -29.38, -120.75, -60.13, 4.47, -30.25, -125.0, -61.27, 1.78, -27.63, -124.98, -61.51, -4.73]
[-33.91, -113.86, -57.76, -1.66, -29.66, -120.33, -59.99, 4.9, -30.62, -124.99, -61.21, 1.98, -27.73, -124.99, -61.51, -5.22]
[-34.56, -112.86, -57.42, -1.79, -29.94, -119.91, -59.85, 5.33, -30.99, -124.98, -61.14, 2.18, -27.84, -124.98, -61.5, -5.7]
[-35.21, -111.86, -57.06, -1.93, -30.23, -119.47, -59.7, 5.75, -31.35, -124.98, -61.07, 2.38, -27.93, -124.99, -61.5, -6.19]
[-35.86, -110.85, -56.71, -2.06, -30.52, -119.03, -59.55, 6.18, -31.7, -124.98, -60.99, 2.59, -28.02, -125.0, -61.5, -6.69]
[-36.51, -109.84, -56.35, -2.19, -30.81, -118.58, -59.4, 6.59, -32.04, -124.99, -60.9, 2.8, -28.12, -124.99, -61.49, -7.18]
[-37.17, -108.82, -55.98, -2.32, -31.12, -118.13, -59.24, 7.01, -32.37, -124.99, -60.81, 3.01, -28.2, -125.0, -61.49, -7.68]
[-37.83, -107.79, -55.62, -2.45, -31.42, -117.66, -59.08, 7.42, -32.72, -124.98, -60.71, 3.23, -28.29, -125.0, -61.48, -8.17]
[-38.49, -106.76, -55.25, -2.58, -31.73, -117.19, -58.92, 7.83, -33.05, -124.98, -60.6, 3.45, -28.38, -124.99, -61.48, -8.67]
[-39.15, -105.72, -54.87, -2.7, -32.04, -116.71, -58.76, 8.24, -33.36, -125.0, -60.5, 3.67, -28.45, -125.0, -61.47, -9.17]
[-39.82, -104.67, -54.49, -2.82, -32.36, -116.23, -58.59, 8.65, -33.68, -125.0, -60.38, 3.9, -28.52, -124.99, -61.47, -9.68]
[-40.49, -103.62, -54.11, -2.94, -32.68, -115.74, -58.42, 9.05, -34.01, -124.98, -60.25, 4.14, -28.6, -124.98, -61.46, -10.18]
[-41.17, -102.56, -53.73, -3.06, -33.01, -115.23, -58.25, 9.45, -34.32, -124.99, -60.12, 4.38, -28.67, -124.99, -61.45, -10.69]
[-41.85, -101.49, -53.34, -3.18, -33.34, -114.73, -58.07, 9.84, -34.63, -124.98, -59.98, 4.62, -28.74, -124.98, -61.45, -11.2]
[-42.53, -100.41, -52.94, -3.3, -33.68, -114.21, -57.89, 10.23, -34.92, -125.0, -59.84, 4.87, -28.79, -124.99, -61.44, -11.7]
[-43.22, -99.33, -52.55, -3.41, -34.02, -113.69, -57.71, 10.62, -35.22, -124.99, -59.68, 5.12, -28.84, -124.99, -61.44, -12.21]
[-43.91, -98.24, -52.14, -3.52, -34.36, -113.16, -57.52, 11.01, -35.51, -125.0, -59.52, 5.38, -28.88, -125.0, -61.44, -12.72]
[-44.61, -97.13, -51.74, -3.63, -34.71, -112.62, -57.33, 11.39, -35.79, -125.0, -59.36, 5.64, -28.95, -124.98, -61.43, -13.24]
[-45.31, -96.02, -51.33, -3.74, -35.06, -112.08, -57.14, 11.77, -36.08, -124.99, -59.18, 5.91, -28.97, -125.0, -61.43, -13.75]
[-46.01, -94.9, -50.91, -3.85, -35.42, -111.52, -56.94, 12.15, -36.34, -125.0, -59.0, 6.18, -29.03, -124.98, -61.42, -14.26]
[-46.73, -93.77, -50.5, -3.96, -35.78, -110.96, -56.75, 12.52, -36.62, -124.99, -58.81, 6.46, -29.06, -124.98, -61.42, -14.78]
[-47.44, -92.63, -50.07, -4.06, -36.15, -110.4, -56.55, 12.89, -36.88, -124.99, -58.61, 6.74, -29.08, -125.0, -61.42, -15.29]
[-48.17, -91.48, -49.64, -4.17, -36.52, -109.82, -56.34, 13.26, -37.14, -124.99, -58.41, 7.03, -29.13, -124.98, -61.41, -15.81]
[-48.9, -90.31, -49.21, -4.27, -36.89, -109.24, -56.13, 13.62, -37.39, -124.99, -58.2, 7.33, -29.14, -125.0, -61.41, -16.33]
[-49.64, -89.14, -48.77, -4.37, -37.27, -108.65, -55.92, 13.99, -37.63, -125.0, -57.99, 7.63, -29.17, -124.98, -61.41, -16.85]
[-50.38, -87.95, -48.33, -4.47, -37.66, -108.05, -55.71, 14.34, -37.88, -124.99, -57.76, 7.94, -29.19, -124.98, -61.4, -17.36]
[-51.13, -86.75, -47.88, -4.57, -38.04, -107.45, -55.49, 14.7, -38.11, -125.0, -57.54, 8.25, -29.19, -124.99, -61.41, -17.88]
[-51.89, -85.53, -47.43, -4.67, -38.44, -106.84, -55.27, 15.05, -38.34, -124.99, -57.3, 8.57, -29.2, -125.0, -61.41, -18.4]
[-52.66, -84.31, -46.97, -4.76, -38.83, -106.22, -55.05, 15.4, -38.57, -124.99, -57.05, 8.9, -29.21, -124.99, -61.4, -18.92]
[-53.44, -83.06, -46.5, -4.86, -39.23, -105.59, -54.83, 15.75, -38.79, -124.99, -56.8, 9.24, -29.21, -125.0, -61.41, -19.44]
[-54.22, -81.81, -46.03, -4.95, -39.64, -104.96, -54.6, 16.09, -39.0, -124.99, -56.54, 9.58, -29.21, -125.0, -61.41, -19.96]
[-55.02, -80.53, -45.55, -5.04, -40.05, -104.31, -54.36, 16.43, -39.21, -124.99, -56.28, 9.93, -29.22, -124.99, -61.4, -20.48]
[-55.83, -79.24, -45.07, -5.14, -40.46, -103.66, -54.13, 16.77, -39.4, -125.0, -56.01, 10.29, -29.21, -124.99, -61.4, -20.99]
[-56.64, -77.93, -44.57, -5.23, -40.88, -103.01, -53.89, 17.11, -39.61, -124.98, -55.72, 10.65, -29.2, -124.98, -61.4, -21.51]
[-57.47, -76.6, -44.07, -5.32, -41.31, -102.34, -53.65, 17.44, -39.79, -124.99, -55.44, 11.03, -29.18, -124.99, -61.41, -22.03]
[-58.31, -75.26, -43.57, -5.4, -41.73, -101.67, -53.4, 17.77, -39.98, -124.98, -55.14, 11.41, -29.16, -124.99, -61.41, -22.55]
[-59.16, -73.89, -43.05, -5.49, -42.17, -100.99, -53.15, 18.09, -40.15, -124.99, -54.85, 11.8, -29.13, -125.0, -61.41, -23.07]
[-60.03, -72.5, -42.53, -5.58, -42.6, -100.3, -52.9, 18.42, -40.33, -124.98, -54.54, 12.2, -29.1, -125.0, -61.42, -23.58]
[-60.91, -71.09, -42.0, -5.66, -43.05, -99.6, -52.64, 18.74, -40.48, -125.0, -54.24, 12.61, -29.08, -124.99, -61.42, -24.1]
[-61.51, -70.85, -42.37, -5.41, -43.05, -99.6, -52.64, 18.74, -40.48, -125.0, -54.24, 12.61, -29.08, -124.99, -61.42, -24.1]
[-62.13, -70.6, -42.73, -5.16, -43.05, -99.6, -52.64, 18.74, -40.48, -125.0, -54.24, 12.61, -29.08, -124.99, -61.42, -24.1]
[-62.75, -70.34, -43.09, -4.91, -43.05, -99.6, -52.64, 18.74, -40.48, -125.0, -54.24, 12.61, -29.08, -124.99, -61.42, -24.1]
[-63.38, -70.05, -43.44, -4.66, -43.05, -99.6, -52.64, 18.74, -40.48, -125.0, -54.24, 12.61, -29.08, -124.99, -61.42, -24.1]
[-64.03, -69.76, -43.78, -4.41, -43.05, -99.6, -52.64, 18.74, -40.48, -125.0, -54.24, 12.61, -29.08, -124.99, -61.42, -24.1]
[-64.68, -69.44, -44.12, -4.16, -43.05, -99.6, -52.64, 18.74, -40.48, -125.0, -54.24, 12.61, -29.08, -124.99, -61.42, -24.1]
[-65.34, -69.11, -44.45, -3.91, -43.05, -99.6, -52.64, 18.74, -40.48, -125.0, -54.24, 12.61, -29.08, -124.99, -61.42, -24.1]
[-66.01, -68.76, -44.77, -3.65, -43.05, -99.6, -52.64, 18.74, -40.48, -125.0, -54.24, 12.61, -29.08, -124.99, -61.42, -24.1]
[-66.69, -68.4, -45.09, -3.4, -43.05, -99.6, -52.64, 18.74, -40.48, -125.0, -54.24, 12.61, -29.08, -124.99, -61.42, -24.1]
[-67.38, -68.02, -45.4, -3.15, -43.05, -99.6, -52.64, 18.74, -40.48, -125.0, -54.24, 12.61, -29.08, -124.99, -61.42, -24.1]
[-68.08, -67.62, -45.71, -2.89, -43.05, -99.6, -52.64, 18.74, -40.48, -125.0, -54.24, 12.61, -29.08, -124.99, -61.42, -24.1]
[-68.8, -67.21, -46.0, -2.64, -43.05, -99.6, -52.64, 18.74, -40.48, -125.0, -54.24, 12.61, -29.08, -124.99, -61.42, -24.1]
[-69.52, -66.77, -46.29, -2.38, -43.05, -99.6, -52.64, 18.74, -40.48, -125.0, -54.24, 12.61, -29.08, -124.99, -61.42, -24.1]
[-70.24, -66.32, -46.57, -2.13, -43.05, -99.6, -52.64, 18.74, -40.48, -125.0, -54.24, 12.61, -29.08, -124.99, -61.42, -24.1]
[-70.98, -65.86, -46.84, -1.87, -43.05, -99.6, -52.64, 18.74, -40.48, -125.0, -54.24, 12.61, -29.08, -124.99, -61.42, -24.1]
[-71.73, -65.37, -47.11, -1.62, -43.05, -99.6, -52.64, 18.74, -40.48, -125.0, -54.24, 12.61, -29.08, -124.99, -61.42, -24.1]
[-72.49, -64.87, -47.36, -1.36, -43.05, -99.6, -52.64, 18.74, -40.48, -125.0, -54.24, 12.61, -29.08, -124.99, -61.42, -24.1]
[-73.26, -64.35, -47.61, -1.1, -43.05, -99.6, -52.64, 18.74, -40.48, -125.0, -54.24, 12.61, -29.08, -124.99, -61.42, -24.1]
[-74.04, -63.81, -47.85, -0.85, -43.05, -99.6, -52.64, 18.74, -40.48, -125.0, -54.24, 12.61, -29.08, -124.99, -61.42, -24.1]
[-74.83, -63.25, -48.08, -0.59, -43.05, -99.6, -52.64, 18.74, -40.48, -125.0, -54.24, 12.61, -29.08, -124.99, -61.42, -24.1]
[-75.63, -62.67, -48.3, -0.33, -43.05, -99.6, -52.64, 18.74, -40.48, -125.0, -54.24, 12.61, -29.08, -124.99, -61.42, -24.1]
[-76.44, -62.08, -48.52, -0.07, -43.05, -99.6, -52.64, 18.74, -40.48, -125.0, -54.24, 12.61, -29.08, -124.99, -61.42, -24.1]
[-77.26, -61.46, -48.72, 0.18, -43.05, -99.6, -52.64, 18.74, -40.48, -125.0, -54.24, 12.61, -29.08, -124.99, -61.42, -24.1]
[-78.09, -60.82, -48.91, 0.44, -43.05, -99.6, -52.64, 18.74, -40.48, -125.0, -54.24, 12.61, -29.08, -124.99, -61.42, -24.1]
[-78.94, -60.16, -49.1, 0.7, -43.05, -99.6, -52.64, 18.74, -40.48, -125.0, -54.24, 12.61, -29.08, -124.99, -61.42, -24.1]
[-79.79, -59.48, -49.27, 0.96, -43.05, -99.6, -52.64, 18.74, -40.48, -125.0, -54.24, 12.61, -29.08, -124.99, -61.42, -24.1]
[-80.66, -58.78, -49.44, 1.22, -43.05, -99.6, -52.64, 18.74, -40.48, -125.0, -54.24, 12.61, -29.08, -124.99, -61.42, -24.1]
[-81.53, -58.06, -49.59, 1.48, -43.05, -99.6, -52.64, 18.74, -40.48, -125.0, -54.24, 12.61, -29.08, -124.99, -61.42, -24.1]
[-82.42, -57.31, -49.73, 1.74, -43.05, -99.6, -52.64, 18.74, -40.48, -125.0, -54.24, 12.61, -29.08, -124.99, -61.42, -24.1]
[-83.33, -56.54, -49.86, 2.0, -43.05, -99.6, -52.64, 18.74, -40.48, -125.0, -54.24, 12.61, -29.08, -124.99, -61.42, -24.1]
[-84.24, -55.74, -49.98, 2.26, -43.05, -99.6, -52.64, 18.74, -40.48, -125.0, -54.24, 12.61, -29.08, -124.99, -61.42, -24.1]
[-85.17, -54.92, -50.09, 2.52, -43.05, -99.6, -52.64, 18.74, -40.48, -125.0, -54.24, 12.61, -29.08, -124.99, -61.42, -24.1]
[-86.12, -54.07, -50.19, 2.78, -43.05, -99.6, -52.64, 18.74, -40.48, -125.0, -54.24, 12.61, -29.08, -124.99, -61.42, -24.1]
[-87.07, -53.2, -50.27, 3.04, -43.05, -99.6, -52.64, 18.74, -40.48, -125.0, -54.24, 12.61, -29.08, -124.99, -61.42, -24.1]
[-88.05, -52.29, -50.34, 3.3, -43.05, -99.6, -52.64, 18.74, -40.48, -125.0, -54.24, 12.61, -29.08, -124.99, -61.42, -24.1]
[-89.04, -51.36, -50.4, 3.57, -43.05, -99.6, -52.64, 18.74, -40.48, -125.0, -54.24, 12.61, -29.08, -124.99, -61.42, -24.1]
[-90.05, -50.4, -50.44, 3.83, -43.05, -99.6, -52.64, 18.74, -40.48, -125.0, -54.24, 12.61, -29.08, -124.99, -61.42, -24.1]
[-91.07, -49.4, -50.47, 4.09, -43.05, -99.6, -52.64, 18.74, -40.48, -125.0, -54.24, 12.61, -29.08, -124.99, -61.42, -24.1]
[-92.12, -48.37, -50.49, 4.35, -43.05, -99.6, -52.64, 18.74, -40.48, -125.0, -54.24, 12.61, -29.08, -124.99, -61.42, -24.1]
[-93.18, -47.3, -50.48, 4.61, -43.05, -99.6, -52.64, 18.74, -40.48, -125.0, -54.24, 12.61, -29.08, -124.99, -61.42, -24.1]
[-94.27, -46.19, -50.46, 4.87, -43.05, -99.6, -52.64, 18.74, -40.48, -125.0, -54.24, 12.61, -29.08, -124.99, -61.42, -24.1]
[-95.38, -45.04, -50.43, 5.14, -43.05, -99.6, -52.64, 18.74, -40.48, -125.0, -54.24, 12.61, -29.08, -124.99, -61.42, -24.1]
[-96.52, -43.85, -50.37, 5.4, -43.05, -99.6, -52.64, 18.74, -40.48, -125.0, -54.24, 12.61, -29.08, -124.99, -61.42, -24.1]
[-97.69, -42.61, -50.29, 5.66, -43.05, -99.6, -52.64, 18.74, -40.48, -125.0, -54.24, 12.61, -29.08, -124.99, -61.42, -24.1]
[-98.88, -41.31, -50.19, 5.92, -43.05, -99.6, -52.64, 18.74, -40.48, -125.0, -54.24, 12.61, -29.08, -124.99, -61.42, -24.1]
[-100.11, -39.96, -50.07, 6.19, -43.05, -99.6, -52.64, 18.74, -40.48, -125.0, -54.24, 12.61, -29.08, -124.99, -61.42, -24.1]
[-101.38, -38.55, -49.93, 6.45, -43.05, -99.6, -52.64, 18.74, -40.48, -125.0, -54.24, 12.61, -29.08, -124.99, -61.42, -24.1]
[-102.69, -37.07, -49.75, 6.71, -43.05, -99.6, -52.64, 18.74, -40.48, -125.0, -54.24, 12.61, -29.08, -124.99, -61.42, -24.1]
[-104.04, -35.51, -49.55, 6.97, -43.05, -99.6, -52.64, 18.74, -40.48, -125.0, -54.24, 12.61, -29.08, -124.99, -61.42, -24.1]
[-105.45, -33.86, -49.31, 7.24, -43.05, -99.6, -52.64, 18.74, -40.48, -125.0, -54.24, 12.61, -29.08, -124.99, -61.42, -24.1]
[-106.92, -32.11, -49.03, 7.5, -43.05, -99.6, -52.64, 18.74, -40.48, -125.0, -54.24, 12.61, -29.08, -124.99, -61.42, -24.1]
[-108.47, -30.24, -48.71, 7.76, -43.05, -99.6, -52.64, 18.74, -40.48, -125.0, -54.24, 12.61, -29.08, -124.99, -61.42, -24.1]
[-110.1, -28.23, -48.33, 8.03, -43.05, -99.6, -52.64, 18.74, -40.48, -125.0, -54.24, 12.61, -29.08, -124.99, -61.42, -24.1]
[-111.85, -26.05, -47.9, 8.29, -43.05, -99.6, -52.64, 18.74, -40.48, -125.0, -54.24, 12.61, -29.08, -124.99, -61.42, -24.1]
[-113.74, -23.64, -47.38, 8.55, -43.05, -99.6, -52.64, 18.74, -40.48, -125.0, -54.24, 12.61, -29.08, -124.99, -61.42, -24.1]
[-115.82, -20.94, -46.75, 8.81, -43.05, -99.6, -52.64, 18.74, -40.48, -125.0, -54.24, 12.61, -29.08, -124.99, -61.42, -24.1]
[-118.11, -17.9, -46.02, 9.08, -43.05, -99.6, -52.64, 18.74, -40.48, -125.0, -54.24, 12.61, -29.08, -124.99, -61.42, -24.1]
[-120.0, -15.39, -45.51, 9.34, -43.05, -99.6, -52.64, 18.74, -40.48, -125.0, -54.24, 12.61, -29.08, -124.99, -61.42, -24.1]
[-119.96, -15.63, -46.08, 9.6, -43.05, -99.6, -52.64, 18.74, -40.48, -125.0, -54.24, 12.61, -29.08, -124.99, -61.42, -24.1]
[-119.96, -15.8, -46.62, 9.86, -43.05, -99.6, -52.64, 18.74, -40.48, -125.0, -54.24, 12.61, -29.08, -124.99, -61.42, -24.1]
[-119.94, -15.89, -46.66, 9.85, -43.07, -99.56, -52.63, 18.7, -40.46, -125.0, -54.27, 12.64, -29.11, -124.99, -61.41, -24.07]
[-119.94, -15.7, -46.11, 9.85, -43.07, -99.56, -52.63, 18.7, -40.46, -125.0, -54.27, 12.64, -29.11, -124.99, -61.41, -24.07]
[-119.97, -15.46, -45.54, 9.85, -43.07, -99.56, -52.63, 18.7, -40.46, -125.0, -54.27, 12.64, -29.11, -124.99, -61.41, -24.07]
[-118.14, -17.86, -46.0, 9.85, -43.07, -99.56, -52.63, 18.7, -40.46, -125.0, -54.27, 12.64, -29.11, -124.99, -61.41, -24.07]
[-115.83, -20.92, -46.75, 9.85, -43.07, -99.56, -52.63, 18.7, -40.46, -125.0, -54.27, 12.64, -29.11, -124.99, -61.41, -24.07]
[-113.77, -23.58, -47.35, 9.85, -43.07, -99.56, -52.63, 18.7, -40.46, -125.0, -54.27, 12.64, -29.11, -124.99, -61.41, -24.07]
[-111.9, -25.95, -47.86, 9.85, -43.07, -99.56, -52.63, 18.7, -40.46, -125.0, -54.27, 12.64, -29.11, -124.99, -61.41, -24.07]
[-110.17, -28.12, -48.29, 9.85, -43.07, -99.56, -52.63, 18.7, -40.46, -125.0, -54.27, 12.64, -29.11, -124.99, -61.41, -24.07]
[-108.54, -30.12, -48.66, 9.85, -43.07, -99.56, -52.63, 18.7, -40.46, -125.0, -54.27, 12.64, -29.11, -124.99, -61.41, -24.07]
[-106.99, -32.0, -48.98, 9.85, -43.07, -99.56, -52.63, 18.7, -40.46, -125.0, -54.27, 12.64, -29.11, -124.99, -61.41, -24.07]
[-105.51, -33.75, -49.26, 9.85, -43.07, -99.56, -52.63, 18.7, -40.46, -125.0, -54.27, 12.64, -29.11, -124.99, -61.41, -24.07]
[-104.09, -35.42, -49.51, 9.85, -43.07, -99.56, -52.63, 18.7, -40.46, -125.0, -54.27, 12.64, -29.11, -124.99, -61.41, -24.07]
[-102.72, -37.0, -49.72, 9.85, -43.07, -99.56, -52.63, 18.7, -40.46, -125.0, -54.27, 12.64, -29.11, -124.99, -61.41, -24.07]
[-101.4, -38.51, -49.91, 9.85, -43.07, -99.56, -52.63, 18.7, -40.46, -125.0, -54.27, 12.64, -29.11, -124.99, -61.41, -24.07]
[-100.11, -39.96, -50.07, 9.85, -43.07, -99.56, -52.63, 18.7, -40.46, -125.0, -54.27, 12.64, -29.11, -124.99, -61.41, -24.07]
[-98.86, -41.35, -50.21, 9.85, -43.07, -99.56, -52.63, 18.7, -40.46, -125.0, -54.27, 12.64, -29.11, -124.99, -61.41, -24.07]
[-97.64, -42.68, -50.33, 9.85, -43.07, -99.56, -52.63, 18.7, -40.46, -125.0, -54.27, 12.64, -29.11, -124.99, -61.41, -24.07]
[-96.45, -43.97, -50.42, 9.85, -43.07, -99.56, -52.63, 18.7, -40.46, -125.0, -54.27, 12.64, -29.11, -124.99, -61.41, -24.07]
[-95.29, -45.22, -50.5, 9.85, -43.07, -99.56, -52.63, 18.7, -40.46, -125.0, -54.27, 12.64, -29.11, -124.99, -61.41, -24.07]
[-94.15, -46.42, -50.57, 9.85, -43.07, -99.56, -52.63, 18.7, -40.46, -125.0, -54.27, 12.64, -29.11, -124.99, -61.41, -24.07]
[-93.02, -47.59, -50.61, 9.85, -43.07, -99.56, -52.63, 18.7, -40.46, -125.0, -54.27, 12.64, -29.11, -124.99, -61.41, -24.07]
[-91.92, -48.72, -50.64, 9.85, -43.07, -99.56, -52.63, 18.7, -40.46, -125.0, -54.27, 12.64, -29.11, -124.99, -61.41, -24.07]
[-90.84, -49.82, -50.66, 9.85, -43.07, -99.56, -52.63, 18.7, -40.46, -125.0, -54.27, 12.64, -29.11, -124.99, -61.41, -24.07]
[-89.77, -50.89, -50.66, 9.85, -43.07, -99.56, -52.63, 18.7, -40.46, -125.0, -54.27, 12.64, -29.11, -124.99, -61.41, -24.07]
[-88.72, -51.93, -50.66, 9.85, -43.07, -99.56, -52.63, 18.7, -40.46, -125.0, -54.27, 12.64, -29.11, -124.99, -61.41, -24.07]
[-87.69, -52.94, -50.63, 9.85, -43.07, -99.56, -52.63, 18.7, -40.46, -125.0, -54.27, 12.64, -29.11, -124.99, -61.41, -24.07]
[-86.67, -53.93, -50.6, 9.85, -43.07, -99.56, -52.63, 18.7, -40.46, -125.0, -54.27, 12.64, -29.11, -124.99, -61.41, -24.07]
[-85.66, -54.89, -50.56, 9.85, -43.07, -99.56, -52.63, 18.7, -40.46, -125.0, -54.27, 12.64, -29.11, -124.99, -61.41, -24.07]
[-84.67, -55.83, -50.5, 9.85, -43.07, -99.56, -52.63, 18.7, -40.46, -125.0, -54.27, 12.64, -29.11, -124.99, -61.41, -24.07]
[-83.68, -56.75, -50.43, 9.85, -43.07, -99.56, -52.63, 18.7, -40.46, -125.0, -54.27, 12.64, -29.11, -124.99, -61.41, -24.07]
[-82.71, -57.65, -50.36, 9.85, -43.07, -99.56, -52.63, 18.7, -40.46, -125.0, -54.27, 12.64, -29.11, -124.99, -61.41, -24.07]
[-81.75, -58.52, -50.27, 9.85, -43.07, -99.56, -52.63, 18.7, -40.46, -125.0, -54.27, 12.64, -29.11, -124.99, -61.41, -24.07]
[-80.8, -59.38, -50.17, 9.85, -43.07, -99.56, -52.63, 18.7, -40.46, -125.0, -54.27, 12.64, -29.11, -124.99, -61.41, -24.07]
[-79.85, -60.21, -50.07, 9.85, -43.07, -99.56, -52.63, 18.7, -40.46, -125.0, -54.27, 12.64, -29.11, -124.99, -61.41, -24.07]
[-78.92, -61.03, -49.95, 9.85, -43.07, -99.56, -52.63, 18.7, -40.46, -125.0, -54.27, 12.64, -29.11, -124.99, -61.41, -24.07]
[-78.0, -61.83, -49.83, 9.85, -43.07, -99.56, -52.63, 18.7, -40.46, -125.0, -54.27, 12.64, -29.11, -124.99, -61.41, -24.07]
[-77.08, -62.61, -49.69, 9.85, -43.07, -99.56, -52.63, 18.7, -40.46, -125.0, -54.27, 12.64, -29.11, -124.99, -61.41, -24.07]
[-76.17, -63.38, -49.55, 9.85, -43.07, -99.56, -52.63, 18.7, -40.46, -125.0, -54.27, 12.64, -29.11, -124.99, -61.41, -24.07]
[-75.27, -64.13, -49.4, 9.85, -43.07, -99.56, -52.63, 18.7, -40.46, -125.0, -54.27, 12.64, -29.11, -124.99, -61.41, -24.07]
[-74.38, -64.86, -49.24, 9.85, -43.07, -99.56, -52.63, 18.7, -40.46, -125.0, -54.27, 12.64, -29.11, -124.99, -61.41, -24.07]
[-73.5, -65.58, -49.08, 9.85, -43.07, -99.56, -52.63, 18.7, -40.46, -125.0, -54.27, 12.64, -29.11, -124.99, -61.41, -24.07]
[-72.62, -66.28, -48.9, 9.85, -43.07, -99.56, -52.63, 18.7, -40.46, -125.0, -54.27, 12.64, -29.11, -124.99, -61.41, -24.07]
[-71.75, -66.97, -48.72, 9.85, -43.07, -99.56, -52.63, 18.7, -40.46, -125.0, -54.27, 12.64, -29.11, -124.99, -61.41, -24.07]
[-70.89, -67.64, -48.53, 9.85, -43.07, -99.56, -52.63, 18.7, -40.46, -125.0, -54.27, 12.64, -29.11, -124.99, -61.41, -24.07]
[-70.03, -68.3, -48.34, 9.85, -43.07, -99.56, -52.63, 18.7, -40.46, -125.0, -54.27, 12.64, -29.11, -124.99, -61.41, -24.07]
[-69.18, -68.95, -48.13, 9.85, -43.07, -99.56, -52.63, 18.7, -40.46, -125.0, -54.27, 12.64, -29.11, -124.99, -61.41, -24.07]
[-68.34, -69.58, -47.92, 9.85, -43.07, -99.56, -52.63, 18.7, -40.46, -125.0, -54.27, 12.64, -29.11, -124.99, -61.41, -24.07]
[-67.5, -70.2, -47.7, 9.85, -43.07, -99.56, -52.63, 18.7, -40.46, -125.0, -54.27, 12.64, -29.11, -124.99, -61.41, -24.07]
[-66.67, -70.81, -47.48, 9.85, -43.07, -99.56, -52.63, 18.7, -40.46, -125.0, -54.27, 12.64, -29.11, -124.99, -61.41, -24.07]
[-65.85, -71.4, -47.24, 9.85, -43.07, -99.56, -52.63, 18.7, -40.46, -125.0, -54.27, 12.64, -29.11, -124.99, -61.41, -24.07]
[-65.03, -71.98, -47.01, 9.85, -43.07, -99.56, -52.63, 18.7, -40.46, -125.0, -54.27, 12.64, -29.11, -124.99, -61.41, -24.07]
[-64.21, -72.55, -46.76, 9.85, -43.07, -99.56, -52.63, 18.7, -40.46, -125.0, -54.27, 12.64, -29.11, -124.99, -61.41, -24.07]
[-63.41, -73.1, -46.51, 9.85, -43.07, -99.56, -52.63, 18.7, -40.46, -125.0, -54.27, 12.64, -29.11, -124.99, -61.41, -24.07]
[-62.6, -73.64, -46.25, 9.85, -43.07, -99.56, -52.63, 18.7, -40.46, -125.0, -54.27, 12.64, -29.11, -124.99, -61.41, -24.07]
[-61.81, -74.18, -45.98, 9.85, -43.07, -99.56, -52.63, 18.7, -40.46, -125.0, -54.27, 12.64, -29.11, -124.99, -61.41, -24.07]
[-61.02, -74.69, -45.71, 9.85, -43.07, -99.56, -52.63, 18.7, -40.46, -125.0, -54.27, 12.64, -29.11, -124.99, -61.41, -24.07]
[-60.23, -75.2, -45.44, 9.85, -43.07, -99.56, -52.63, 18.7, -40.46, -125.0, -54.27, 12.64, -29.11, -124.99, -61.41, -24.07]
[-59.45, -75.7, -45.15, 9.85, -43.07, -99.56, -52.63, 18.7, -40.46, -125.0, -54.27, 12.64, -29.11, -124.99, -61.41, -24.07]
[-58.68, -76.18, -44.86, 9.85, -43.07, -99.56, -52.63, 18.7, -40.46, -125.0, -54.27, 12.64, -29.11, -124.99, -61.41, -24.07]
[-57.91, -76.66, -44.57, 9.85, -43.07, -99.56, -52.63, 18.7, -40.46, -125.0, -54.27, 12.64, -29.11, -124.99, -61.41, -24.07]
[-57.15, -77.12, -44.27, 9.85, -43.07, -99.56, -52.63, 18.7, -40.46, -125.0, -54.27, 12.64, -29.11, -124.99, -61.41, -24.07]
[-56.14, -78.74, -44.88, 9.95, -42.75, -100.07, -52.82, 18.24, -40.24, -124.99, -54.7, 12.39, -29.3, -124.98, -61.39, -23.48]
[-55.14, -80.33, -45.48, 10.04, -42.44, -100.55, -52.99, 17.77, -39.99, -125.0, -55.12, 12.15, -29.47, -124.99, -61.37, -22.88]
[-54.16, -81.9, -46.07, 10.14, -42.14, -101.03, -53.17, 17.3, -39.74, -124.99, -55.51, 11.92, -29.64, -124.98, -61.35, -22.28]
[-53.2, -83.45, -46.65, 10.25, -41.84, -101.5, -53.34, 16.83, -39.48, -124.99, -55.9, 11.69, -29.8, -124.98, -61.33, -21.68]
[-52.25, -84.97, -47.22, 10.35, -41.55, -101.95, -53.51, 16.35, -39.21, -124.98, -56.27, 11.47, -29.94, -125.0, -61.32, -21.07]
[-51.31, -86.47, -47.78, 10.46, -41.27, -102.39, -53.67, 15.87, -38.93, -124.98, -56.63, 11.26, -30.09, -125.0, -61.3, -20.45]
[-50.38, -87.95, -48.33, 10.56, -41.0, -102.82, -53.82, 15.39, -38.64, -124.99, -56.98, 11.05, -30.24, -124.99, -61.27, -19.83]
[-49.46, -89.41, -48.88, 10.67, -40.73, -103.24, -53.97, 14.91, -38.34, -124.99, -57.3, 10.85, -30.38, -124.99, -61.25, -19.21]
[-48.56, -90.86, -49.41, 10.78, -40.47, -103.65, -54.12, 14.42, -38.02, -124.99, -57.62, 10.65, -30.52, -124.98, -61.22, -18.58]
[-47.66, -92.28, -49.94, 10.89, -40.22, -104.04, -54.26, 13.93, -37.71, -124.98, -57.92, 10.46, -30.63, -125.0, -61.21, -17.95]
[-46.77, -93.69, -50.47, 11.01, -39.98, -104.42, -54.4, 13.44, -37.38, -124.99, -58.22, 10.27, -30.77, -124.98, -61.18, -17.32]
[-45.9, -95.09, -50.98, 11.12, -39.74, -104.79, -54.54, 12.95, -37.03, -125.0, -58.5, 10.09, -30.89, -124.98, -61.16, -16.68]
[-45.03, -96.46, -51.49, 11.24, -39.51, -105.15, -54.67, 12.45, -36.68, -125.0, -58.76, 9.92, -30.99, -124.98, -61.14, -16.04]
[-44.17, -97.83, -52.0, 11.36, -39.29, -105.5, -54.79, 11.95, -36.34, -124.98, -59.0, 9.75, -31.09, -125.0, -61.12, -15.39]
[-43.31, -99.18, -52.49, 11.48, -39.08, -105.83, -54.91, 11.45, -35.96, -125.0, -59.25, 9.58, -31.19, -125.0, -61.1, -14.74]
[-42.46, -100.52, -52.98, 11.61, -38.87, -106.16, -55.03, 10.95, -35.6, -124.98, -59.47, 9.42, -31.29, -124.98, -61.08, -14.09]
[-41.62, -101.84, -53.47, 11.73, -38.67, -106.47, -55.14, 10.44, -35.21, -125.0, -59.69, 9.26, -31.37, -125.0, -61.06, -13.44]
[-40.79, -103.16, -53.94, 11.86, -38.48, -106.77, -55.25, 9.93, -34.82, -125.0, -59.89, 9.11, -31.47, -124.98, -61.04, -12.78]
[-39.96, -104.46, -54.42, 11.99, -38.3, -107.05, -55.35, 9.42, -34.43, -124.99, -60.07, 8.96, -31.54, -124.99, -61.02, -12.12]
[-39.13, -105.75, -54.88, 12.12, -38.12, -107.33, -55.45, 8.91, -34.03, -124.98, -60.24, 8.81, -31.61, -124.99, -61.01, -11.46]
[-38.31, -107.03, -55.34, 12.26, -37.95, -107.59, -55.54, 8.4, -33.61, -124.99, -60.41, 8.67, -31.67, -124.99, -60.99, -10.79]
[-37.5, -108.3, -55.8, 12.4, -37.79, -107.84, -55.63, 7.88, -33.2, -124.98, -60.56, 8.53, -31.74, -124.98, -60.97, -10.12]
[-36.68, -109.57, -56.25, 12.54, -37.64, -108.08, -55.72, 7.37, -32.77, -124.98, -60.7, 8.39, -31.78, -125.0, -60.97, -9.46]
[-35.88, -110.82, -56.7, 12.68, -37.49, -108.31, -55.8, 6.85, -32.32, -124.99, -60.83, 8.26, -31.85, -124.98, -60.95, -8.79]
[-35.07, -112.06, -57.14, 12.82, -37.36, -108.52, -55.88, 6.33, -31.88, -124.98, -60.94, 8.13, -31.88, -125.0, -60.94, -8.11]
[-34.27, -113.3, -57.57, 12.97, -37.23, -108.72, -55.95, 5.8, -31.43, -124.98, -61.05, 8.0, -31.92, -124.99, -60.93, -7.44]
[-33.47, -114.53, -58.0, 13.12, -37.1, -108.91, -56.02, 5.28, -30.95, -124.99, -61.15, 7.88, -31.95, -125.0, -60.93, -6.76]
[-32.67, -115.75, -58.42, 13.27, -36.99, -109.09, -56.08, 4.76, -30.49, -124.99, -61.23, 7.75, -31.99, -124.99, -60.92, -6.09]
[-31.88, -116.96, -58.84, 13.43, -36.88, -109.26, -56.14, 4.23, -30.01, -124.99, -61.3, 7.64, -32.01, -124.99, -60.91, -5.41]
[-31.09, -118.17, -59.26, 13.59, -36.78, -109.41, -56.2, 3.7, -29.54, -124.98, -61.36, 7.52, -32.02, -124.99, -60.91, -4.73]
[-30.3, -119.37, -59.67, 13.75, -36.69, -109.56, -56.25, 3.17, -29.04, -125.0, -61.42, 7.41, -32.05, -124.98, -60.9, -4.05]
[-29.51, -120.57, -60.07, 13.92, -36.61, -109.69, -56.29, 2.64, -28.54, -125.0, -61.47, 7.3, -32.06, -124.98, -60.9, -3.37]
[-28.72, -121.75, -60.47, 14.08, -36.53, -109.81, -56.34, 2.11, -28.05, -124.98, -61.49, 7.19, -32.05, -124.99, -60.9, -2.7]
[-27.93, -122.94, -60.86, 14.26, -36.46, -109.91, -56.37, 1.58, -27.52, -125.0, -61.52, 7.08, -32.04, -125.0, -60.9, -2.02]
[-27.14, -124.11, -61.25, 14.43, -36.4, -110.01, -56.41, 1.05, -27.01, -125.0, -61.54, 6.98, -32.03, -124.99, -60.91, -1.34]
[-26.68, -124.99, -61.54, 14.61, -36.35, -110.09, -56.44, 0.52, -26.63, -124.87, -61.5, 6.87, -32.01, -125.0, -60.91, -0.66]
[-27.18, -124.99, -61.53, 14.79, -36.3, -110.16, -56.46, -0.01, -27.44, -123.65, -61.1, 6.77, -32.01, -124.99, -60.91, 0.02]
[-27.69, -124.98, -61.51, 14.98, -36.26, -110.22, -56.48, -0.55, -28.26, -122.44, -60.7, 6.68, -31.98, -124.98, -60.92, 0.7]
[-28.17, -124.99, -61.49, 15.17, -36.24, -110.26, -56.5, -1.08, -29.07, -121.21, -60.29, 6.58, -31.95, -124.98, -60.92, 1.37]
[-28.66, -124.99, -61.45, 15.36, -36.21, -110.3, -56.51, -1.62, -29.89, -119.99, -59.87, 6.48, -31.9, -124.99, -60.94, 2.05]
[-29.13, -124.99, -61.41, 15.56, -36.2, -110.32, -56.52, -2.15, -30.7, -118.75, -59.46, 6.39, -31.87, -124.99, -60.95, 2.72]
[-29.6, -125.0, -61.36, 15.76, -36.19, -110.33, -56.52, -2.69, -31.52, -117.51, -59.03, 6.3, -31.82, -124.99, -60.96, 3.39]
[-30.07, -124.99, -61.3, 15.97, -36.19, -110.33, -56.52, -3.22, -32.33, -116.27, -58.6, 6.21, -31.78, -124.98, -60.97, 4.06]
[-30.53, -124.98, -61.22, 16.18, -36.2, -110.31, -56.52, -3.76, -33.15, -115.02, -58.17, 6.13, -31.7, -125.0, -60.99, 4.73]
[-30.98, -124.98, -61.14, 16.39, -36.22, -110.28, -56.51, -4.29, -33.97, -113.76, -57.73, 6.04, -31.65, -124.98, -61.0, 5.4]
[-31.41, -124.99, -61.05, 16.61, -36.25, -110.24, -56.49, -4.82, -34.79, -112.49, -57.29, 5.96, -31.57, -124.99, -61.02, 6.06]
[-31.85, -124.98, -60.95, 16.84, -36.28, -110.19, -56.47, -5.36, -35.62, -111.22, -56.84, 5.87, -31.5, -124.99, -61.03, 6.72]
[-32.28, -124.98, -60.84, 17.07, -36.32, -110.13, -56.45, -5.89, -36.45, -109.93, -56.38, 5.79, -31.42, -125.0, -61.05, 7.38]
[-32.7, -124.99, -60.72, 17.3, -36.37, -110.06, -56.42, -6.43, -37.28, -108.64, -55.92, 5.71, -31.34, -124.99, -61.07, 8.04]
[-33.1, -125.0, -60.59, 17.54, -36.43, -109.97, -56.39, -6.96, -38.11, -107.34, -55.46, 5.64, -31.25, -124.99, -61.09, 8.69]
[-33.51, -124.99, -60.44, 17.79, -36.49, -109.87, -56.36, -7.49, -38.95, -106.03, -54.98, 5.56, -31.14, -125.0, -61.11, 9.34]
[-33.91, -124.99, -60.29, 18.04, -36.56, -109.76, -56.32, -8.02, -39.8, -104.71, -54.51, 5.48, -31.05, -124.99, -61.13, 9.99]
[-34.29, -125.0, -60.13, 18.3, -36.64, -109.63, -56.27, -8.55, -40.64, -103.38, -54.03, 5.41, -30.94, -124.99, -61.15, 10.63]
[-34.68, -124.99, -59.95, 18.56, -36.73, -109.5, -56.23, -9.08, -41.5, -102.04, -53.54, 5.34, -30.83, -124.99, -61.17, 11.27]
[-35.06, -124.99, -59.77, 18.83, -36.82, -109.35, -56.17, -9.61, -42.36, -100.69, -53.04, 5.27, -30.72, -124.99, -61.19, 11.91]
[-35.42, -124.99, -59.57, 19.11, -36.93, -109.19, -56.12, -10.13, -43.22, -99.32, -52.54, 5.2, -30.58, -124.99, -61.22, 12.54]
[-35.79, -124.98, -59.36, 19.39, -37.04, -109.02, -56.05, -10.66, -44.1, -97.94, -52.04, 5.13, -30.46, -124.99, -61.24, 13.17]
[-36.12, -125.0, -59.15, 19.69, -37.16, -108.83, -55.99, -11.18, -44.98, -96.55, -51.52, 5.06, -30.31, -125.0, -61.26, 13.8]
[-36.48, -124.98, -58.91, 19.98, -37.28, -108.64, -55.92, -11.71, -45.86, -95.14, -51.0, 4.99, -30.18, -124.99, -61.28, 14.42]
[-36.81, -124.99, -58.67, 20.29, -37.42, -108.43, -55.84, -12.23, -46.76, -93.72, -50.48, 4.93, -30.03, -125.0, -61.3, 15.04]
[-37.14, -124.98, -58.42, 20.6, -37.56, -108.21, -55.77, -12.75, -47.66, -92.28, -49.94, 4.86, -29.88, -124.99, -61.32, 15.65]
[-37.43, -125.0, -58.16, 20.92, -37.71, -107.98, -55.68, -13.27, -48.58, -90.83, -49.4, 4.8, -29.72, -124.99, -61.34, 16.26]
[-37.76, -124.98, -57.88, 21.25, -37.86, -107.73, -55.6, -13.78, -49.5, -89.35, -48.85, 4.74, -29.57, -124.98, -61.36, 16.86]
[-38.05, -124.99, -57.6, 21.59, -38.03, -107.48, -55.5, -14.3, -50.43, -87.86, -48.3, 4.68, -29.4, -124.98, -61.38, 17.46]
[-38.34, -124.99, -57.3, 21.94, -38.2, -107.21, -55.41, -14.81, -51.38, -86.35, -47.73, 4.62, -29.21, -125.0, -61.41, 18.06]
[-38.62, -124.99, -56.99, 22.3, -38.38, -106.93, -55.31, -15.32, -52.34, -84.82, -47.16, 4.56, -29.05, -124.98, -61.42, 18.65]
[-38.89, -124.99, -56.67, 22.66, -38.56, -106.64, -55.2, -15.83, -53.31, -83.27, -46.58, 4.5, -28.85, -124.99, -61.44, 19.23]
[-39.16, -124.98, -56.34, 23.04, -38.76, -106.33, -55.09, -16.34, -54.29, -81.69, -45.99, 4.44, -28.65, -125.0, -61.46, 19.81]
[-39.41, -125.0, -56.0, 23.43, -38.96, -106.02, -54.98, -16.84, -55.29, -80.09, -45.39, 4.39, -28.46, -124.99, -61.47, 20.39]
[-39.65, -124.99, -55.65, 23.83, -39.17, -105.69, -54.86, -17.34, -56.31, -78.47, -44.78, 4.33, -28.25, -125.0, -61.49, 20.96]
[-39.89, -125.0, -55.28, 24.24, -39.39, -105.35, -54.74, -17.84, -57.34, -76.81, -44.15, 4.27, -28.04, -124.99, -61.5, 21.53]
[-40.13, -124.98, -54.9, 24.66, -39.61, -105.0, -54.61, -18.34, -58.39, -75.13, -43.52, 4.22, -27.84, -124.98, -61.5, 22.09]
[-40.34, -124.99, -54.52, 25.09, -39.84, -104.64, -54.48, -18.84, -59.46, -73.41, -42.87, 4.17, -27.62, -124.98, -61.51, 22.64]
[-40.34, -124.99, -54.52, 25.09, -39.84, -104.64, -54.48, -18.84, -60.18, -73.0, -43.18, 4.43, -27.62, -124.98, -61.51, 22.64]
[-40.34, -124.99, -54.52, 25.09, -39.84, -104.64, -54.48, -18.84, -60.91, -72.57, -43.48, 4.68, -27.62, -124.98, -61.51, 22.64]
[-40.34, -124.99, -54.52, 25.09, -39.84, -104.64, -54.48, -18.84, -61.65, -72.13, -43.78, 4.94, -27.62, -124.98, -61.51, 22.64]
[-40.34, -124.99, -54.52, 25.09, -39.84, -104.64, -54.48, -18.84, -62.4, -71.66, -44.06, 5.2, -27.62, -124.98, -61.51, 22.64]
[-40.34, -124.99, -54.52, 25.09, -39.84, -104.64, -54.48, -18.84, -63.15, -71.19, -44.34, 5.46, -27.62, -124.98, -61.51, 22.64]
[-40.34, -124.99, -54.52, 25.09, -39.84, -104.64, -54.48, -18.84, -63.92, -70.69, -44.61, 5.72, -27.62, -124.98, -61.51, 22.64]
[-40.34, -124.99, -54.52, 25.09, -39.84, -104.64, -54.48, -18.84, -64.69, -70.18, -44.88, 5.98, -27.62, -124.98, -61.51, 22.64]
[-40.34, -124.99, -54.52, 25.09, -39.84, -104.64, -54.48, -18.84, -65.47, -69.66, -45.13, 6.23, -27.62, -124.98, -61.51, 22.64]
[-40.34, -124.99, -54.52, 25.09, -39.84, -104.64, -54.48, -18.84, -66.27, -69.11, -45.38, 6.49, -27.62, -124.98, -61.51, 22.64]
[-40.34, -124.99, -54.52, 25.09, -39.84, -104.64, -54.48, -18.84, -67.07, -68.55, -45.62, 6.75, -27.62, -124.98, -61.51, 22.64]
[-40.34, -124.99, -54.52, 25.09, -39.84, -104.64, -54.48, -18.84, -67.88, -67.97, -45.85, 7.01, -27.62, -124.98, -61.51, 22.64]
[-40.34, -124.99, -54.52, 25.09, -39.84, -104.64, -54.48, -18.84, -68.7, -67.37, -46.07, 7.27, -27.62, -124.98, -61.51, 22.64]
[-40.34, -124.99, -54.52, 25.09, -39.84, -104.64, -54.48, -18.84, -69.53, -66.75, -46.28, 7.53, -27.62, -124.98, -61.51, 22.64]
[-40.34, -124.99, -54.52, 25.09, -39.84, -104.64, -54.48, -18.84, -70.37, -66.11, -46.48, 7.79, -27.62, -124.98, -61.51, 22.64]
[-40.34, -124.99, -54.52, 25.09, -39.84, -104.64, -54.48, -18.84, -71.22, -65.46, -46.68, 8.05, -27.62, -124.98, -61.51, 22.64]
[-40.34, -124.99, -54.52, 25.09, -39.84, -104.64, -54.48, -18.84, -72.08, -64.78, -46.86, 8.3, -27.62, -124.98, -61.51, 22.64]
[-40.34, -124.99, -54.52, 25.09, -39.84, -104.64, -54.48, -18.84, -72.95, -64.09, -47.03, 8.56, -27.62, -124.98, -61.51, 22.64]
[-40.34, -124.99, -54.52, 25.09, -39.84, -104.64, -54.48, -18.84, -73.83, -63.37, -47.2, 8.82, -27.62, -124.98, -61.51, 22.64]
[-40.34, -124.99, -54.52, 25.09, -39.84, -104.64, -54.48, -18.84, -74.72, -62.63, -47.35, 9.08, -27.62, -124.98, -61.51, 22.64]
[-40.34, -124.99, -54.52, 25.09, -39.84, -104.64, -54.48, -18.84, -75.62, -61.87, -47.5, 9.34, -27.62, -124.98, -61.51, 22.64]
[-40.34, -124.99, -54.52, 25.09, -39.84, -104.64, -54.48, -18.84, -76.54, -61.09, -47.63, 9.6, -27.62, -124.98, -61.51, 22.64]
[-40.34, -124.99, -54.52, 25.09, -39.84, -104.64, -54.48, -18.84, -77.46, -60.29, -47.75, 9.86, -27.62, -124.98, -61.51, 22.64]
[-40.34, -124.99, -54.52, 25.09, -39.84, -104.64, -54.48, -18.84, -78.4, -59.46, -47.86, 10.11, -27.62, -124.98, -61.51, 22.64]
[-40.34, -124.99, -54.52, 25.09, -39.84, -104.64, -54.48, -18.84, -79.35, -58.61, -47.96, 10.37, -27.62, -124.98, -61.51, 22.64]
[-40.34, -124.99, -54.52, 25.09, -39.84, -104.64, -54.48, -18.84, -80.31, -57.74, -48.05, 10.63, -27.62, -124.98, -61.51, 22.64]
[-40.34, -124.99, -54.52, 25.09, -39.84, -104.64, -54.48, -18.84, -81.29, -56.84, -48.12, 10.89, -27.62, -124.98, -61.51, 22.64]
[-40.34, -124.99, -54.52, 25.09, -39.84, -104.64, -54.48, -18.84, -82.28, -55.91, -48.18, 11.15, -27.62, -124.98, -61.51, 22.64]
[-40.34, -124.99, -54.52, 25.09, -39.84, -104.64, -54.48, -18.84, -83.28, -54.95, -48.23, 11.4, -27.62, -124.98, -61.51, 22.64]
[-40.34, -124.99, -54.52, 25.09, -39.84, -104.64, -54.48, -18.84, -84.31, -53.96, -48.27, 11.66, -27.62, -124.98, -61.51, 22.64]
[-40.34, -124.99, -54.52, 25.09, -39.84, -104.64, -54.48, -18.84, -85.34, -52.95, -48.29, 11.92, -27.62, -124.98, -61.51, 22.64]
[-40.34, -124.99, -54.52, 25.09, -39.84, -104.64, -54.48, -18.84, -86.4, -51.9, -48.3, 12.18, -27.62, -124.98, -61.51, 22.64]
[-40.34, -124.99, -54.52, 25.09, -39.84, -104.64, -54.48, -18.84, -87.47, -50.81, -48.29, 12.43, -27.62, -124.98, -61.51, 22.64]
[-40.34, -124.99, -54.52, 25.09, -39.84, -104.64, -54.48, -18.84, -88.57, -49.69, -48.26, 12.69, -27.62, -124.98, -61.51, 22.64]
[-40.34, -124.99, -54.52, 25.09, -39.84, -104.64, -54.48, -18.84, -89.68, -48.53, -48.22, 12.95, -27.62, -124.98, -61.51, 22.64]
[-40.34, -124.99, -54.52, 25.09, -39.84, -104.64, -54.48, -18.84, -90.82, -47.33, -48.16, 13.2, -27.62, -124.98, -61.51, 22.64]
[-40.34, -124.99, -54.52, 25.09, -39.84, -104.64, -54.48, -18.84, -91.99, -46.09, -48.08, 13.46, -27.62, -124.98, -61.51, 22.64]
[-40.34, -124.99, -54.52, 25.09, -39.84, -104.64, -54.48, -18.84, -93.18, -44.8, -47.98, 13.72, -27.62, -124.98, -61.51, 22.64]
[-40.34, -124.99, -54.52, 25.09, -39.84, -104.64, -54.48, -18.84, -94.4, -43.46, -47.86, 13.97, -27.62, -124.98, -61.51, 22.64]
[-40.34, -124.99, -54.52, 25.09, -39.84, -104.64, -54.48, -18.84, -95.65, -42.06, -47.71, 14.23, -27.62, -124.98, -61.51, 22.64]
[-40.34, -124.99, -54.52, 25.09, -39.84, -104.64, -54.48, -18.84, -96.94, -40.6, -47.55, 14.48, -27.62, -124.98, -61.51, 22.64]
[-40.34, -124.99, -54.52, 25.09, -39.84, -104.64, -54.48, -18.84, -98.28, -39.07, -47.35, 14.74, -27.62, -124.98, -61.51, 22.64]
[-40.34, -124.99, -54.52, 25.09, -39.84, -104.64, -54.48, -18.84, -99.65, -37.47, -47.12, 14.99, -27.62, -124.98, -61.51, 22.64]
[-40.34, -124.99, -54.52, 25.09, -39.84, -104.64, -54.48, -18.84, -101.08, -35.78, -46.86, 15.25, -27.62, -124.98, -61.51, 22.64]
[-40.34, -124.99, -54.52, 25.09, -39.84, -104.64, -54.48, -18.84, -102.57, -34.0, -46.57, 15.5, -27.62, -124.98, -61.51, 22.64]
[-40.34, -124.99, -54.52, 25.09, -39.84, -104.64, -54.48, -18.84, -104.13, -32.09, -46.22, 15.75, -27.62, -124.98, -61.51, 22.64]
[-40.34, -124.99, -54.52, 25.09, -39.84, -104.64, -54.48, -18.84, -105.78, -30.06, -45.83, 16.01, -27.62, -124.98, -61.51, 22.64]
[-40.34, -124.99, -54.52, 25.09, -39.84, -104.64, -54.48, -18.84, -107.53, -27.85, -45.38, 16.26, -27.62, -124.98, -61.51, 22.64]
[-40.34, -124.99, -54.52, 25.09, -39.84, -104.64, -54.48, -18.84, -109.41, -25.44, -44.85, 16.51, -27.62, -124.98, -61.51, 22.64]
[-40.34, -124.99, -54.52, 25.09, -39.84, -104.64, -54.48, -18.84, -111.47, -22.76, -44.23, 16.76, -27.62, -124.98, -61.51, 22.64]
[-40.34, -124.99, -54.52, 25.09, -39.84, -104.64, -54.48, -18.84, -113.77, -19.69, -43.47, 17.02, -27.62, -124.98, -61.51, 22.64]
[-40.34, -124.99, -54.52, 25.09, -39.84, -104.64, -54.48, -18.84, -116.39, -16.14, -42.54, 17.27, -27.62, -124.98, -61.51, 22.64]
[-40.34, -124.99, -54.52, 25.09, -39.84, -104.64, -54.48, -18.84, -119.83, -11.34, -41.18, 17.52, -27.62, -124.98, -61.51, 22.64]
[-40.34, -124.99, -54.52, 25.09, -39.84, -104.64, -54.48, -18.84, -119.93, -11.32, -41.63, 17.77, -27.62, -124.98, -61.51, 22.64]
[-40.34, -124.99, -54.52, 25.09, -39.84, -104.64, -54.48, -18.84, -119.97, -11.39, -42.11, 18.02, -27.62, -124.98, -61.51, 22.64]
[-40.34, -124.99, -54.52, 25.09, -39.84, -104.64, -54.48, -18.84, -119.95, -11.55, -42.62, 18.27, -27.62, -124.98, -61.51, 22.64]
[-40.34, -124.99, -54.52, 25.09, -39.84, -104.64, -54.48, -18.84, -119.97, -11.63, -43.11, 18.52, -27.62, -124.98, -61.51, 22.64]
[-40.34, -124.99, -54.52, 25.09, -39.84, -104.64, -54.48, -18.84, -119.93, -11.8, -43.63, 18.77, -27.62, -124.98, -61.51, 22.64]
[-40.34, -124.99, -54.52, 25.09, -39.84, -104.64, -54.48, -18.84, -119.94, -11.9, -44.12, 19.02, -27.62, -124.98, -61.51, 22.64]
[-40.34, -124.99, -54.52, 25.09, -39.84, -104.64, -54.48, -18.84, -119.98, -11.94, -44.59, 19.27, -27.62, -124.98, -61.51, 22.64]
[-40.34, -124.99, -54.52, 25.09, -39.84, -104.64, -54.48, -18.84, -119.96, -12.06, -45.09, 19.51, -27.62, -124.98, -61.51, 22.64]
[-40.34, -124.99, -54.51, 25.06, -39.87, -104.6, -54.47, -18.83, -119.99, -12.0, -45.07, 19.53, -27.62, -124.99, -61.52, 22.65]
[-40.34, -124.99, -54.51, 25.06, -39.87, -104.6, -54.47, -18.83, -119.98, -11.83, -44.55, 19.53, -27.62, -124.99, -61.52, 22.65]
[-40.34, -124.99, -54.51, 25.06, -39.87, -104.6, -54.47, -18.83, -119.9, -11.76, -44.06, 19.53, -27.62, -124.99, -61.52, 22.65]
[-40.34, -124.99, -54.51, 25.06, -39.87, -104.6, -54.47, -18.83, -119.96, -11.47, -43.5, 19.53, -27.62, -124.99, -61.52, 22.65]
[-40.34, -124.99, -54.51, 25.06, -39.87, -104.6, -54.47, -18.83, -119.96, -11.28, -42.97, 19.53, -27.62, -124.99, -61.52, 22.65]
[-40.34, -124.99, -54.51, 25.06, -39.87, -104.6, -54.47, -18.83, -119.99, -11.02, -42.42, 19.53, -27.62, -124.99, -61.52, 22.65]
[-40.34, -124.99, -54.51, 25.06, -39.87, -104.6, -54.47, -18.83, -119.96, -10.87, -41.91, 19.53, -27.62, -124.99, -61.52, 22.65]
[-40.34, -124.99, -54.51, 25.06, -39.87, -104.6, -54.47, -18.83, -119.97, -10.64, -41.37, 19.53, -27.62, -124.99, -61.52, 22.65]
[-40.34, -124.99, -54.51, 25.06, -39.87, -104.6, -54.47, -18.83, -119.9, -10.52, -40.87, 19.53, -27.62, -124.99, -61.52, 22.65]
[-40.34, -124.99, -54.51, 25.06, -39.87, -104.6, -54.47, -18.83, -119.88, -10.34, -40.35, 19.53, -27.62, -124.99, -61.52, 22.65]
[-40.34, -124.99, -54.51, 25.06, -39.87, -104.6, -54.47, -18.83, -118.09, -12.69, -40.78, 19.53, -27.62, -124.99, -61.52, 22.65]
[-40.34, -124.99, -54.51, 25.06, -39.87, -104.6, -54.47, -18.83, -115.31, -16.45, -41.75, 19.53, -27.62, -124.99, -61.52, 22.65]
[-40.34, -124.99, -54.51, 25.06, -39.87, -104.6, -54.47, -18.83, -112.94, -19.58, -42.51, 19.53, -27.62, -124.99, -61.52, 22.65]
[-40.34, -124.99, -54.51, 25.06, -39.87, -104.6, -54.47, -18.83, -110.91, -22.17, -43.09, 19.53, -27.62, -124.99, -61.52, 22.65]
[-40.34, -124.99, -54.51, 25.06, -39.87, -104.6, -54.47, -18.83, -109.07, -24.48, -43.56, 19.53, -27.62, -124.99, -61.52, 22.65]
[-40.34, -124.99, -54.51, 25.06, -39.87, -104.6, -54.47, -18.83, -107.37, -26.58, -43.95, 19.53, -27.62, -124.99, -61.52, 22.65]
[-40.34, -124.99, -54.51, 25.06, -39.87, -104.6, -54.47, -18.83, -105.77, -28.51, -44.29, 19.53, -27.62, -124.99, -61.52, 22.65]
[-40.34, -124.99, -54.51, 25.06, -39.87, -104.6, -54.47, -18.83, -104.26, -30.31, -44.58, 19.53, -27.62, -124.99, -61.52, 22.65]
[-40.34, -124.99, -54.51, 25.06, -39.87, -104.6, -54.47, -18.83, -102.82, -32.0, -44.82, 19.53, -27.62, -124.99, -61.52, 22.65]
[-40.34, -124.99, -54.51, 25.06, -39.87, -104.6, -54.47, -18.83, -101.44, -33.6, -45.04, 19.53, -27.62, -124.99, -61.52, 22.65]
[-40.34, -124.99, -54.51, 25.06, -39.87, -104.6, -54.47, -18.83, -100.1, -35.11, -45.22, 19.53, -27.62, -124.99, -61.52, 22.65]
[-40.34, -124.99, -54.51, 25.06, -39.87, -104.6, -54.47, -18.83, -98.82, -36.55, -45.37, 19.53, -27.62, -124.99, -61.52, 22.65]
[-40.34, -124.99, -54.51, 25.06, -39.87, -104.6, -54.47, -18.83, -97.57, -37.93, -45.5, 19.53, -27.62, -124.99, -61.52, 22.65]
[-40.34, -124.99, -54.51, 25.06, -39.87, -104.6, -54.47, -18.83, -96.35, -39.25, -45.6, 19.53, -27.62, -124.99, -61.52, 22.65]
[-40.34, -124.99, -54.51, 25.06, -39.87, -104.6, -54.47, -18.83, -95.17, -40.52, -45.69, 19.53, -27.62, -124.99, -61.52, 22.65]
[-40.34, -124.99, -54.51, 25.06, -39.87, -104.6, -54.47, -18.83, -94.01, -41.74, -45.76, 19.53, -27.62, -124.99, -61.52, 22.65]
[-40.34, -124.99, -54.51, 25.06, -39.87, -104.6, -54.47, -18.83, -92.89, -42.92, -45.8, 19.53, -27.62, -124.99, -61.52, 22.65]
[-40.34, -124.99, -54.51, 25.06, -39.87, -104.6, -54.47, -18.83, -91.78, -44.06, -45.84, 19.53, -27.62, -124.99, -61.52, 22.65]
[-40.34, -124.99, -54.51, 25.06, -39.87, -104.6, -54.47, -18.83, -90.7, -45.16, -45.85, 19.53, -27.62, -124.99, -61.52, 22.65]
[-40.34, -124.99, -54.51, 25.06, -39.87, -104.6, -54.47, -18.83, -89.63, -46.22, -45.86, 19.53, -27.62, -124.99, -61.52, 22.65]
[-40.34, -124.99, -54.51, 25.06, -39.87, -104.6, -54.47, -18.83, -88.59, -47.26, -45.84, 19.53, -27.62, -124.99, -61.52, 22.65]
[-40.34, -124.99, -54.51, 25.06, -39.87, -104.6, -54.47, -18.83, -87.56, -48.26, -45.82, 19.53, -27.62, -124.99, -61.52, 22.65]
[-40.34, -124.99, -54.51, 25.06, -39.87, -104.6, -54.47, -18.83, -86.55, -49.24, -45.78, 19.53, -27.62, -124.99, -61.52, 22.65]
[-40.34, -124.99, -54.51, 25.06, -39.87, -104.6, -54.47, -18.83, -85.55, -50.18, -45.73, 19.53, -27.62, -124.99, -61.52, 22.65]
[-40.34, -124.99, -54.51, 25.06, -39.87, -104.6, -54.47, -18.83, -84.57, -51.1, -45.67, 19.53, -27.62, -124.99, -61.52, 22.65]
[-40.34, -124.99, -54.51, 25.06, -39.87, -104.6, -54.47, -18.83, -83.6, -52.0, -45.6, 19.53, -27.62, -124.99, -61.52, 22.65]
[-40.34, -124.99, -54.51, 25.06, -39.87, -104.6, -54.47, -18.83, -82.64, -52.87, -45.52, 19.53, -27.62, -124.99, -61.52, 22.65]
[-40.34, -124.99, -54.51, 25.06, -39.87, -104.6, -54.47, -18.83, -81.7, -53.73, -45.43, 19.53, -27.62, -124.99, -61.52, 22.65]
[-40.34, -124.99, -54.51, 25.06, -39.87, -104.6, -54.47, -18.83, -80.77, -54.55, -45.32, 19.53, -27.62, -124.99, -61.52, 22.65]
[-40.34, -124.99, -54.51, 25.06, -39.87, -104.6, -54.47, -18.83, -79.85, -55.36, -45.21, 19.53, -27.62, -124.99, -61.52, 22.65]
[-40.34, -124.99, -54.51, 25.06, -39.87, -104.6, -54.47, -18.83, -78.94, -56.15, -45.09, 19.53, -27.62, -124.99, -61.52, 22.65]
[-40.34, -124.99, -54.51, 25.06, -39.87, -104.6, -54.47, -18.83, -78.04, -56.92, -44.96, 19.53, -27.62, -124.99, -61.52, 22.65]
[-40.34, -124.99, -54.51, 25.06, -39.87, -104.6, -54.47, -18.83, -77.15, -57.67, -44.82, 19.53, -27.62, -124.99, -61.52, 22.65]
[-40.34, -124.99, -54.51, 25.06, -39.87, -104.6, -54.47, -18.83, -76.27, -58.4, -44.67, 19.53, -27.62, -124.99, -61.52, 22.65]
[-40.34, -124.99, -54.51, 25.06, -39.87, -104.6, -54.47, -18.83, -75.4, -59.12, -44.51, 19.53, -27.62, -124.99, -61.52, 22.65]
[-40.34, -124.99, -54.51, 25.06, -39.87, -104.6, -54.47, -18.83, -74.53, -59.82, -44.35, 19.53, -27.62, -124.99, -61.52, 22.65]
[-40.34, -124.99, -54.51, 25.06, -39.87, -104.6, -54.47, -18.83, -73.68, -60.5, -44.18, 19.53, -27.62, -124.99, -61.52, 22.65]
[-40.34, -124.99, -54.51, 25.06, -39.87, -104.6, -54.47, -18.83, -72.83, -61.16, -44.0, 19.53, -27.62, -124.99, -61.52, 22.65]
[-40.34, -124.99, -54.51, 25.06, -39.87, -104.6, -54.47, -18.83, -72.0, -61.81, -43.81, 19.53, -27.62, -124.99, -61.52, 22.65]
[-40.34, -124.99, -54.51, 25.06, -39.87, -104.6, -54.47, -18.83, -71.17, -62.45, -43.62, 19.53, -27.62, -124.99, -61.52, 22.65]
[-40.34, -124.99, -54.51, 25.06, -39.87, -104.6, -54.47, -18.83, -70.35, -63.07, -43.41, 19.53, -27.62, -124.99, -61.52, 22.65]
[-40.34, -124.99, -54.51, 25.06, -39.87, -104.6, -54.47, -18.83, -69.53, -63.67, -43.2, 19.53, -27.62, -124.99, -61.52, 22.65]
[-40.34, -124.99, -54.51, 25.06, -39.87, -104.6, -54.47, -18.83, -68.73, -64.26, -42.99, 19.53, -27.62, -124.99, -61.52, 22.65]
[-40.34, -124.99, -54.51, 25.06, -39.87, -104.6, -54.47, -18.83, -67.93, -64.84, -42.76, 19.53, -27.62, -124.99, -61.52, 22.65]
[-40.34, -124.99, -54.51, 25.06, -39.87, -104.6, -54.47, -18.83, -67.13, -65.4, -42.53, 19.53, -27.62, -124.99, -61.52, 22.65]
[-40.34, -124.99, -54.51, 25.06, -39.87, -104.6, -54.47, -18.83, -66.35, -65.95, -42.3, 19.53, -27.62, -124.99, -61.52, 22.65]
[-40.34, -124.99, -54.51, 25.06, -39.87, -104.6, -54.47, -18.83, -65.57, -66.49, -42.06, 19.53, -27.62, -124.99, -61.52, 22.65]
[-40.34, -124.99, -54.51, 25.06, -39.87, -104.6, -54.47, -18.83, -64.8, -67.01, -41.81, 19.53, -27.62, -124.99, -61.52, 22.65]
[-40.34, -124.99, -54.51, 25.06, -39.87, -104.6, -54.47, -18.83, -64.03, -67.52, -41.55, 19.53, -27.62, -124.99, -61.52, 22.65]
[-40.34, -124.99, -54.51, 25.06, -39.87, -104.6, -54.47, -18.83, -63.27, -68.01, -41.29, 19.53, -27.62, -124.99, -61.52, 22.65]
[-40.34, -124.99, -54.51, 25.06, -39.87, -104.6, -54.47, -18.83, -62.52, -68.5, -41.02, 19.53, -27.62, -124.99, -61.52, 22.65]
[-40.31, -124.98, -54.57, 24.38, -40.24, -104.02, -54.26, -18.51, -62.28, -68.89, -41.17, 19.83, -28.02, -124.98, -61.49, 22.54]
[-40.27, -124.99, -54.64, 23.69, -40.61, -103.44, -54.04, -18.2, -62.04, -69.28, -41.31, 20.14, -28.38, -124.99, -61.48, 22.43]
[-40.22, -125.0, -54.72, 23.01, -40.99, -102.84, -53.83, -17.89, -61.8, -69.65, -41.46, 20.44, -28.75, -124.98, -61.44, 22.32]
[-40.17, -125.0, -54.8, 22.33, -41.37, -102.25, -53.61, -17.59, -61.57, -70.02, -41.59, 20.75, -29.12, -124.98, -61.41, 22.2]
[-40.14, -124.99, -54.87, 21.66, -41.75, -101.64, -53.39, -17.28, -61.35, -70.38, -41.73, 21.06, -29.48, -124.98, -61.37, 22.09]
[-40.09, -124.99, -54.96, 20.99, -42.14, -101.03, -53.17, -16.98, -61.13, -70.73, -41.86, 21.37, -29.84, -124.98, -61.33, 21.97]
[-40.03, -124.99, -55.05, 20.33, -42.53, -100.42, -52.94, -16.68, -60.92, -71.07, -41.99, 21.68, -30.18, -124.99, -61.28, 21.85]
[-39.98, -124.99, -55.13, 19.67, -42.92, -99.79, -52.72, -16.39, -60.71, -71.4, -42.12, 21.99, -30.52, -125.0, -61.23, 21.73]
[-39.92, -124.99, -55.23, 19.01, -43.32, -99.16, -52.48, -16.09, -60.51, -71.73, -42.24, 22.3, -30.87, -124.99, -61.16, 21.61]
[-39.87, -124.99, -55.32, 18.36, -43.73, -98.52, -52.25, -15.8, -60.31, -72.05, -42.36, 22.61, -31.22, -124.99, -61.09, 21.48]
[-39.8, -124.99, -55.42, 17.71, -44.13, -97.88, -52.01, -15.51, -60.12, -72.35, -42.47, 22.93, -31.55, -124.99, -61.02, 21.35]
[-39.74, -124.99, -55.51, 17.07, -44.55, -97.23, -51.77, -15.22, -59.93, -72.65, -42.59, 23.24, -31.88, -124.99, -60.94, 21.22]
[-39.67, -124.99, -55.62, 16.43, -44.96, -96.57, -51.53, -14.93, -59.75, -72.95, -42.7, 23.56, -32.2, -125.0, -60.86, 21.09]
[-39.61, -124.99, -55.72, 15.8, -45.38, -95.9, -51.29, -14.65, -59.57, -73.23, -42.8, 23.87, -32.54, -124.99, -60.76, 20.96]
[-39.53, -124.99, -55.82, 15.18, -45.81, -95.23, -51.04, -14.37, -59.4, -73.51, -42.91, 24.19, -32.86, -124.98, -60.67, 20.82]
[-39.46, -124.99, -55.93, 14.55, -46.24, -94.55, -50.78, -14.09, -59.23, -73.78, -43.01, 24.51, -33.18, -124.98, -60.56, 20.68]
[-39.38, -124.99, -56.04, 13.94, -46.67, -93.86, -50.53, -13.81, -59.07, -74.04, -43.11, 24.83, -33.49, -124.98, -60.45, 20.54]
[-39.3, -124.99, -56.15, 13.33, -47.11, -93.16, -50.27, -13.54, -58.91, -74.29, -43.2, 25.14, -33.79, -124.99, -60.34, 20.39]
[-39.23, -124.98, -56.26, 12.72, -47.55, -92.46, -50.01, -13.27, -58.76, -74.53, -43.3, 25.46, -34.08, -125.0, -60.22, 20.25]
[-39.14, -124.98, -56.37, 12.12, -48.0, -91.75, -49.75, -13.0, -58.61, -74.77, -43.38, 25.78, -34.39, -124.99, -60.09, 20.1]
[-39.04, -124.99, -56.49, 11.53, -48.45, -91.03, -49.48, -12.73, -58.47, -75.0, -43.47, 26.11, -34.68, -124.99, -59.95, 19.95]
[-38.94, -125.0, -56.61, 10.94, -48.91, -90.3, -49.21, -12.46, -58.33, -75.22, -43.55, 26.43, -34.97, -124.99, -59.81, 19.79]
[-38.85, -124.99, -56.72, 10.36, -49.37, -89.57, -48.93, -12.2, -58.2, -75.44, -43.64, 26.75, -35.25, -125.0, -59.67, 19.63]
[-38.75, -125.0, -56.84, 9.78, -49.83, -88.82, -48.66, -11.94, -58.07, -75.64, -43.71, 27.07, -35.54, -124.99, -59.51, 19.47]
[-38.64, -125.0, -56.96, 9.21, -50.31, -88.07, -48.38, -11.68, -57.95, -75.84, -43.79, 27.4, -35.82, -124.98, -59.34, 19.31]
[-38.55, -124.99, -57.08, 8.64, -50.78, -87.31, -48.09, -11.42, -57.83, -76.03, -43.86, 27.72, -36.09, -124.98, -59.17, 19.14]
[-38.43, -124.99, -57.2, 8.08, -51.27, -86.54, -47.8, -11.17, -57.71, -76.22, -43.93, 28.04, -36.35, -124.98, -59.0, 18.97]
[-38.32, -124.99, -57.32, 7.53, -51.75, -85.76, -47.51, -10.91, -57.6, -76.39, -44.0, 28.37, -36.61, -124.99, -58.82, 18.8]
[-38.22, -124.98, -57.43, 6.98, -52.25, -84.97, -47.22, -10.66, -57.5, -76.56, -44.06, 28.69, -36.85, -125.0, -58.63, 18.62]
[-38.09, -124.99, -57.55, 6.44, -52.75, -84.17, -46.92, -10.42, -57.39, -76.73, -44.12, 29.02, -37.11, -124.99, -58.43, 18.44]
[-37.98, -124.99, -57.67, 5.9, -53.25, -83.36, -46.61, -10.17, -57.3, -76.88, -44.18, 29.35, -37.36, -124.99, -58.23, 18.26]
[-37.84, -125.0, -57.8, 5.37, -53.76, -82.55, -46.31, -9.92, -57.21, -77.03, -44.23, 29.67, -37.6, -124.99, -58.02, 18.07]
[-37.73, -124.98, -57.91, 4.85, -54.28, -81.72, -46.0, -9.68, -57.12, -77.17, -44.29, 30.0, -37.85, -124.98, -57.8, 17.88]
[-37.59, -124.98, -58.03, 4.33, -54.8, -80.88, -45.68, -9.44, -57.04, -77.3, -44.34, 30.33, -38.07, -124.99, -57.58, 17.68]
[-37.45, -125.0, -58.15, 3.81, -55.33, -80.03, -45.36, -9.2, -56.96, -77.42, -44.38, 30.66, -38.3, -124.99, -57.35, 17.48]
[-37.32, -124.99, -58.27, 3.31, -55.87, -79.17, -45.04, -8.96, -56.89, -77.54, -44.43, 30.99, -38.52, -124.99, -57.11, 17.28]
[-37.17, -124.99, -58.38, 2.8, -56.41, -78.3, -44.71, -8.73, -56.82, -77.65, -44.47, 31.31, -38.73, -124.99, -56.86, 17.07]
[-37.03, -124.99, -58.5, 2.31, -56.96, -77.42, -44.38, -8.5, -56.75, -77.76, -44.51, 31.64, -38.94, -125.0, -56.61, 16.86]
[-36.89, -124.98, -58.61, 1.82, -57.52, -76.52, -44.04, -8.26, -56.69, -77.85, -44.54, 31.97, -39.15, -124.99, -56.35, 16.64]
[-36.73, -124.99, -58.73, 1.33, -58.09, -75.62, -43.7, -8.03, -56.64, -77.94, -44.58, 32.3, -39.36, -124.98, -56.08, 16.42]
[-36.57, -124.99, -58.84, 0.85, -58.66, -74.7, -43.36, -7.81, -56.59, -78.02, -44.61, 32.63, -39.55, -124.98, -55.8, 16.19]
[-36.41, -124.99, -58.95, 0.38, -59.24, -73.77, -43.01, -7.58, -56.54, -78.1, -44.64, 32.96, -39.74, -124.98, -55.52, 15.96]
[-36.26, -124.99, -59.06, -0.09, -59.83, -72.82, -42.65, -7.36, -56.5, -78.16, -44.66, 33.29, -39.92, -124.99, -55.24, 15.72]
[-36.08, -125.0, -59.18, -0.55, -60.43, -71.86, -42.29, -7.14, -56.46, -78.22, -44.68, 33.62, -40.11, -124.98, -54.94, 15.48]
[-35.92, -124.98, -59.28, -1.01, -61.03, -70.89, -41.92, -6.92, -56.43, -78.28, -44.7, 33.96, -40.27, -124.99, -54.64, 15.23]
[-35.75, -124.99, -59.38, -1.46, -61.65, -69.9, -41.55, -6.7, -56.4, -78.32, -44.72, 34.29, -40.44, -124.99, -54.33, 14.98]
[-35.57, -124.99, -59.49, -1.9, -62.28, -68.89, -41.17, -6.48, -56.37, -78.36, -44.74, 34.62, -40.6, -124.99, -54.01, 14.72]
[-35.4, -124.98, -59.59, -2.34, -62.91, -67.87, -40.78, -6.27, -56.36, -78.39, -44.75, 34.95, -40.75, -124.99, -53.69, 14.45]
[-35.2, -124.99, -59.69, -2.78, -63.56, -66.83, -40.39, -6.05, -56.34, -78.42, -44.76, 35.28, -40.92, -124.98, -53.35, 14.18]
[-35.02, -124.98, -59.78, -3.21, -64.22, -65.78, -39.99, -5.84, -56.33, -78.43, -44.76, 35.61, -41.05, -124.99, -53.01, 13.9]
[-34.83, -124.99, -59.88, -3.63, -64.89, -64.7, -39.59, -5.63, -56.32, -78.44, -44.77, 35.94, -41.2, -124.98, -52.66, 13.62]
[-34.63, -124.99, -59.98, -4.05, -65.57, -63.61, -39.18, -5.42, -56.32, -78.45, -44.77, 36.28, -41.32, -125.0, -52.32, 13.33]
[-34.43, -124.99, -60.07, -4.47, -66.27, -62.49, -38.76, -5.22, -56.32, -78.44, -44.77, 36.61, -41.45, -124.99, -51.96, 13.03]
[-34.43, -124.99, -60.07, -4.47, -66.86, -62.24, -39.1, -4.98, -56.32, -78.44, -44.77, 36.61, -41.45, -124.99, -51.96, 13.03]
[-34.43, -124.99, -60.07, -4.47, -67.46, -61.98, -39.44, -4.73, -56.32, -78.44, -44.77, 36.61, -41.45, -124.99, -51.96, 13.03]
[-34.43, -124.99, -60.07, -4.47, -68.07, -61.7, -39.77, -4.49, -56.32, -78.44, -44.77, 36.61, -41.45, -124.99, -51.96, 13.03]
[-34.43, -124.99, -60.07, -4.47, -68.69, -61.4, -40.09, -4.25, -56.32, -78.44, -44.77, 36.61, -41.45, -124.99, -51.96, 13.03]
[-34.43, -124.99, -60.07, -4.47, -69.32, -61.09, -40.41, -4.01, -56.32, -78.44, -44.77, 36.61, -41.45, -124.99, -51.96, 13.03]
[-34.43, -124.99, -60.07, -4.47, -69.97, -60.75, -40.72, -3.76, -56.32, -78.44, -44.77, 36.61, -41.45, -124.99, -51.96, 13.03]
[-34.43, -124.99, -60.07, -4.47, -70.62, -60.4, -41.02, -3.52, -56.32, -78.44, -44.77, 36.61, -41.45, -124.99, -51.96, 13.03]
[-34.43, -124.99, -60.07, -4.47, -71.29, -60.03, -41.32, -3.27, -56.32, -78.44, -44.77, 36.61, -41.45, -124.99, -51.96, 13.03]
[-34.43, -124.99, -60.07, -4.47, -71.96, -59.64, -41.61, -3.03, -56.32, -78.44, -44.77, 36.61, -41.45, -124.99, -51.96, 13.03]
[-34.43, -124.99, -60.07, -4.47, -72.65, -59.23, -41.89, -2.78, -56.32, -78.44, -44.77, 36.61, -41.45, -124.99, -51.96, 13.03]
[-34.43, -124.99, -60.07, -4.47, -73.35, -58.81, -42.16, -2.54, -56.32, -78.44, -44.77, 36.61, -41.45, -124.99, -51.96, 13.03]
[-34.43, -124.99, -60.07, -4.47, -74.06, -58.36, -42.42, -2.29, -56.32, -78.44, -44.77, 36.61, -41.45, -124.99, -51.96, 13.03]
[-34.43, -124.99, -60.07, -4.47, -74.78, -57.9, -42.68, -2.04, -56.32, -78.44, -44.77, 36.61, -41.45, -124.99, -51.96, 13.03]
[-34.43, -124.99, -60.07, -4.47, -75.51, -57.41, -42.92, -1.8, -56.32, -78.44, -44.77, 36.61, -41.45, -124.99, -51.96, 13.03]
[-34.43, -124.99, -60.07, -4.47, -76.26, -56.91, -43.16, -1.55, -56.32, -78.44, -44.77, 36.61, -41.45, -124.99, -51.96, 13.03]
[-34.43, -124.99, -60.07, -4.47, -77.01, -56.38, -43.39, -1.3, -56.32, -78.44, -44.77, 36.61, -41.45, -124.99, -51.96, 13.03]
[-34.43, -124.99, -60.07, -4.47, -77.78, -55.83, -43.61, -1.05, -56.32, -78.44, -44.77, 36.61, -41.45, -124.99, -51.96, 13.03]
[-34.43, -124.99, -60.07, -4.47, -78.56, -55.27, -43.83, -0.81, -56.32, -78.44, -44.77, 36.61, -41.45, -124.99, -51.96, 13.03]
[-34.43, -124.99, -60.07, -4.47, -79.35, -54.68, -44.03, -0.56, -56.32, -78.44, -44.77, 36.61, -41.45, -124.99, -51.96, 13.03]
[-34.43, -124.99, -60.07, -4.47, -80.16, -54.06, -44.22, -0.31, -56.32, -78.44, -44.77, 36.61, -41.45, -124.99, -51.96, 13.03]
[-34.43, -124.99, -60.07, -4.47, -80.98, -53.43, -44.4, -0.06, -56.32, -78.44, -44.77, 36.61, -41.45, -124.99, -51.96, 13.03]
[-34.43, -124.99, -60.07, -4.47, -81.81, -52.77, -44.58, 0.19, -56.32, -78.44, -44.77, 36.61, -41.45, -124.99, -51.96, 13.03]
[-34.43, -124.99, -60.07, -4.47, -82.65, -52.08, -44.74, 0.44, -56.32, -78.44, -44.77, 36.61, -41.45, -124.99, -51.96, 13.03]
[-34.43, -124.99, -60.07, -4.47, -83.51, -51.37, -44.89, 0.69, -56.32, -78.44, -44.77, 36.61, -41.45, -124.99, -51.96, 13.03]
[-34.43, -124.99, -60.07, -4.47, -84.39, -50.64, -45.03, 0.94, -56.32, -78.44, -44.77, 36.61, -41.45, -124.99, -51.96, 13.03]
[-34.43, -124.99, -60.07, -4.47, -85.28, -49.88, -45.15, 1.19, -56.32, -78.44, -44.77, 36.61, -41.45, -124.99, -51.96, 13.03]
[-34.43, -124.99, -60.07, -4.47, -86.18, -49.09, -45.27, 1.44, -56.32, -78.44, -44.77, 36.61, -41.45, -124.99, -51.96, 13.03]
[-34.43, -124.99, -60.07, -4.47, -87.11, -48.27, -45.37, 1.69, -56.32, -78.44, -44.77, 36.61, -41.45, -124.99, -51.96, 13.03]
[-34.43, -124.99, -60.07, -4.47, -88.04, -47.42, -45.46, 1.94, -56.32, -78.44, -44.77, 36.61, -41.45, -124.99, -51.96, 13.03]
[-34.43, -124.99, -60.07, -4.47, -89.0, -46.54, -45.54, 2.19, -56.32, -78.44, -44.77, 36.61, -41.45, -124.99, -51.96, 13.03]
[-34.43, -124.99, -60.07, -4.47, -89.98, -45.62, -45.6, 2.45, -56.32, -78.44, -44.77, 36.61, -41.45, -124.99, -51.96, 13.03]
[-34.43, -124.99, -60.07, -4.47, -90.98, -44.67, -45.65, 2.7, -56.32, -78.44, -44.77, 36.61, -41.45, -124.99, -51.96, 13.03]
[-34.43, -124.99, -60.07, -4.47, -92.0, -43.68, -45.68, 2.95, -56.32, -78.44, -44.77, 36.61, -41.45, -124.99, -51.96, 13.03]
[-34.43, -124.99, -60.07, -4.47, -93.04, -42.65, -45.69, 3.2, -56.32, -78.44, -44.77, 36.61, -41.45, -124.99, -51.96, 13.03]
[-34.43, -124.99, -60.07, -4.47, -94.11, -41.58, -45.69, 3.45, -56.32, -78.44, -44.77, 36.61, -41.45, -124.99, -51.96, 13.03]
[-34.43, -124.99, -60.07, -4.47, -95.2, -40.46, -45.67, 3.71, -56.32, -78.44, -44.77, 36.61, -41.45, -124.99, -51.96, 13.03]
[-34.43, -124.99, -60.07, -4.47, -96.33, -39.3, -45.62, 3.96, -56.32, -78.44, -44.77, 36.61, -41.45, -124.99, -51.96, 13.03]
[-34.43, -124.99, -60.07, -4.47, -97.48, -38.08, -45.56, 4.21, -56.32, -78.44, -44.77, 36.61, -41.45, -124.99, -51.96, 13.03]
[-34.43, -124.99, -60.07, -4.47, -98.67, -36.8, -45.47, 4.46, -56.32, -78.44, -44.77, 36.61, -41.45, -124.99, -51.96, 13.03]
[-34.43, -124.99, -60.07, -4.47, -99.9, -35.46, -45.36, 4.72, -56.32, -78.44, -44.77, 36.61, -41.45, -124.99, -51.96, 13.03]
[-34.43, -124.99, -60.07, -4.47, -101.18, -34.05, -45.22, 4.97, -56.32, -78.44, -44.77, 36.61, -41.45, -124.99, -51.96, 13.03]
[-34.43, -124.99, -60.07, -4.47, -102.5, -32.55, -45.05, 5.22, -56.32, -78.44, -44.77, 36.61, -41.45, -124.99, -51.96, 13.03]
[-34.43, -124.99, -60.07, -4.47, -103.88, -30.96, -44.84, 5.48, -56.32, -78.44, -44.77, 36.61, -41.45, -124.99, -51.96, 13.03]
[-34.43, -124.99, -60.07, -4.47, -105.33, -29.27, -44.6, 5.73, -56.32, -78.44, -44.77, 36.61, -41.45, -124.99, -51.96, 13.03]
[-34.43, -124.99, -60.07, -4.47, -106.86, -27.45, -44.31, 5.98, -56.32, -78.44, -44.77, 36.61, -41.45, -124.99, -51.96, 13.03]
[-34.43, -124.99, -60.07, -4.47, -108.48, -25.48, -43.96, 6.24, -56.32, -78.44, -44.77, 36.61, -41.45, -124.99, -51.96, 13.03]
[-34.43, -124.99, -60.07, -4.47, -110.23, -23.31, -43.54, 6.49, -56.32, -78.44, -44.77, 36.61, -41.45, -124.99, -51.96, 13.03]
[-34.43, -124.99, -60.07, -4.47, -112.14, -20.9, -43.03, 6.74, -56.32, -78.44, -44.77, 36.61, -41.45, -124.99, -51.96, 13.03]
[-34.43, -124.99, -60.07, -4.47, -114.27, -18.13, -42.4, 7.0, -56.32, -78.44, -44.77, 36.61, -41.45, -124.99, -51.96, 13.03]
[-34.43, -124.99, -60.07, -4.47, -116.67, -14.95, -41.63, 7.25, -56.32, -78.44, -44.77, 36.61, -41.45, -124.99, -51.96, 13.03]
[-34.43, -124.99, -60.07, -4.47, -119.81, -10.65, -40.47, 7.51, -56.32, -78.44, -44.77, 36.61, -41.45, -124.99, -51.96, 13.03]
[-34.43, -124.99, -60.07, -4.47, -119.97, -10.64, -40.92, 7.76, -56.32, -78.44, -44.77, 36.61, -41.45, -124.99, -51.96, 13.03]
[-34.43, -124.99, -60.07, -4.47, -119.95, -10.88, -41.46, 8.01, -56.32, -78.44, -44.77, 36.61, -41.45, -124.99, -51.96, 13.03]
[-34.43, -124.99, -60.07, -4.47, -119.99, -11.03, -41.97, 8.27, -56.32, -78.44, -44.77, 36.61, -41.45, -124.99, -51.96, 13.03]
[-34.43, -124.99, -60.07, -4.47, -119.97, -11.26, -42.51, 8.52, -56.32, -78.44, -44.77, 36.61, -41.45, -124.99, -51.96, 13.03]
[-34.43, -124.99, -60.07, -4.47, -119.89, -11.57, -43.08, 8.77, -56.32, -78.44, -44.77, 36.61, -41.45, -124.99, -51.96, 13.03]
[-34.43, -124.99, -60.07, -4.47, -119.98, -11.63, -43.56, 9.03, -56.32, -78.44, -44.77, 36.61, -41.45, -124.99, -51.96, 13.03]
[-34.43, -124.99, -60.07, -4.47, -119.91, -11.92, -44.13, 9.28, -56.32, -78.44, -44.77, 36.61, -41.45, -124.99, -51.96, 13.03]
[-34.43, -124.99, -60.07, -4.47, -119.99, -11.98, -44.61, 9.53, -56.32, -78.44, -44.77, 36.61, -41.45, -124.99, -51.96, 13.03]
[-34.43, -124.99, -60.07, -4.47, -119.91, -12.27, -45.17, 9.79, -56.32, -78.44, -44.77, 36.61, -41.45, -124.99, -51.96, 13.03]
[-34.42, -124.99, -60.07, -4.47, -119.96, -12.18, -45.14, 9.79, -56.32, -78.46, -44.77, 36.61, -41.46, -124.99, -51.95, 13.01]
[-34.42, -124.99, -60.07, -4.47, -119.94, -12.03, -44.62, 9.79, -56.32, -78.46, -44.77, 36.61, -41.46, -124.99, -51.95, 13.01]
[-34.42, -124.99, -60.07, -4.47, -119.95, -11.81, -44.08, 9.79, -56.32, -78.46, -44.77, 36.61, -41.46, -124.99, -51.95, 13.01]
[-34.42, -124.99, -60.07, -4.47, -119.9, -11.69, -43.58, 9.79, -56.32, -78.46, -44.77, 36.61, -41.46, -124.99, -51.95, 13.01]
[-34.42, -124.99, -60.07, -4.47, -119.89, -11.5, -43.05, 9.79, -56.32, -78.46, -44.77, 36.61, -41.46, -124.99, -51.95, 13.01]
[-34.42, -124.99, -60.07, -4.47, -119.92, -11.26, -42.51, 9.79, -56.32, -78.46, -44.77, 36.61, -41.46, -124.99, -51.95, 13.01]
[-34.42, -124.99, -60.07, -4.47, -119.99, -10.94, -41.94, 9.79, -56.32, -78.46, -44.77, 36.61, -41.46, -124.99, -51.95, 13.01]
[-34.42, -124.99, -60.07, -4.47, -120.0, -10.73, -41.4, 9.79, -56.32, -78.46, -44.77, 36.61, -41.46, -124.99, -51.95, 13.01]
[-34.42, -124.99, -60.07, -4.47, -119.92, -10.61, -40.91, 9.79, -56.32, -78.46, -44.77, 36.61, -41.46, -124.99, -51.95, 13.01]
[-34.42, -124.99, -60.07, -4.47, -119.89, -10.43, -40.39, 9.79, -56.32, -78.46, -44.77, 36.61, -41.46, -124.99, -51.95, 13.01]
[-34.42, -124.99, -60.07, -4.47, -117.34, -13.9, -41.23, 9.79, -56.32, -78.46, -44.77, 36.61, -41.46, -124.99, -51.95, 13.01]
[-34.42, -124.99, -60.07, -4.47, -114.73, -17.4, -42.12, 9.79, -56.32, -78.46, -44.77, 36.61, -41.46, -124.99, -51.95, 13.01]
[-34.42, -124.99, -60.07, -4.47, -112.44, -20.39, -42.83, 9.79, -56.32, -78.46, -44.77, 36.61, -41.46, -124.99, -51.95, 13.01]
[-34.42, -124.99, -60.07, -4.47, -110.48, -22.89, -43.37, 9.79, -56.32, -78.46, -44.77, 36.61, -41.46, -124.99, -51.95, 13.01]
[-34.42, -124.99, -60.07, -4.47, -108.68, -25.14, -43.82, 9.79, -56.32, -78.46, -44.77, 36.61, -41.46, -124.99, -51.95, 13.01]
[-34.42, -124.99, -60.07, -4.47, -107.01, -27.19, -44.2, 9.79, -56.32, -78.46, -44.77, 36.61, -41.46, -124.99, -51.95, 13.01]
[-34.42, -124.99, -60.07, -4.47, -105.44, -29.09, -44.52, 9.79, -56.32, -78.46, -44.77, 36.61, -41.46, -124.99, -51.95, 13.01]
[-34.42, -124.99, -60.07, -4.47, -103.94, -30.86, -44.8, 9.79, -56.32, -78.46, -44.77, 36.61, -41.46, -124.99, -51.95, 13.01]
[-34.42, -124.99, -60.07, -4.47, -102.52, -32.52, -45.04, 9.79, -56.32, -78.46, -44.77, 36.61, -41.46, -124.99, -51.95, 13.01]
[-34.42, -124.99, -60.07, -4.47, -101.15, -34.1, -45.24, 9.79, -56.32, -78.46, -44.77, 36.61, -41.46, -124.99, -51.95, 13.01]
[-34.42, -124.99, -60.07, -4.47, -99.83, -35.59, -45.42, 9.79, -56.32, -78.46, -44.77, 36.61, -41.46, -124.99, -51.95, 13.01]
[-34.42, -124.99, -60.07, -4.47, -98.55, -37.02, -45.56, 9.79, -56.32, -78.46, -44.77, 36.61, -41.46, -124.99, -51.95, 13.01]
[-34.42, -124.99, -60.07, -4.47, -97.31, -38.38, -45.69, 9.79, -56.32, -78.46, -44.77, 36.61, -41.46, -124.99, -51.95, 13.01]
[-34.42, -124.99, -60.07, -4.47, -96.1, -39.69, -45.79, 9.79, -56.32, -78.46, -44.77, 36.61, -41.46, -124.99, -51.95, 13.01]
[-34.42, -124.99, -60.07, -4.47, -94.93, -40.94, -45.87, 9.79, -56.32, -78.46, -44.77, 36.61, -41.46, -124.99, -51.95, 13.01]
[-34.42, -124.99, -60.07, -4.47, -93.78, -42.15, -45.93, 9.79, -56.32, -78.46, -44.77, 36.61, -41.46, -124.99, -51.95, 13.01]
[-34.42, -124.99, -60.07, -4.47, -92.65, -43.32, -45.98, 9.79, -56.32, -78.46, -44.77, 36.61, -41.46, -124.99, -51.95, 13.01]
[-34.42, -124.99, -60.07, -4.47, -91.55, -44.45, -46.01, 9.79, -56.32, -78.46, -44.77, 36.61, -41.46, -124.99, -51.95, 13.01]
[-34.42, -124.99, -60.07, -4.47, -90.47, -45.55, -46.02, 9.79, -56.32, -78.46, -44.77, 36.61, -41.46, -124.99, -51.95, 13.01]
[-34.42, -124.99, -60.07, -4.47, -89.41, -46.61, -46.02, 9.79, -56.32, -78.46, -44.77, 36.61, -41.46, -124.99, -51.95, 13.01]
[-34.42, -124.99, -60.07, -4.47, -88.37, -47.63, -46.0, 9.79, -56.32, -78.46, -44.77, 36.61, -41.46, -124.99, -51.95, 13.01]
[-34.42, -124.99, -60.07, -4.47, -87.35, -48.63, -45.98, 9.79, -56.32, -78.46, -44.77, 36.61, -41.46, -124.99, -51.95, 13.01]
[-34.42, -124.99, -60.07, -4.47, -86.34, -49.6, -45.94, 9.79, -56.32, -78.46, -44.77, 36.61, -41.46, -124.99, -51.95, 13.01]
[-34.42, -124.99, -60.07, -4.47, -85.34, -50.54, -45.89, 9.79, -56.32, -78.46, -44.77, 36.61, -41.46, -124.99, -51.95, 13.01]
[-34.42, -124.99, -60.07, -4.47, -84.36, -51.46, -45.82, 9.79, -56.32, -78.46, -44.77, 36.61, -41.46, -124.99, -51.95, 13.01]
[-34.42, -124.99, -60.07, -4.47, -83.4, -52.35, -45.75, 9.79, -56.32, -78.46, -44.77, 36.61, -41.46, -124.99, -51.95, 13.01]
[-34.42, -124.99, -60.07, -4.47, -82.44, -53.22, -45.66, 9.79, -56.32, -78.46, -44.77, 36.61, -41.46, -124.99, -51.95, 13.01]
[-34.42, -124.99, -60.07, -4.47, -81.5, -54.07, -45.57, 9.79, -56.32, -78.46, -44.77, 36.61, -41.46, -124.99, -51.95, 13.01]
[-34.42, -124.99, -60.07, -4.47, -80.57, -54.89, -45.46, 9.79, -56.32, -78.46, -44.77, 36.61, -41.46, -124.99, -51.95, 13.01]
[-34.42, -124.99, -60.07, -4.47, -79.65, -55.7, -45.35, 9.79, -56.32, -78.46, -44.77, 36.61, -41.46, -124.99, -51.95, 13.01]
[-34.42, -124.99, -60.07, -4.47, -78.74, -56.48, -45.23, 9.79, -56.32, -78.46, -44.77, 36.61, -41.46, -124.99, -51.95, 13.01]
[-34.42, -124.99, -60.07, -4.47, -77.85, -57.25, -45.1, 9.79, -56.32, -78.46, -44.77, 36.61, -41.46, -124.99, -51.95, 13.01]
[-34.42, -124.99, -60.07, -4.47, -76.96, -58.0, -44.95, 9.79, -56.32, -78.46, -44.77, 36.61, -41.46, -124.99, -51.95, 13.01]
[-34.42, -124.99, -60.07, -4.47, -76.08, -58.73, -44.8, 9.79, -56.32, -78.46, -44.77, 36.61, -41.46, -124.99, -51.95, 13.01]
[-34.42, -124.99, -60.07, -4.47, -75.21, -59.44, -44.65, 9.79, -56.32, -78.46, -44.77, 36.61, -41.46, -124.99, -51.95, 13.01]
[-34.42, -124.99, -60.07, -4.47, -74.35, -60.14, -44.48, 9.79, -56.32, -78.46, -44.77, 36.61, -41.46, -124.99, -51.95, 13.01]
[-34.42, -124.99, -60.07, -4.47, -73.49, -60.82, -44.31, 9.79, -56.32, -78.46, -44.77, 36.61, -41.46, -124.99, -51.95, 13.01]
[-34.42, -124.99, -60.07, -4.47, -72.65, -61.48, -44.13, 9.79, -56.32, -78.46, -44.77, 36.61, -41.46, -124.99, -51.95, 13.01]
[-34.42, -124.99, -60.07, -4.47, -71.81, -62.13, -43.94, 9.79, -56.32, -78.46, -44.77, 36.61, -41.46, -124.99, -51.95, 13.01]
[-34.42, -124.99, -60.07, -4.47, -70.98, -62.76, -43.74, 9.79, -56.32, -78.46, -44.77, 36.61, -41.46, -124.99, -51.95, 13.01]
[-34.42, -124.99, -60.07, -4.47, -70.16, -63.38, -43.54, 9.79, -56.32, -78.46, -44.77, 36.61, -41.46, -124.99, -51.95, 13.01]
[-34.42, -124.99, -60.07, -4.47, -69.35, -63.98, -43.33, 9.79, -56.32, -78.46, -44.77, 36.61, -41.46, -124.99, -51.95, 13.01]
[-34.42, -124.99, -60.07, -4.47, -68.54, -64.57, -43.11, 9.79, -56.32, -78.46, -44.77, 36.61, -41.46, -124.99, -51.95, 13.01]
[-34.42, -124.99, -60.07, -4.47, -67.74, -65.14, -42.88, 9.79, -56.32, -78.46, -44.77, 36.61, -41.46, -124.99, -51.95, 13.01]
[-34.42, -124.99, -60.07, -4.47, -66.95, -65.7, -42.65, 9.79, -56.32, -78.46, -44.77, 36.61, -41.46, -124.99, -51.95, 13.01]
[-34.42, -124.99, -60.07, -4.47, -66.16, -66.25, -42.42, 9.79, -56.32, -78.46, -44.77, 36.61, -41.46, -124.99, -51.95, 13.01]
[-34.42, -124.99, -60.07, -4.47, -65.38, -66.79, -42.17, 9.79, -56.32, -78.46, -44.77, 36.61, -41.46, -124.99, -51.95, 13.01]
[-34.42, -124.99, -60.07, -4.47, -64.61, -67.31, -41.92, 9.79, -56.32, -78.46, -44.77, 36.61, -41.46, -124.99, -51.95, 13.01]
[-34.42, -124.99, -60.07, -4.47, -63.85, -67.82, -41.66, 9.79, -56.32, -78.46, -44.77, 36.61, -41.46, -124.99, -51.95, 13.01]
[-34.42, -124.99, -60.07, -4.47, -63.09, -68.31, -41.4, 9.79, -56.32, -78.46, -44.77, 36.61, -41.46, -124.99, -51.95, 13.01]
[-34.42, -124.99, -60.07, -4.47, -62.34, -68.8, -41.13, 9.79, -56.32, -78.46, -44.77, 36.61, -41.46, -124.99, -51.95, 13.01]
[-34.44, -124.99, -60.07, -3.74, -61.22, -70.6, -41.81, 9.88, -55.67, -79.49, -45.16, 36.26, -41.28, -124.99, -52.46, 12.74]
[-34.44, -125.0, -60.07, -3.01, -60.12, -72.36, -42.48, 9.97, -55.04, -80.51, -45.54, 35.91, -41.08, -124.99, -52.95, 12.49]
[-34.45, -124.99, -60.06, -2.28, -59.04, -74.09, -43.13, 10.07, -54.41, -81.5, -45.92, 35.55, -40.88, -124.99, -53.43, 12.24]
[-34.45, -124.98, -60.06, -1.54, -57.99, -75.78, -43.76, 10.16, -53.8, -82.48, -46.28, 35.19, -40.66, -124.99, -53.89, 12.0]
[-34.45, -124.98, -60.06, -0.81, -56.95, -77.44, -44.39, 10.25, -53.2, -83.45, -46.65, 34.83, -40.43, -125.0, -54.34, 11.77]
[-34.43, -124.99, -60.07, -0.08, -55.93, -79.07, -45.0, 10.35, -52.61, -84.39, -47.0, 34.46, -40.19, -125.0, -54.78, 11.54]
[-34.4, -125.0, -60.08, 0.65, -54.93, -80.68, -45.61, 10.45, -52.03, -85.32, -47.35, 34.09, -39.95, -124.98, -55.19, 11.32]
[-34.39, -124.99, -60.09, 1.39, -53.94, -82.26, -46.2, 10.55, -51.45, -86.24, -47.69, 33.71, -39.68, -125.0, -55.6, 11.11]
[-34.36, -124.99, -60.1, 2.11, -52.97, -83.81, -46.78, 10.65, -50.89, -87.14, -48.03, 33.33, -39.43, -124.98, -55.98, 10.9]
[-34.32, -124.99, -60.12, 2.84, -52.01, -85.34, -47.36, 10.75, -50.34, -88.02, -48.36, 32.95, -39.14, -125.0, -56.36, 10.71]
[-34.3, -124.98, -60.13, 3.57, -51.07, -86.85, -47.92, 10.85, -49.79, -88.89, -48.68, 32.57, -38.85, -125.0, -56.72, 10.51]
[-34.24, -125.0, -60.15, 4.29, -50.13, -88.34, -48.48, 10.96, -49.26, -89.74, -49.0, 32.18, -38.55, -124.99, -57.07, 10.33]
[-34.19, -124.99, -60.17, 5.02, -49.21, -89.81, -49.03, 11.07, -48.73, -90.58, -49.31, 31.78, -38.25, -124.99, -57.4, 10.14]
[-34.13, -125.0, -60.2, 5.74, -48.3, -91.27, -49.57, 11.17, -48.21, -91.41, -49.62, 31.39, -37.94, -124.98, -57.71, 9.97]
[-34.08, -124.99, -60.22, 6.46, -47.4, -92.7, -50.1, 11.29, -47.7, -92.22, -49.92, 30.99, -37.61, -124.98, -58.01, 9.79]
[-34.02, -124.98, -60.24, 7.17, -46.51, -94.12, -50.63, 11.4, -47.2, -93.01, -50.22, 30.58, -37.27, -124.99, -58.31, 9.63]
[-33.95, -124.98, -60.27, 7.88, -45.62, -95.52, -51.14, 11.51, -46.71, -93.8, -50.51, 30.18, -36.93, -124.98, -58.58, 9.46]
[-33.87, -124.99, -60.31, 8.59, -44.75, -96.91, -51.66, 11.63, -46.22, -94.57, -50.79, 29.76, -36.57, -124.99, -58.85, 9.31]
[-33.77, -125.0, -60.34, 9.3, -43.88, -98.28, -52.16, 11.75, -45.75, -95.33, -51.07, 29.35, -36.21, -124.99, -59.09, 9.15]
[-33.69, -125.0, -60.38, 10.0, -43.02, -99.64, -52.66, 11.87, -45.28, -96.07, -51.35, 28.93, -35.83, -124.99, -59.33, 9.0]
[-33.61, -124.98, -60.4, 10.7, -42.16, -100.99, -53.15, 11.99, -44.82, -96.8, -51.62, 28.51, -35.46, -124.98, -59.55, 8.86]
[-33.51, -124.99, -60.45, 11.39, -41.32, -102.33, -53.64, 12.11, -44.36, -97.52, -51.88, 28.08, -35.07, -124.98, -59.76, 8.71]
[-33.41, -124.99, -60.48, 12.08, -40.47, -103.65, -54.12, 12.24, -43.92, -98.23, -52.14, 27.65, -34.66, -124.99, -59.96, 8.58]
[-33.29, -124.99, -60.52, 12.77, -39.64, -104.96, -54.6, 12.37, -43.48, -98.92, -52.4, 27.22, -34.26, -124.99, -60.15, 8.44]
[-33.19, -124.98, -60.56, 13.45, -38.81, -106.26, -55.07, 12.5, -43.05, -99.6, -52.64, 26.78, -33.84, -124.99, -60.32, 8.31]
[-33.05, -125.0, -60.61, 14.13, -37.98, -107.55, -55.53, 12.63, -42.62, -100.27, -52.89, 26.34, -33.42, -124.99, -60.48, 8.18]
[-32.94, -124.98, -60.64, 14.8, -37.16, -108.83, -55.99, 12.77, -42.21, -100.92, -53.13, 25.9, -32.99, -124.99, -60.63, 8.05]
[-32.79, -125.0, -60.69, 15.47, -36.34, -110.1, -56.44, 12.91, -41.8, -101.57, -53.36, 25.45, -32.56, -124.98, -60.76, 7.93]
[-32.65, -125.0, -60.73, 16.14, -35.52, -111.37, -56.89, 13.05, -41.4, -102.2, -53.59, 24.99, -32.09, -125.0, -60.89, 7.81]
[-32.52, -124.99, -60.77, 16.79, -34.71, -112.62, -57.33, 13.19, -41.0, -102.82, -53.82, 24.54, -31.65, -124.98, -61.0, 7.69]
[-32.38, -124.98, -60.81, 17.45, -33.9, -113.86, -57.77, 13.34, -40.62, -103.42, -54.04, 24.08, -31.18, -125.0, -61.1, 7.58]
[-32.22, -124.99, -60.86, 18.1, -33.1, -115.1, -58.2, 13.49, -40.24, -104.02, -54.26, 23.62, -30.71, -124.99, -61.19, 7.47]
[-32.06, -124.98, -60.9, 18.74, -32.29, -116.33, -58.63, 13.64, -39.86, -104.6, -54.47, 23.15, -30.25, -124.98, -61.27, 7.36]
[-31.89, -124.99, -60.94, 19.38, -31.49, -117.56, -59.05, 13.8, -39.5, -105.17, -54.67, 22.68, -29.75, -124.99, -61.34, 7.25]
[-31.71, -125.0, -60.99, 20.01, -30.69, -118.77, -59.46, 13.95, -39.14, -105.73, -54.88, 22.2, -29.26, -124.99, -61.4, 7.15]
[-31.55, -124.98, -61.02, 20.63, -29.89, -119.98, -59.87, 14.11, -38.79, -106.28, -55.07, 21.73, -28.77, -124.98, -61.44, 7.05]
[-31.35, -124.99, -61.07, 21.25, -29.09, -121.19, -60.28, 14.28, -38.45, -106.82, -55.27, 21.25, -28.25, -124.99, -61.48, 6.95]
[-31.16, -124.99, -61.11, 21.87, -28.29, -122.38, -60.68, 14.44, -38.11, -107.34, -55.45, 20.76, -27.74, -124.99, -61.51, 6.85]
[-30.98, -124.98, -61.14, 22.48, -27.5, -123.58, -61.07, 14.62, -37.79, -107.85, -55.64, 20.27, -27.21, -125.0, -61.53, 6.75]
[-30.77, -124.99, -61.18, 23.08, -26.7, -124.77, -61.46, 14.79, -37.47, -108.35, -55.82, 19.78, -26.7, -124.99, -61.54, 6.66]
[-30.55, -125.0, -61.22, 23.68, -26.97, -124.99, -61.53, 14.97, -37.15, -108.84, -55.99, 19.29, -27.14, -124.11, -61.25, 6.57]
[-30.36, -124.98, -61.25, 24.27, -27.48, -124.98, -61.52, 15.15, -36.85, -109.31, -56.16, 18.79, -27.96, -122.88, -60.84, 6.48]
[-30.12, -125.0, -61.29, 24.85, -27.97, -124.98, -61.5, 15.33, -36.55, -109.78, -56.33, 18.29, -28.79, -121.64, -60.43, 6.39]
[-29.92, -124.98, -61.32, 25.43, -28.46, -124.99, -61.47, 15.52, -36.26, -110.23, -56.49, 17.78, -29.61, -120.41, -60.02, 6.3]
[-29.69, -124.98, -61.35, 26.01, -28.96, -124.98, -61.43, 15.71, -35.97, -110.67, -56.64, 17.27, -30.43, -119.16, -59.6, 6.22]
[-29.44, -124.99, -61.38, 26.57, -29.41, -125.0, -61.38, 15.91, -35.7, -111.1, -56.79, 16.76, -31.26, -117.91, -59.17, 6.14]
[-29.2, -124.99, -61.41, 27.13, -29.91, -124.98, -61.32, 16.11, -35.43, -111.52, -56.94, 16.25, -32.08, -116.65, -58.74, 6.05]
[-28.95, -124.98, -61.43, 27.69, -30.36, -124.99, -61.25, 16.32, -35.16, -111.92, -57.09, 15.73, -32.91, -115.39, -58.3, 5.98]
[-28.69, -124.99, -61.45, 28.24, -30.81, -125.0, -61.18, 16.53, -34.91, -112.31, -57.22, 15.21, -33.74, -114.12, -57.86, 5.9]
[-28.43, -124.99, -61.47, 28.78, -31.26, -125.0, -61.09, 16.74, -34.66, -112.69, -57.36, 14.68, -34.57, -112.84, -57.41, 5.82]
[-28.18, -124.98, -61.48, 29.32, -31.7, -125.0, -60.99, 16.96, -34.42, -113.06, -57.49, 14.16, -35.4, -111.56, -56.96, 5.75]
[-27.9, -124.98, -61.5, 29.85, -32.15, -124.99, -60.87, 17.19, -34.19, -113.42, -57.61, 13.63, -36.24, -110.26, -56.5, 5.67]
[-27.62, -124.98, -61.51, 30.37, -32.58, -124.98, -60.75, 17.42, -33.97, -113.76, -57.73, 13.09, -37.07, -108.96, -56.03, 5.6]
[-27.32, -124.99, -61.53, 30.89, -33.0, -124.98, -60.62, 17.65, -33.75, -114.1, -57.85, 12.56, -37.92, -107.65, -55.56, 5.53]
[-27.03, -125.0, -61.53, 31.4, -33.4, -124.99, -60.48, 17.89, -33.54, -114.42, -57.96, 12.02, -38.76, -106.33, -55.09, 5.46]
[-26.73, -125.0, -61.54, 31.91, -33.82, -124.98, -60.33, 18.14, -33.34, -114.72, -58.07, 11.48, -39.62, -104.99, -54.61, 5.39]
[-26.72, -124.74, -61.45, 32.41, -34.21, -124.98, -60.16, 18.39, -33.15, -115.02, -58.17, 10.94, -40.47, -103.65, -54.12, 5.32]
[-27.19, -124.03, -61.22, 32.9, -34.6, -124.99, -59.99, 18.65, -32.97, -115.3, -58.27, 10.39, -41.33, -102.3, -53.63, 5.26]
[-27.67, -123.31, -60.99, 33.39, -34.97, -125.0, -59.81, 18.91, -32.79, -115.57, -58.36, 9.85, -42.2, -100.93, -53.13, 5.19]
[-28.16, -122.58, -60.75, 33.87, -35.34, -124.99, -59.61, 19.18, -32.62, -115.83, -58.45, 9.3, -43.07, -99.55, -52.63, 5.13]
[-28.65, -121.85, -60.5, 34.35, -35.7, -125.0, -59.41, 19.46, -32.46, -116.08, -58.54, 8.75, -43.95, -98.16, -52.12, 5.06]
[-29.15, -121.1, -60.25, 34.82, -36.07, -124.98, -59.18, 19.74, -32.3, -116.31, -58.62, 8.19, -44.84, -96.76, -51.6, 5.0]
[-29.65, -120.34, -59.99, 35.29, -36.4, -125.0, -58.96, 20.04, -32.16, -116.54, -58.7, 7.64, -45.74, -95.34, -51.08, 4.94]
[-30.16, -119.57, -59.73, 35.75, -36.76, -124.98, -58.71, 20.34, -32.02, -116.75, -58.77, 7.08, -46.64, -93.9, -50.55, 4.88]
[-30.68, -118.79, -59.47, 36.2, -37.08, -124.99, -58.46, 20.64, -31.89, -116.94, -58.84, 6.52, -47.55, -92.45, -50.01, 4.82]
[-31.19, -118.01, -59.2, 36.65, -37.41, -124.98, -58.19, 20.96, -31.77, -117.13, -58.9, 5.96, -48.48, -90.99, -49.46, 4.77]
[-31.72, -117.21, -58.93, 37.09, -37.7, -125.0, -57.92, 21.28, -31.66, -117.3, -58.96, 5.4, -49.41, -89.5, -48.91, 4.71]
[-32.25, -116.4, -58.65, 37.53, -38.02, -124.98, -57.63, 21.61, -31.55, -117.46, -59.01, 4.83, -50.35, -88.0, -48.35, 4.65]
[-32.78, -115.58, -58.37, 37.96, -38.31, -124.99, -57.33, 21.95, -31.46, -117.61, -59.07, 4.27, -51.31, -86.47, -47.78, 4.6]
[-33.32, -114.75, -58.08, 38.39, -38.6, -124.99, -57.02, 22.3, -31.37, -117.74, -59.11, 3.7, -52.27, -84.93, -47.2, 4.54]
[-33.87, -113.92, -57.79, 38.81, -38.87, -124.99, -56.69, 22.66, -31.29, -117.87, -59.15, 3.13, -53.25, -83.36, -46.61, 4.49]
[-34.42, -113.07, -57.49, 39.22, -39.14, -125.0, -56.36, 23.03, -31.22, -117.98, -59.19, 2.56, -54.25, -81.77, -46.02, 4.44]
[-34.98, -112.21, -57.19, 39.63, -39.4, -124.99, -56.01, 23.41, -31.15, -118.07, -59.22, 1.99, -55.25, -80.16, -45.41, 4.39]
[-35.54, -111.34, -56.88, 40.04, -39.66, -124.98, -55.65, 23.81, -31.1, -118.16, -59.25, 1.42, -56.28, -78.51, -44.79, 4.34]
[-36.11, -110.46, -56.57, 40.44, -39.9, -124.98, -55.28, 24.21, -31.05, -118.23, -59.28, 0.85, -57.32, -76.84, -44.16, 4.29]
[-36.68, -109.57, -56.25, 40.83, -40.12, -124.99, -54.9, 24.62, -31.01, -118.29, -59.3, 0.28, -58.38, -75.14, -43.52, 4.24]
[-37.26, -108.66, -55.93, 41.22, -40.34, -125.0, -54.51, 25.05, -30.98, -118.34, -59.31, -0.29, -59.46, -73.41, -42.87, 4.19]
[-37.26, -108.66, -55.93, 41.22, -40.34, -125.0, -54.51, 25.05, -30.98, -118.34, -59.31, -0.29, -60.18, -73.0, -43.18, 4.45]
[-37.26, -108.66, -55.93, 41.22, -40.34, -125.0, -54.51, 25.05, -30.98, -118.34, -59.31, -0.29, -60.91, -72.57, -43.48, 4.71]
[-37.26, -108.66, -55.93, 41.22, -40.34, -125.0, -54.51, 25.05, -30.98, -118.34, -59.31, -0.29, -61.65, -72.12, -43.77, 4.96]
[-37.26, -108.66, -55.93, 41.22, -40.34, -125.0, -54.51, 25.05, -30.98, -118.34, -59.31, -0.29, -62.4, -71.66, -44.06, 5.22]
[-37.26, -108.66, -55.93, 41.22, -40.34, -125.0, -54.51, 25.05, -30.98, -118.34, -59.31, -0.29, -63.15, -71.19, -44.34, 5.48]
[-37.26, -108.66, -55.93, 41.22, -40.34, -125.0, -54.51, 25.05, -30.98, -118.34, -59.31, -0.29, -63.92, -70.69, -44.61, 5.74]
[-37.26, -108.66, -55.93, 41.22, -40.34, -125.0, -54.51, 25.05, -30.98, -118.34, -59.31, -0.29, -64.69, -70.18, -44.87, 6.0]
[-37.26, -108.66, -55.93, 41.22, -40.34, -125.0, -54.51, 25.05, -30.98, -118.34, -59.31, -0.29, -65.48, -69.65, -45.13, 6.26]
[-37.26, -108.66, -55.93, 41.22, -40.34, -125.0, -54.51, 25.05, -30.98, -118.34, -59.31, -0.29, -66.27, -69.11, -45.38, 6.51]
[-37.26, -108.66, -55.93, 41.22, -40.34, -125.0, -54.51, 25.05, -30.98, -118.34, -59.31, -0.29, -67.07, -68.54, -45.61, 6.77]
[-37.26, -108.66, -55.93, 41.22, -40.34, -125.0, -54.51, 25.05, -30.98, -118.34, -59.31, -0.29, -67.88, -67.96, -45.84, 7.03]
[-37.26, -108.66, -55.93, 41.22, -40.34, -125.0, -54.51, 25.05, -30.98, -118.34, -59.31, -0.29, -68.7, -67.36, -46.06, 7.29]
[-37.26, -108.66, -55.93, 41.22, -40.34, -125.0, -54.51, 25.05, -30.98, -118.34, -59.31, -0.29, -69.53, -66.74, -46.28, 7.55]
[-37.26, -108.66, -55.93, 41.22, -40.34, -125.0, -54.51, 25.05, -30.98, -118.34, -59.31, -0.29, -70.37, -66.11, -46.48, 7.81]
[-37.26, -108.66, -55.93, 41.22, -40.34, -125.0, -54.51, 25.05, -30.98, -118.34, -59.31, -0.29, -71.22, -65.45, -46.67, 8.07]
[-37.26, -108.66, -55.93, 41.22, -40.34, -125.0, -54.51, 25.05, -30.98, -118.34, -59.31, -0.29, -72.08, -64.77, -46.86, 8.33]
[-37.26, -108.66, -55.93, 41.22, -40.34, -125.0, -54.51, 25.05, -30.98, -118.34, -59.31, -0.29, -72.95, -64.08, -47.03, 8.58]
[-37.26, -108.66, -55.93, 41.22, -40.34, -125.0, -54.51, 25.05, -30.98, -118.34, -59.31, -0.29, -73.83, -63.36, -47.2, 8.84]
[-37.26, -108.66, -55.93, 41.22, -40.34, -125.0, -54.51, 25.05, -30.98, -118.34, -59.31, -0.29, -74.72, -62.62, -47.35, 9.1]
[-37.26, -108.66, -55.93, 41.22, -40.34, -125.0, -54.51, 25.05, -30.98, -118.34, -59.31, -0.29, -75.63, -61.87, -47.49, 9.36]
[-37.26, -108.66, -55.93, 41.22, -40.34, -125.0, -54.51, 25.05, -30.98, -118.34, -59.31, -0.29, -76.54, -61.08, -47.63, 9.62]
[-37.26, -108.66, -55.93, 41.22, -40.34, -125.0, -54.51, 25.05, -30.98, -118.34, -59.31, -0.29, -77.47, -60.28, -47.75, 9.88]
[-37.26, -108.66, -55.93, 41.22, -40.34, -125.0, -54.51, 25.05, -30.98, -118.34, -59.31, -0.29, -78.4, -59.45, -47.86, 10.14]
[-37.26, -108.66, -55.93, 41.22, -40.34, -125.0, -54.51, 25.05, -30.98, -118.34, -59.31, -0.29, -79.35, -58.6, -47.96, 10.39]
[-37.26, -108.66, -55.93, 41.22, -40.34, -125.0, -54.51, 25.05, -30.98, -118.34, -59.31, -0.29, -80.32, -57.73, -48.04, 10.65]
[-37.26, -108.66, -55.93, 41.22, -40.34, -125.0, -54.51, 25.05, -30.98, -118.34, -59.31, -0.29, -81.29, -56.82, -48.12, 10.91]
[-37.26, -108.66, -55.93, 41.22, -40.34, -125.0, -54.51, 25.05, -30.98, -118.34, -59.31, -0.29, -82.28, -55.89, -48.18, 11.17]
[-37.26, -108.66, -55.93, 41.22, -40.34, -125.0, -54.51, 25.05, -30.98, -118.34, -59.31, -0.29, -83.29, -54.94, -48.23, 11.43]
[-37.26, -108.66, -55.93, 41.22, -40.34, -125.0, -54.51, 25.05, -30.98, -118.34, -59.31, -0.29, -84.31, -53.95, -48.26, 11.68]
[-37.26, -108.66, -55.93, 41.22, -40.34, -125.0, -54.51, 25.05, -30.98, -118.34, -59.31, -0.29, -85.35, -52.93, -48.28, 11.94]
[-37.26, -108.66, -55.93, 41.22, -40.34, -125.0, -54.51, 25.05, -30.98, -118.34, -59.31, -0.29, -86.41, -51.88, -48.29, 12.2]
[-37.26, -108.66, -55.93, 41.22, -40.34, -125.0, -54.51, 25.05, -30.98, -118.34, -59.31, -0.29, -87.48, -50.8, -48.28, 12.45]
[-37.26, -108.66, -55.93, 41.22, -40.34, -125.0, -54.51, 25.05, -30.98, -118.34, -59.31, -0.29, -88.58, -49.68, -48.25, 12.71]
[-37.26, -108.66, -55.93, 41.22, -40.34, -125.0, -54.51, 25.05, -30.98, -118.34, -59.31, -0.29, -89.69, -48.52, -48.21, 12.97]
[-37.26, -108.66, -55.93, 41.22, -40.34, -125.0, -54.51, 25.05, -30.98, -118.34, -59.31, -0.29, -90.83, -47.32, -48.15, 13.22]
[-37.26, -108.66, -55.93, 41.22, -40.34, -125.0, -54.51, 25.05, -30.98, -118.34, -59.31, -0.29, -92.0, -46.07, -48.07, 13.48]
[-37.26, -108.66, -55.93, 41.22, -40.34, -125.0, -54.51, 25.05, -30.98, -118.34, -59.31, -0.29, -93.19, -44.78, -47.97, 13.74]
[-37.26, -108.66, -55.93, 41.22, -40.34, -125.0, -54.51, 25.05, -30.98, -118.34, -59.31, -0.29, -94.41, -43.44, -47.85, 13.99]
[-37.26, -108.66, -55.93, 41.22, -40.34, -125.0, -54.51, 25.05, -30.98, -118.34, -59.31, -0.29, -95.67, -42.04, -47.71, 14.25]
[-37.26, -108.66, -55.93, 41.22, -40.34, -125.0, -54.51, 25.05, -30.98, -118.34, -59.31, -0.29, -96.96, -40.58, -47.54, 14.5]
[-37.26, -108.66, -55.93, 41.22, -40.34, -125.0, -54.51, 25.05, -30.98, -118.34, -59.31, -0.29, -98.29, -39.05, -47.34, 14.76]
[-37.26, -108.66, -55.93, 41.22, -40.34, -125.0, -54.51, 25.05, -30.98, -118.34, -59.31, -0.29, -99.67, -37.44, -47.11, 15.01]
[-37.26, -108.66, -55.93, 41.22, -40.34, -125.0, -54.51, 25.05, -30.98, -118.34, -59.31, -0.29, -101.1, -35.75, -46.85, 15.27]
[-37.26, -108.66, -55.93, 41.22, -40.34, -125.0, -54.51, 25.05, -30.98, -118.34, -59.31, -0.29, -102.59, -33.97, -46.55, 15.52]
[-37.26, -108.66, -55.93, 41.22, -40.34, -125.0, -54.51, 25.05, -30.98, -118.34, -59.31, -0.29, -104.15, -32.06, -46.21, 15.77]
[-37.26, -108.66, -55.93, 41.22, -40.34, -125.0, -54.51, 25.05, -30.98, -118.34, -59.31, -0.29, -105.8, -30.02, -45.82, 16.03]
[-37.26, -108.66, -55.93, 41.22, -40.34, -125.0, -54.51, 25.05, -30.98, -118.34, -59.31, -0.29, -107.55, -27.82, -45.36, 16.28]
[-37.26, -108.66, -55.93, 41.22, -40.34, -125.0, -54.51, 25.05, -30.98, -118.34, -59.31, -0.29, -109.43, -25.4, -44.84, 16.53]
[-37.26, -108.66, -55.93, 41.22, -40.34, -125.0, -54.51, 25.05, -30.98, -118.34, -59.31, -0.29, -111.5, -22.71, -44.21, 16.78]
[-37.26, -108.66, -55.93, 41.22, -40.34, -125.0, -54.51, 25.05, -30.98, -118.34, -59.31, -0.29, -113.81, -19.64, -43.44, 17.04]
[-37.26, -108.66, -55.93, 41.22, -40.34, -125.0, -54.51, 25.05, -30.98, -118.34, -59.31, -0.29, -116.43, -16.07, -42.51, 17.29]
[-37.26, -108.66, -55.93, 41.22, -40.34, -125.0, -54.51, 25.05, -30.98, -118.34, -59.31, -0.29, -119.89, -11.24, -41.14, 17.54]
[-37.26, -108.66, -55.93, 41.22, -40.34, -125.0, -54.51, 25.05, -30.98, -118.34, -59.31, -0.29, -120.0, -11.22, -41.59, 17.79]
[-37.26, -108.66, -55.93, 41.22, -40.34, -125.0, -54.51, 25.05, -30.98, -118.34, -59.31, -0.29, -119.93, -11.45, -42.13, 18.04]
[-37.26, -108.66, -55.93, 41.22, -40.34, -125.0, -54.51, 25.05, -30.98, -118.34, -59.31, -0.29, -119.91, -11.61, -42.64, 18.29]
[-37.26, -108.66, -55.93, 41.22, -40.34, -125.0, -54.51, 25.05, -30.98, -118.34, -59.31, -0.29, -119.93, -11.69, -43.13, 18.54]
[-37.26, -108.66, -55.93, 41.22, -40.34, -125.0, -54.51, 25.05, -30.98, -118.34, -59.31, -0.29, -120.0, -11.7, -43.59, 18.79]
[-37.26, -108.66, -55.93, 41.22, -40.34, -125.0, -54.51, 25.05, -30.98, -118.34, -59.31, -0.29, -119.89, -11.96, -44.14, 19.04]
[-37.26, -108.66, -55.93, 41.22, -40.34, -125.0, -54.51, 25.05, -30.98, -118.34, -59.31, -0.29, -119.94, -11.99, -44.61, 19.29]
[-37.26, -108.66, -55.93, 41.22, -40.34, -125.0, -54.51, 25.05, -30.98, -118.34, -59.31, -0.29, -119.92, -12.1, -45.1, 19.53]
[-37.27, -108.65, -55.92, 41.22, -40.34, -124.99, -54.51, 25.06, -30.96, -118.36, -59.32, -0.29, -119.99, -12.0, -45.07, 19.53]
[-37.27, -108.65, -55.92, 41.22, -40.34, -124.99, -54.51, 25.06, -30.96, -118.36, -59.32, -0.29, -119.98, -11.83, -44.55, 19.53]
[-37.27, -108.65, -55.92, 41.22, -40.34, -124.99, -54.51, 25.06, -30.96, -118.36, -59.32, -0.29, -119.9, -11.76, -44.06, 19.53]
[-37.27, -108.65, -55.92, 41.22, -40.34, -124.99, -54.51, 25.06, -30.96, -118.36, -59.32, -0.29, -119.96, -11.47, -43.5, 19.53]
[-37.27, -108.65, -55.92, 41.22, -40.34, -124.99, -54.51, 25.06, -30.96, -118.36, -59.32, -0.29, -119.96, -11.28, -42.97, 19.53]
[-37.27, -108.65, -55.92, 41.22, -40.34, -124.99, -54.51, 25.06, -30.96, -118.36, -59.32, -0.29, -119.99, -11.02, -42.42, 19.53]
[-37.27, -108.65, -55.92, 41.22, -40.34, -124.99, -54.51, 25.06, -30.96, -118.36, -59.32, -0.29, -119.96, -10.87, -41.91, 19.53]
[-37.27, -108.65, -55.92, 41.22, -40.34, -124.99, -54.51, 25.06, -30.96, -118.36, -59.32, -0.29, -119.97, -10.64, -41.37, 19.53]
[-37.27, -108.65, -55.92, 41.22, -40.34, -124.99, -54.51, 25.06, -30.96, -118.36, -59.32, -0.29, -119.9, -10.52, -40.87, 19.53]
[-37.27, -108.65, -55.92, 41.22, -40.34, -124.99, -54.51, 25.06, -30.96, -118.36, -59.32, -0.29, -119.88, -10.34, -40.35, 19.53]
[-37.27, -108.65, -55.92, 41.22, -40.34, -124.99, -54.51, 25.06, -30.96, -118.36, -59.32, -0.29, -118.09, -12.69, -40.78, 19.53]
[-37.27, -108.65, -55.92, 41.22, -40.34, -124.99, -54.51, 25.06, -30.96, -118.36, -59.32, -0.29, -115.31, -16.45, -41.75, 19.53]
[-37.27, -108.65, -55.92, 41.22, -40.34, -124.99, -54.51, 25.06, -30.96, -118.36, -59.32, -0.29, -112.94, -19.58, -42.51, 19.53]
[-37.27, -108.65, -55.92, 41.22, -40.34, -124.99, -54.51, 25.06, -30.96, -118.36, -59.32, -0.29, -110.91, -22.17, -43.09, 19.53]
[-37.27, -108.65, -55.92, 41.22, -40.34, -124.99, -54.51, 25.06, -30.96, -118.36, -59.32, -0.29, -109.07, -24.48, -43.56, 19.53]
[-37.27, -108.65, -55.92, 41.22, -40.34, -124.99, -54.51, 25.06, -30.96, -118.36, -59.32, -0.29, -107.37, -26.58, -43.95, 19.53]
[-37.27, -108.65, -55.92, 41.22, -40.34, -124.99, -54.51, 25.06, -30.96, -118.36, -59.32, -0.29, -105.77, -28.51, -44.29, 19.53]
[-37.27, -108.65, -55.92, 41.22, -40.34, -124.99, -54.51, 25.06, -30.96, -118.36, -59.32, -0.29, -104.26, -30.31, -44.58, 19.53]
[-37.27, -108.65, -55.92, 41.22, -40.34, -124.99, -54.51, 25.06, -30.96, -118.36, -59.32, -0.29, -102.82, -32.0, -44.82, 19.53]
[-37.27, -108.65, -55.92, 41.22, -40.34, -124.99, -54.51, 25.06, -30.96, -118.36, -59.32, -0.29, -101.44, -33.6, -45.04, 19.53]
[-37.27, -108.65, -55.92, 41.22, -40.34, -124.99, -54.51, 25.06, -30.96, -118.36, -59.32, -0.29, -100.1, -35.11, -45.22, 19.53]
[-37.27, -108.65, -55.92, 41.22, -40.34, -124.99, -54.51, 25.06, -30.96, -118.36, -59.32, -0.29, -98.82, -36.55, -45.37, 19.53]
[-37.27, -108.65, -55.92, 41.22, -40.34, -124.99, -54.51, 25.06, -30.96, -118.36, -59.32, -0.29, -97.57, -37.93, -45.5, 19.53]
[-37.27, -108.65, -55.92, 41.22, -40.34, -124.99, -54.51, 25.06, -30.96, -118.36, -59.32, -0.29, -96.35, -39.25, -45.6, 19.53]
[-37.27, -108.65, -55.92, 41.22, -40.34, -124.99, -54.51, 25.06, -30.96, -118.36, -59.32, -0.29, -95.17, -40.52, -45.69, 19.53]
[-37.27, -108.65, -55.92, 41.22, -40.34, -124.99, -54.51, 25.06, -30.96, -118.36, -59.32, -0.29, -94.01, -41.74, -45.76, 19.53]
[-37.27, -108.65, -55.92, 41.22, -40.34, -124.99, -54.51, 25.06, -30.96, -118.36, -59.32, -0.29, -92.89, -42.92, -45.8, 19.53]
[-37.27, -108.65, -55.92, 41.22, -40.34, -124.99, -54.51, 25.06, -30.96, -118.36, -59.32, -0.29, -91.78, -44.06, -45.84, 19.53]
[-37.27, -108.65, -55.92, 41.22, -40.34, -124.99, -54.51, 25.06, -30.96, -118.36, -59.32, -0.29, -90.7, -45.16, -45.85, 19.53]
[-37.27, -108.65, -55.92, 41.22, -40.34, -124.99, -54.51, 25.06, -30.96, -118.36, -59.32, -0.29, -89.63, -46.22, -45.86, 19.53]
[-37.27, -108.65, -55.92, 41.22, -40.34, -124.99, -54.51, 25.06, -30.96, -118.36, -59.32, -0.29, -88.59, -47.26, -45.84, 19.53]
[-37.27, -108.65, -55.92, 41.22, -40.34, -124.99, -54.51, 25.06, -30.96, -118.36, -59.32, -0.29, -87.56, -48.26, -45.82, 19.53]
[-37.27, -108.65, -55.92, 41.22, -40.34, -124.99, -54.51, 25.06, -30.96, -118.36, -59.32, -0.29, -86.55, -49.24, -45.78, 19.53]
[-37.27, -108.65, -55.92, 41.22, -40.34, -124.99, -54.51, 25.06, -30.96, -118.36, -59.32, -0.29, -85.55, -50.18, -45.73, 19.53]
[-37.27, -108.65, -55.92, 41.22, -40.34, -124.99, -54.51, 25.06, -30.96, -118.36, -59.32, -0.29, -84.57, -51.1, -45.67, 19.53]
[-37.27, -108.65, -55.92, 41.22, -40.34, -124.99, -54.51, 25.06, -30.96, -118.36, -59.32, -0.29, -83.6, -52.0, -45.6, 19.53]
[-37.27, -108.65, -55.92, 41.22, -40.34, -124.99, -54.51, 25.06, -30.96, -118.36, -59.32, -0.29, -82.64, -52.87, -45.52, 19.53]
[-37.27, -108.65, -55.92, 41.22, -40.34, -124.99, -54.51, 25.06, -30.96, -118.36, -59.32, -0.29, -81.7, -53.73, -45.43, 19.53]
[-37.27, -108.65, -55.92, 41.22, -40.34, -124.99, -54.51, 25.06, -30.96, -118.36, -59.32, -0.29, -80.77, -54.55, -45.32, 19.53]
[-37.27, -108.65, -55.92, 41.22, -40.34, -124.99, -54.51, 25.06, -30.96, -118.36, -59.32, -0.29, -79.85, -55.36, -45.21, 19.53]
[-37.27, -108.65, -55.92, 41.22, -40.34, -124.99, -54.51, 25.06, -30.96, -118.36, -59.32, -0.29, -78.94, -56.15, -45.09, 19.53]
[-37.27, -108.65, -55.92, 41.22, -40.34, -124.99, -54.51, 25.06, -30.96, -118.36, -59.32, -0.29, -78.04, -56.92, -44.96, 19.53]
[-37.27, -108.65, -55.92, 41.22, -40.34, -124.99, -54.51, 25.06, -30.96, -118.36, -59.32, -0.29, -77.15, -57.67, -44.82, 19.53]
[-37.27, -108.65, -55.92, 41.22, -40.34, -124.99, -54.51, 25.06, -30.96, -118.36, -59.32, -0.29, -76.27, -58.4, -44.67, 19.53]
[-37.27, -108.65, -55.92, 41.22, -40.34, -124.99, -54.51, 25.06, -30.96, -118.36, -59.32, -0.29, -75.4, -59.12, -44.51, 19.53]
[-37.27, -108.65, -55.92, 41.22, -40.34, -124.99, -54.51, 25.06, -30.96, -118.36, -59.32, -0.29, -74.53, -59.82, -44.35, 19.53]
[-37.27, -108.65, -55.92, 41.22, -40.34, -124.99, -54.51, 25.06, -30.96, -118.36, -59.32, -0.29, -73.68, -60.5, -44.18, 19.53]
[-37.27, -108.65, -55.92, 41.22, -40.34, -124.99, -54.51, 25.06, -30.96, -118.36, -59.32, -0.29, -72.83, -61.16, -44.0, 19.53]
[-37.27, -108.65, -55.92, 41.22, -40.34, -124.99, -54.51, 25.06, -30.96, -118.36, -59.32, -0.29, -72.0, -61.81, -43.81, 19.53]
[-37.27, -108.65, -55.92, 41.22, -40.34, -124.99, -54.51, 25.06, -30.96, -118.36, -59.32, -0.29, -71.17, -62.45, -43.62, 19.53]
[-37.27, -108.65, -55.92, 41.22, -40.34, -124.99, -54.51, 25.06, -30.96, -118.36, -59.32, -0.29, -70.35, -63.07, -43.41, 19.53]
[-37.27, -108.65, -55.92, 41.22, -40.34, -124.99, -54.51, 25.06, -30.96, -118.36, -59.32, -0.29, -69.53, -63.67, -43.2, 19.53]
[-37.27, -108.65, -55.92, 41.22, -40.34, -124.99, -54.51, 25.06, -30.96, -118.36, -59.32, -0.29, -68.73, -64.26, -42.99, 19.53]
[-37.27, -108.65, -55.92, 41.22, -40.34, -124.99, -54.51, 25.06, -30.96, -118.36, -59.32, -0.29, -67.93, -64.84, -42.76, 19.53]
[-37.27, -108.65, -55.92, 41.22, -40.34, -124.99, -54.51, 25.06, -30.96, -118.36, -59.32, -0.29, -67.13, -65.4, -42.53, 19.53]
[-37.27, -108.65, -55.92, 41.22, -40.34, -124.99, -54.51, 25.06, -30.96, -118.36, -59.32, -0.29, -66.35, -65.95, -42.3, 19.53]
[-37.27, -108.65, -55.92, 41.22, -40.34, -124.99, -54.51, 25.06, -30.96, -118.36, -59.32, -0.29, -65.57, -66.49, -42.06, 19.53]
[-37.27, -108.65, -55.92, 41.22, -40.34, -124.99, -54.51, 25.06, -30.96, -118.36, -59.32, -0.29, -64.8, -67.01, -41.81, 19.53]
[-37.27, -108.65, -55.92, 41.22, -40.34, -124.99, -54.51, 25.06, -30.96, -118.36, -59.32, -0.29, -64.03, -67.52, -41.55, 19.53]
[-37.27, -108.65, -55.92, 41.22, -40.34, -124.99, -54.51, 25.06, -30.96, -118.36, -59.32, -0.29, -63.27, -68.01, -41.29, 19.53]
[-37.27, -108.65, -55.92, 41.22, -40.34, -124.99, -54.51, 25.06, -30.96, -118.36, -59.32, -0.29, -62.52, -68.5, -41.02, 19.53]
[-36.96, -109.13, -56.1, 40.82, -40.14, -124.99, -54.87, 24.93, -30.78, -118.63, -59.42, 0.17, -61.56, -70.05, -41.6, 19.56]
[-36.66, -109.61, -56.27, 40.41, -39.92, -124.99, -55.23, 24.79, -30.61, -118.9, -59.51, 0.64, -60.61, -71.57, -42.18, 19.58]
[-36.35, -110.08, -56.43, 40.0, -39.7, -124.99, -55.57, 24.66, -30.44, -119.16, -59.59, 1.11, -59.68, -73.06, -42.74, 19.61]
[-36.06, -110.54, -56.6, 39.59, -39.48, -124.99, -55.91, 24.54, -30.27, -119.41, -59.68, 1.58, -58.76, -74.53, -43.29, 19.64]
[-35.76, -110.99, -56.76, 39.18, -39.23, -125.0, -56.23, 24.41, -30.11, -119.65, -59.76, 2.05, -57.86, -75.97, -43.84, 19.67]
[-35.48, -111.44, -56.92, 38.76, -39.0, -124.99, -56.54, 24.29, -29.96, -119.88, -59.84, 2.53, -56.98, -77.39, -44.37, 19.7]
[-35.19, -111.88, -57.07, 38.34, -38.75, -124.99, -56.84, 24.18, -29.81, -120.11, -59.92, 3.0, -56.1, -78.79, -44.9, 19.73]
[-34.92, -112.3, -57.22, 37.92, -38.5, -124.98, -57.13, 24.06, -29.67, -120.32, -59.99, 3.48, -55.24, -80.17, -45.42, 19.77]
[-34.64, -112.72, -57.37, 37.5, -38.23, -125.0, -57.41, 23.95, -29.53, -120.53, -60.06, 3.96, -54.39, -81.54, -45.93, 19.8]
[-34.38, -113.14, -57.51, 37.07, -37.96, -125.0, -57.69, 23.84, -29.4, -120.72, -60.12, 4.44, -53.55, -82.88, -46.43, 19.83]
[-34.12, -113.54, -57.65, 36.64, -37.69, -124.99, -57.94, 23.74, -29.27, -120.91, -60.19, 4.92, -52.72, -84.21, -46.93, 19.86]
[-33.86, -113.93, -57.79, 36.21, -37.41, -124.98, -58.19, 23.63, -29.15, -121.09, -60.25, 5.41, -51.9, -85.52, -47.42, 19.89]
[-33.61, -114.32, -57.93, 35.77, -37.12, -124.99, -58.43, 23.53, -29.04, -121.26, -60.3, 5.89, -51.09, -86.81, -47.91, 19.93]
[-33.36, -114.7, -58.06, 35.34, -36.82, -125.0, -58.66, 23.43, -28.93, -121.43, -60.36, 6.38, -50.29, -88.09, -48.38, 19.96]
[-33.12, -115.07, -58.19, 34.9, -36.52, -124.99, -58.88, 23.33, -28.83, -121.58, -60.41, 6.87, -49.5, -89.36, -48.86, 20.0]
[-32.88, -115.43, -58.31, 34.45, -36.21, -124.99, -59.09, 23.24, -28.74, -121.72, -60.46, 7.36, -48.71, -90.61, -49.32, 20.03]
[-32.65, -115.78, -58.44, 34.01, -35.91, -124.98, -59.29, 23.15, -28.65, -121.86, -60.5, 7.85, -47.93, -91.85, -49.79, 20.07]
[-32.43, -116.13, -58.56, 33.56, -35.57, -125.0, -59.49, 23.06, -28.56, -121.98, -60.55, 8.34, -47.16, -93.08, -50.24, 20.1]
[-32.21, -116.47, -58.67, 33.11, -35.24, -125.0, -59.67, 22.97, -28.48, -122.1, -60.58, 8.83, -46.39, -94.3, -50.69, 20.14]
[-31.99, -116.79, -58.79, 32.66, -34.92, -124.99, -59.84, 22.88, -28.41, -122.21, -60.62, 9.32, -45.63, -95.5, -51.14, 20.17]
[-31.78, -117.11, -58.9, 32.21, -34.59, -124.98, -60.0, 22.8, -28.34, -122.31, -60.65, 9.82, -44.88, -96.7, -51.58, 20.21]
[-31.58, -117.42, -59.0, 31.75, -34.24, -124.98, -60.15, 22.71, -28.28, -122.4, -60.68, 10.31, -44.13, -97.88, -52.02, 20.25]
[-31.38, -117.73, -59.11, 31.29, -33.88, -124.99, -60.3, 22.63, -28.23, -122.48, -60.71, 10.81, -43.39, -99.06, -52.45, 20.29]
[-31.19, -118.02, -59.21, 30.83, -33.53, -124.98, -60.43, 22.55, -28.18, -122.55, -60.73, 11.3, -42.65, -100.23, -52.87, 20.33]
[-31.0, -118.31, -59.3, 30.37, -33.17, -124.98, -60.56, 22.48, -28.14, -122.62, -60.76, 11.8, -41.91, -101.38, -53.3, 20.37]
[-30.81, -118.58, -59.4, 29.91, -32.8, -124.98, -60.68, 22.4, -28.1, -122.67, -60.77, 12.3, -41.19, -102.53, -53.72, 20.41]
[-30.64, -118.85, -59.49, 29.44, -32.42, -124.99, -60.8, 22.33, -28.07, -122.71, -60.79, 12.8, -40.46, -103.67, -54.13, 20.45]
[-30.47, -119.11, -59.58, 28.97, -32.04, -124.99, -60.9, 22.25, -28.05, -122.75, -60.8, 13.29, -39.74, -104.8, -54.54, 20.49]
[-30.3, -119.36, -59.66, 28.5, -31.66, -124.99, -61.0, 22.18, -28.03, -122.78, -60.81, 13.79, -39.02, -105.93, -54.95, 20.53]
[-30.14, -119.61, -59.75, 28.03, -31.26, -125.0, -61.09, 22.11, -28.02, -122.79, -60.81, 14.29, -38.3, -107.04, -55.35, 20.57]
[-29.99, -119.84, -59.83, 27.55, -30.87, -124.99, -61.16, 22.04, -28.01, -122.8, -60.82, 14.79, -37.59, -108.15, -55.75, 20.62]
[-29.84, -120.06, -59.9, 27.08, -30.48, -124.98, -61.23, 21.97, -28.02, -122.8, -60.82, 15.29, -36.88, -109.26, -56.14, 20.66]
[-29.69, -120.28, -59.97, 26.6, -30.07, -124.99, -61.3, 21.91, -28.02, -122.79, -60.81, 15.79, -36.18, -110.35, -56.53, 20.71]
[-29.56, -120.49, -60.04, 26.12, -29.65, -124.99, -61.35, 21.84, -28.03, -122.77, -60.81, 16.28, -35.47, -111.45, -56.92, 20.75]
[-29.42, -120.69, -60.11, 25.64, -29.24, -124.98, -61.4, 21.78, -28.05, -122.75, -60.8, 16.78, -34.77, -112.53, -57.3, 20.8]
[-29.3, -120.88, -60.18, 25.16, -28.83, -124.98, -61.44, 21.72, -28.08, -122.71, -60.79, 17.28, -34.07, -113.61, -57.68, 20.84]
[-29.18, -121.06, -60.24, 24.67, -28.4, -124.98, -61.47, 21.65, -28.11, -122.66, -60.77, 17.78, -33.37, -114.68, -58.05, 20.89]
[-29.06, -121.23, -60.29, 24.19, -27.96, -124.99, -61.5, 21.59, -28.15, -122.61, -60.75, 18.28, -32.67, -115.75, -58.43, 20.94]
[-28.95, -121.39, -60.35, 23.7, -27.51, -125.0, -61.52, 21.53, -28.19, -122.54, -60.73, 18.77, -31.98, -116.82, -58.79, 20.99]
[-28.85, -121.55, -60.4, 23.21, -27.08, -124.99, -61.53, 21.48, -28.24, -122.47, -60.71, 19.27, -31.28, -117.88, -59.16, 21.04]
[-28.76, -121.69, -60.45, 22.73, -26.63, -124.99, -61.54, 21.42, -28.29, -122.39, -60.68, 19.76, -30.58, -118.93, -59.52, 21.09]
[-28.66, -121.83, -60.49, 22.24, -27.1, -124.16, -61.27, 21.36, -28.35, -122.3, -60.65, 20.26, -29.89, -119.98, -59.87, 21.14]
[-28.58, -121.96, -60.54, 21.74, -27.8, -123.13, -60.93, 21.31, -28.42, -122.2, -60.62, 20.75, -29.2, -121.03, -60.23, 21.19]
[-28.5, -122.08, -60.58, 21.25, -28.49, -122.09, -60.58, 21.25, -28.49, -122.09, -60.58, 21.25, -28.5, -122.07, -60.58, 21.25]
[-28.15, -122.6, -60.75, 20.52, -28.09, -122.68, -60.78, 20.5, -28.09, -122.68, -60.78, 20.5, -28.15, -122.6, -60.75, 20.52]
[-27.82, -123.1, -60.92, 19.78, -27.76, -123.18, -60.94, 19.76, -27.76, -123.18, -60.94, 19.76, -27.82, -123.1, -60.92, 19.78]
[-27.52, -123.54, -61.06, 18.99, -27.47, -123.62, -61.09, 18.97, -27.47, -123.62, -61.09, 18.97, -27.52, -123.54, -61.06, 18.99]
[-27.3, -123.87, -61.17, 18.22, -27.24, -123.95, -61.2, 18.2, -27.24, -123.95, -61.2, 18.2, -27.3, -123.87, -61.17, 18.22]
[-27.09, -124.18, -61.27, 17.45, -27.03, -124.26, -61.3, 17.43, -27.03, -124.26, -61.3, 17.43, -27.09, -124.18, -61.27, 17.45]
[-26.98, -124.35, -61.33, 16.65, -26.92, -124.43, -61.35, 16.63, -26.92, -124.43, -61.35, 16.63, -26.98, -124.35, -61.33, 16.65]
[-26.88, -124.49, -61.37, 15.85, -26.83, -124.57, -61.4, 15.83, -26.83, -124.57, -61.4, 15.83, -26.88, -124.49, -61.37, 15.85]
[-26.86, -124.53, -61.39, 15.07, -26.8, -124.61, -61.41, 15.05, -26.8, -124.61, -61.41, 15.05, -26.86, -124.53, -61.39, 15.07]