[2.86, -98.48, 2.38, 0.0, 2.86, -98.48, 2.38, 0.0, 2.86, -98.48, 2.38, 0.0, 2.86, -98.48, 2.38, 0.0]
[4.99, -99.79, 2.37, -0.24, 4.98, -99.85, 2.39, 0.39, 4.98, -100.14, 2.51, 0.24, 4.98, -100.08, 2.48, -0.39]
[4.97, -99.59, 2.3, -0.47, 4.98, -99.74, 2.35, 0.77, 4.99, -100.33, 2.59, 0.48, 4.99, -100.19, 2.53, -0.78]
[4.99, -99.42, 2.23, -0.7, 4.98, -99.63, 2.31, 1.15, 5.0, -100.51, 2.67, 0.73, 4.96, -100.28, 2.57, -1.18]
[4.97, -99.21, 2.16, -0.93, 4.98, -99.5, 2.26, 1.53, 4.97, -100.66, 2.75, 0.98, 5.0, -100.41, 2.62, -1.58]
[4.98, -99.03, 2.1, -1.15, 4.96, -99.38, 2.22, 1.9, 4.97, -100.83, 2.83, 1.23, 4.99, -100.5, 2.67, -1.98]
[4.99, -98.84, 2.04, -1.37, 4.98, -99.27, 2.18, 2.27, 4.97, -101.0, 2.91, 1.49, 4.98, -100.6, 2.71, -2.39]
[4.96, -98.63, 1.98, -1.59, 5.0, -99.15, 2.13, 2.64, 4.97, -101.16, 3.0, 1.75, 4.99, -100.7, 2.76, -2.8]
[4.97, -98.43, 1.92, -1.81, 4.97, -99.01, 2.09, 3.0, 4.97, -101.32, 3.08, 2.01, 4.97, -100.78, 2.8, -3.21]
[4.98, -98.24, 1.86, -2.02, 4.97, -98.88, 2.05, 3.36, 5.0, -101.51, 3.17, 2.28, 4.97, -100.88, 2.85, -3.62]
[4.98, -98.04, 1.81, -2.23, 4.97, -98.75, 2.01, 3.72, 4.99, -101.66, 3.26, 2.55, 4.96, -100.97, 2.9, -4.04]
[4.99, -97.83, 1.76, -2.44, 5.0, -98.63, 1.97, 4.08, 4.98, -101.8, 3.36, 2.83, 4.99, -101.07, 2.94, -4.47]
[4.99, -97.62, 1.71, -2.64, 4.98, -98.49, 1.93, 4.43, 4.96, -101.95, 3.45, 3.11, 4.97, -101.15, 2.99, -4.89]
[4.99, -97.41, 1.66, -2.84, 5.0, -98.36, 1.89, 4.78, 4.99, -102.11, 3.55, 3.39, 4.98, -101.24, 3.04, -5.32]
[4.99, -97.19, 1.61, -3.04, 4.97, -98.21, 1.85, 5.12, 4.97, -102.24, 3.64, 3.68, 4.98, -101.33, 3.08, -5.75]
[4.98, -96.97, 1.57, -3.24, 4.98, -98.07, 1.82, 5.46, 4.98, -102.4, 3.74, 3.97, 4.98, -101.41, 3.13, -6.19]
[4.98, -96.75, 1.53, -3.44, 4.98, -97.93, 1.78, 5.8, 4.99, -102.55, 3.84, 4.27, 4.97, -101.49, 3.17, -6.62]
[4.97, -96.52, 1.49, -3.63, 4.98, -97.78, 1.75, 6.14, 5.0, -102.7, 3.94, 4.57, 4.99, -101.58, 3.22, -7.06]
[5.0, -96.31, 1.45, -3.82, 4.97, -97.63, 1.71, 6.47, 4.97, -102.81, 4.05, 4.87, 5.0, -101.66, 3.26, -7.51]
[4.99, -96.08, 1.42, -4.01, 5.0, -97.5, 1.68, 6.8, 4.97, -102.95, 4.15, 5.18, 5.0, -101.74, 3.31, -7.96]
[4.98, -95.84, 1.39, -4.19, 4.98, -97.33, 1.64, 7.13, 4.97, -103.08, 4.26, 5.5, 4.99, -101.81, 3.35, -8.41]
[4.96, -95.6, 1.36, -4.37, 4.99, -97.19, 1.61, 7.45, 5.0, -103.23, 4.37, 5.81, 4.98, -101.87, 3.4, -8.86]
[4.99, -95.38, 1.33, -4.55, 4.96, -97.01, 1.58, 7.78, 4.99, -103.35, 4.48, 6.14, 5.0, -101.95, 3.44, -9.32]
[4.97, -95.13, 1.3, -4.73, 4.97, -96.86, 1.55, 8.09, 4.98, -103.47, 4.59, 6.47, 4.97, -102.0, 3.48, -9.78]
[4.99, -94.9, 1.28, -4.91, 4.97, -96.7, 1.52, 8.41, 5.0, -103.61, 4.7, 6.8, 4.96, -102.07, 3.53, -10.24]
[4.97, -94.64, 1.26, -5.08, 4.97, -96.53, 1.49, 8.72, 4.98, -103.72, 4.81, 7.14, 4.99, -102.15, 3.57, -10.7]
[4.99, -94.41, 1.24, -5.25, 4.99, -96.39, 1.47, 9.03, 4.99, -103.85, 4.93, 7.48, 4.97, -102.2, 3.61, -11.17]
[4.97, -94.15, 1.22, -5.42, 4.98, -96.21, 1.44, 9.34, 4.96, -103.94, 5.04, 7.83, 4.99, -102.27, 3.65, -11.64]
[4.98, -93.9, 1.21, -5.59, 4.96, -96.03, 1.41, 9.64, 4.97, -104.06, 5.16, 8.18, 4.99, -102.33, 3.69, -12.12]
[4.48, -93.3, 1.18, -5.76, 4.98, -95.87, 1.39, 9.94, 4.97, -104.17, 5.28, 8.54, 4.98, -102.39, 3.73, -12.59]
[3.5, -92.36, 1.15, -5.92, 4.99, -95.7, 1.37, 10.24, 4.97, -104.28, 5.4, 8.9, 4.97, -102.43, 3.77, -13.07]
[2.52, -91.4, 1.12, -6.08, 5.0, -95.53, 1.35, 10.54, 5.0, -104.41, 5.52, 9.27, 4.98, -102.5, 3.81, -13.56]
[1.54, -90.44, 1.1, -6.24, 4.96, -95.33, 1.32, 10.83, 4.98, -104.51, 5.64, 9.64, 4.99, -102.56, 3.85, -14.04]
[0.56, -89.47, 1.09, -6.4, 4.96, -95.15, 1.3, 11.12, 4.96, -104.6, 5.76, 10.03, 4.98, -102.6, 3.89, -14.53]
[-0.42, -88.49, 1.09, -6.56, 5.0, -94.99, 1.29, 11.41, 4.98, -104.71, 5.88, 10.41, 4.97, -102.64, 3.92, -15.02]
[-1.41, -87.49, 1.1, -6.71, 4.99, -94.8, 1.27, 11.69, 4.99, -104.81, 6.01, 10.8, 4.98, -102.7, 3.96, -15.51]
[-2.39, -86.49, 1.12, -6.86, 4.97, -94.6, 1.25, 11.98, 4.99, -104.91, 6.13, 11.2, 4.99, -102.75, 3.99, -16.01]
[-3.38, -85.47, 1.14, -7.02, 4.99, -94.42, 1.24, 12.26, 4.99, -105.01, 6.26, 11.61, 4.98, -102.8, 4.03, -16.5]
[-4.38, -84.45, 1.18, -7.16, 4.97, -94.22, 1.23, 12.53, 4.99, -105.1, 6.38, 12.02, 4.97, -102.83, 4.06, -17.0]
[-5.37, -83.41, 1.22, -7.31, 4.99, -94.03, 1.22, 12.81, 4.98, -105.18, 6.51, 12.43, 4.98, -102.88, 4.09, -17.5]
[-6.37, -82.36, 1.27, -7.46, 4.99, -93.84, 1.21, 13.08, 5.0, -105.28, 6.64, 12.86, 4.99, -102.93, 4.12, -18.01]
[-7.37, -81.3, 1.33, -7.6, 4.41, -93.23, 1.18, 13.35, 4.97, -105.35, 6.76, 13.29, 4.99, -102.96, 4.15, -18.51]
[-8.37, -80.22, 1.41, -7.74, 3.64, -92.49, 1.15, 13.62, 4.98, -105.44, 6.89, 13.72, 4.97, -102.99, 4.18, -19.02]
[-9.38, -79.13, 1.49, -7.89, 2.87, -91.74, 1.13, 13.88, 4.98, -105.52, 7.02, 14.16, 4.99, -103.03, 4.21, -19.53]
[-10.4, -78.03, 1.58, -8.02, 2.1, -90.99, 1.11, 14.14, 4.98, -105.6, 7.15, 14.61, 4.99, -103.07, 4.24, -20.05]
[-11.42, -76.91, 1.67, -8.16, 1.32, -90.22, 1.1, 14.4, 4.97, -105.67, 7.28, 15.07, 4.98, -103.1, 4.27, -20.56]
[-12.44, -75.77, 1.78, -8.3, 0.54, -89.44, 1.09, 14.66, 4.99, -105.76, 7.41, 15.53, 4.97, -103.12, 4.29, -21.08]
[-13.48, -74.62, 1.9, -8.43, -0.25, -88.66, 1.09, 14.91, 4.97, -105.82, 7.54, 16.0, 4.98, -103.15, 4.31, -21.59]
[-14.51, -73.45, 2.03, -8.57, -1.04, -87.87, 1.1, 15.17, 4.98, -105.89, 7.67, 16.48, 4.98, -103.18, 4.34, -22.11]
[-15.56, -72.27, 2.17, -8.7, -1.83, -87.06, 1.11, 15.42, 4.98, -105.96, 7.8, 16.97, 4.97, -103.2, 4.36, -22.63]
[-16.61, -71.06, 2.32, -8.83, -2.63, -86.25, 1.12, 15.66, 4.97, -106.03, 7.93, 17.46, 4.99, -103.24, 4.38, -23.16]
[-17.68, -69.84, 2.48, -8.96, -3.43, -85.43, 1.14, 15.91, 4.99, -106.11, 8.06, 17.96, 4.96, -103.24, 4.4, -23.68]
[-18.75, -68.6, 2.66, -9.09, -4.23, -84.6, 1.17, 16.15, 4.97, -106.16, 8.19, 18.47, 5.0, -103.29, 4.42, -24.2]
[-19.83, -67.33, 2.84, -9.21, -5.04, -83.76, 1.21, 16.39, 4.98, -106.22, 8.32, 18.98, 4.99, -103.3, 4.43, -24.73]
[-20.92, -66.04, 3.04, -9.34, -5.85, -82.9, 1.24, 16.63, 4.98, -106.28, 8.45, 19.5, 4.97, -103.31, 4.45, -25.26]
[-22.02, -64.73, 3.24, -9.46, -6.67, -82.04, 1.29, 16.87, 4.97, -106.34, 8.58, 20.03, 4.97, -103.33, 4.46, -25.79]
[-23.14, -63.39, 3.46, -9.58, -7.49, -81.17, 1.34, 17.1, 4.99, -106.41, 8.71, 20.57, 4.97, -103.34, 4.48, -26.32]
[-22.56, -64.58, 2.86, -9.23, -7.49, -81.17, 1.34, 17.1, 4.99, -106.41, 8.71, 20.57, 4.97, -103.34, 4.48, -26.32]
[-22.01, -65.73, 2.26, -8.88, -7.49, -81.17, 1.34, 17.1, 4.99, -106.41, 8.71, 20.57, 4.97, -103.34, 4.48, -26.32]
[-21.48, -66.85, 1.67, -8.53, -7.49, -81.17, 1.34, 17.1, 4.99, -106.41, 8.71, 20.57, 4.97, -103.34, 4.48, -26.32]
[-20.97, -67.95, 1.09, -8.17, -7.49, -81.17, 1.34, 17.1, 4.99, -106.41, 8.71, 20.57, 4.97, -103.34, 4.48, -26.32]
[-20.48, -69.01, 0.51, -7.81, -7.49, -81.17, 1.34, 17.1, 4.99, -106.41, 8.71, 20.57, 4.97, -103.34, 4.48, -26.32]
[-20.01, -70.05, -0.06, -7.45, -7.49, -81.17, 1.34, 17.1, 4.99, -106.41, 8.71, 20.57, 4.97, -103.34, 4.48, -26.32]
[-19.57, -71.06, -0.63, -7.09, -7.49, -81.17, 1.34, 17.1, 4.99, -106.41, 8.71, 20.57, 4.97, -103.34, 4.48, -26.32]
[-19.14, -72.05, -1.19, -6.73, -7.49, -81.17, 1.34, 17.1, 4.99, -106.41, 8.71, 20.57, 4.97, -103.34, 4.48, -26.32]
[-18.74, -73.01, -1.75, -6.36, -7.49, -81.17, 1.34, 17.1, 4.99, -106.41, 8.71, 20.57, 4.97, -103.34, 4.48, -26.32]
[-18.36, -73.94, -2.3, -6.0, -7.49, -81.17, 1.34, 17.1, 4.99, -106.41, 8.71, 20.57, 4.97, -103.34, 4.48, -26.32]
[-17.99, -74.86, -2.85, -5.63, -7.49, -81.17, 1.34, 17.1, 4.99, -106.41, 8.71, 20.57, 4.97, -103.34, 4.48, -26.32]
[-17.64, -75.75, -3.39, -5.26, -7.49, -81.17, 1.34, 17.1, 4.99, -106.41, 8.71, 20.57, 4.97, -103.34, 4.48, -26.32]
[-17.32, -76.62, -3.93, -4.89, -7.49, -81.17, 1.34, 17.1, 4.99, -106.41, 8.71, 20.57, 4.97, -103.34, 4.48, -26.32]
[-17.01, -77.46, -4.47, -4.52, -7.49, -81.17, 1.34, 17.1, 4.99, -106.41, 8.71, 20.57, 4.97, -103.34, 4.48, -26.32]
[-16.72, -78.29, -5.0, -4.14, -7.49, -81.17, 1.34, 17.1, 4.99, -106.41, 8.71, 20.57, 4.97, -103.34, 4.48, -26.32]
[-16.45, -79.09, -5.53, -3.77, -7.49, -81.17, 1.34, 17.1, 4.99, -106.41, 8.71, 20.57, 4.97, -103.34, 4.48, -26.32]
[-16.19, -79.87, -6.06, -3.39, -7.49, -81.17, 1.34, 17.1, 4.99, -106.41, 8.71, 20.57, 4.97, -103.34, 4.48, -26.32]
[-15.95, -80.63, -6.59, -3.01, -7.49, -81.17, 1.34, 17.1, 4.99, -106.41, 8.71, 20.57, 4.97, -103.34, 4.48, -26.32]
[-15.74, -81.38, -7.11, -2.63, -7.49, -81.17, 1.34, 17.1, 4.99, -106.41, 8.71, 20.57, 4.97, -103.34, 4.48, -26.32]
[-15.53, -82.1, -7.63, -2.25, -7.49, -81.17, 1.34, 17.1, 4.99, -106.41, 8.71, 20.57, 4.97, -103.34, 4.48, -26.32]
[-15.35, -82.8, -8.15, -1.87, -7.49, -81.17, 1.34, 17.1, 4.99, -106.41, 8.71, 20.57, 4.97, -103.34, 4.48, -26.32]
[-15.18, -83.49, -8.67, -1.49, -7.49, -81.17, 1.34, 17.1, 4.99, -106.41, 8.71, 20.57, 4.97, -103.34, 4.48, -26.32]
[-15.04, -84.15, -9.18, -1.1, -7.49, -81.17, 1.34, 17.1, 4.99, -106.41, 8.71, 20.57, 4.97, -103.34, 4.48, -26.32]
[-14.9, -84.79, -9.7, -0.72, -7.49, -81.17, 1.34, 17.1, 4.99, -106.41, 8.71, 20.57, 4.97, -103.34, 4.48, -26.32]
[-14.79, -85.42, -10.21, -0.33, -7.49, -81.17, 1.34, 17.1, 4.99, -106.41, 8.71, 20.57, 4.97, -103.34, 4.48, -26.32]
[-14.69, -86.03, -10.72, 0.06, -7.49, -81.17, 1.34, 17.1, 4.99, -106.41, 8.71, 20.57, 4.97, -103.34, 4.48, -26.32]
[-14.61, -86.62, -11.23, 0.45, -7.49, -81.17, 1.34, 17.1, 4.99, -106.41, 8.71, 20.57, 4.97, -103.34, 4.48, -26.32]
[-14.55, -87.19, -11.74, 0.84, -7.49, -81.17, 1.34, 17.1, 4.99, -106.41, 8.71, 20.57, 4.97, -103.34, 4.48, -26.32]
[-14.5, -87.74, -12.24, 1.23, -7.49, -81.17, 1.34, 17.1, 4.99, -106.41, 8.71, 20.57, 4.97, -103.34, 4.48, -26.32]
[-14.47, -88.28, -12.75, 1.62, -7.49, -81.17, 1.34, 17.1, 4.99, -106.41, 8.71, 20.57, 4.97, -103.34, 4.48, -26.32]
[-14.46, -88.79, -13.25, 2.02, -7.49, -81.17, 1.34, 17.1, 4.99, -106.41, 8.71, 20.57, 4.97, -103.34, 4.48, -26.32]
[-14.46, -89.29, -13.75, 2.41, -7.49, -81.17, 1.34, 17.1, 4.99, -106.41, 8.71, 20.57, 4.97, -103.34, 4.48, -26.32]
[-14.48, -89.77, -14.25, 2.81, -7.49, -81.17, 1.34, 17.1, 4.99, -106.41, 8.71, 20.57, 4.97, -103.34, 4.48, -26.32]
[-14.52, -90.23, -14.75, 3.2, -7.49, -81.17, 1.34, 17.1, 4.99, -106.41, 8.71, 20.57, 4.97, -103.34, 4.48, -26.32]
[-14.58, -90.68, -15.25, 3.6, -7.49, -81.17, 1.34, 17.1, 4.99, -106.41, 8.71, 20.57, 4.97, -103.34, 4.48, -26.32]
[-14.65, -91.1, -15.75, 4.0, -7.49, -81.17, 1.34, 17.1, 4.99, -106.41, 8.71, 20.57, 4.97, -103.34, 4.48, -26.32]
[-14.74, -91.51, -16.25, 4.4, -7.49, -81.17, 1.34, 17.1, 4.99, -106.41, 8.71, 20.57, 4.97, -103.34, 4.48, -26.32]
[-14.84, -91.9, -16.74, 4.8, -7.49, -81.17, 1.34, 17.1, 4.99, -106.41, 8.71, 20.57, 4.97, -103.34, 4.48, -26.32]
[-14.96, -92.27, -17.24, 5.2, -7.49, -81.17, 1.34, 17.1, 4.99, -106.41, 8.71, 20.57, 4.97, -103.34, 4.48, -26.32]
[-15.1, -92.63, -17.73, 5.6, -7.49, -81.17, 1.34, 17.1, 4.99, -106.41, 8.71, 20.57, 4.97, -103.34, 4.48, -26.32]
[-15.26, -92.96, -18.22, 6.01, -7.49, -81.17, 1.34, 17.1, 4.99, -106.41, 8.71, 20.57, 4.97, -103.34, 4.48, -26.32]
[-15.43, -93.28, -18.71, 6.41, -7.49, -81.17, 1.34, 17.1, 4.99, -106.41, 8.71, 20.57, 4.97, -103.34, 4.48, -26.32]
[-15.62, -93.59, -19.2, 6.81, -7.49, -81.17, 1.34, 17.1, 4.99, -106.41, 8.71, 20.57, 4.97, -103.34, 4.48, -26.32]
[-15.82, -93.87, -19.69, 7.22, -7.49, -81.17, 1.34, 17.1, 4.99, -106.41, 8.71, 20.57, 4.97, -103.34, 4.48, -26.32]
[-16.04, -94.14, -20.18, 7.62, -7.49, -81.17, 1.34, 17.1, 4.99, -106.41, 8.71, 20.57, 4.97, -103.34, 4.48, -26.32]
[-16.28, -94.38, -20.66, 8.03, -7.49, -81.17, 1.34, 17.1, 4.99, -106.41, 8.71, 20.57, 4.97, -103.34, 4.48, -26.32]
[-16.53, -94.61, -21.15, 8.43, -7.49, -81.17, 1.34, 17.1, 4.99, -106.41, 8.71, 20.57, 4.97, -103.34, 4.48, -26.32]
[-16.8, -94.83, -21.63, 8.84, -7.49, -81.17, 1.34, 17.1, 4.99, -106.41, 8.71, 20.57, 4.97, -103.34, 4.48, -26.32]
[-17.09, -95.02, -22.11, 9.24, -7.49, -81.17, 1.34, 17.1, 4.99, -106.41, 8.71, 20.57, 4.97, -103.34, 4.48, -26.32]
[-17.39, -95.2, -22.59, 9.65, -7.49, -81.17, 1.34, 17.1, 4.99, -106.41, 8.71, 20.57, 4.97, -103.34, 4.48, -26.32]
[-17.71, -95.36, -23.07, 10.06, -7.49, -81.17, 1.34, 17.1, 4.99, -106.41, 8.71, 20.57, 4.97, -103.34, 4.48, -26.32]
[-18.04, -95.5, -23.54, 10.46, -7.49, -81.17, 1.34, 17.1, 4.99, -106.41, 8.71, 20.57, 4.97, -103.34, 4.48, -26.32]
[-18.39, -95.62, -24.01, 10.87, -7.49, -81.17, 1.34, 17.1, 4.99, -106.41, 8.71, 20.57, 4.97, -103.34, 4.48, -26.32]
[-18.75, -95.73, -24.48, 11.28, -7.49, -81.17, 1.34, 17.1, 4.99, -106.41, 8.71, 20.57, 4.97, -103.34, 4.48, -26.32]
[-19.13, -95.82, -24.95, 11.69, -7.49, -81.17, 1.34, 17.1, 4.99, -106.41, 8.71, 20.57, 4.97, -103.34, 4.48, -26.32]
[-19.53, -95.89, -25.42, 12.09, -7.49, -81.17, 1.34, 17.1, 4.99, -106.41, 8.71, 20.57, 4.97, -103.34, 4.48, -26.32]
[-19.94, -95.94, -25.88, 12.5, -7.49, -81.17, 1.34, 17.1, 4.99, -106.41, 8.71, 20.57, 4.97, -103.34, 4.48, -26.32]
[-20.37, -95.98, -26.34, 12.91, -7.49, -81.17, 1.34, 17.1, 4.99, -106.41, 8.71, 20.57, 4.97, -103.34, 4.48, -26.32]
[-20.81, -95.99, -26.8, 13.32, -7.49, -81.17, 1.34, 17.1, 4.99, -106.41, 8.71, 20.57, 4.97, -103.34, 4.48, -26.32]
[-21.26, -95.99, -27.25, 13.72, -7.49, -81.17, 1.34, 17.1, 4.99, -106.41, 8.71, 20.57, 4.97, -103.34, 4.48, -26.32]
[-21.73, -95.97, -27.71, 14.13, -7.49, -81.17, 1.34, 17.1, 4.99, -106.41, 8.71, 20.57, 4.97, -103.34, 4.48, -26.32]
[-22.22, -95.94, -28.15, 14.54, -7.49, -81.17, 1.34, 17.1, 4.99, -106.41, 8.71, 20.57, 4.97, -103.34, 4.48, -26.32]
[-22.72, -95.88, -28.6, 14.95, -7.49, -81.17, 1.34, 17.1, 4.99, -106.41, 8.71, 20.57, 4.97, -103.34, 4.48, -26.32]
[-23.23, -95.81, -29.04, 15.35, -7.49, -81.17, 1.34, 17.1, 4.99, -106.41, 8.71, 20.57, 4.97, -103.34, 4.48, -26.32]
[-23.76, -95.72, -29.48, 15.76, -7.49, -81.17, 1.34, 17.1, 4.99, -106.41, 8.71, 20.57, 4.97, -103.34, 4.48, -26.32]
[-24.3, -95.61, -29.91, 16.17, -7.49, -81.17, 1.34, 17.1, 4.99, -106.41, 8.71, 20.57, 4.97, -103.34, 4.48, -26.32]
[-24.85, -95.48, -30.34, 16.57, -7.49, -81.17, 1.34, 17.1, 4.99, -106.41, 8.71, 20.57, 4.97, -103.34, 4.48, -26.32]
[-24.9, -95.42, -30.32, 16.59, -7.44, -81.22, 1.34, 17.12, 4.98, -106.4, 8.72, 20.54, 5.0, -103.35, 4.47, -26.32]
[-24.37, -95.46, -29.83, 16.59, -7.44, -81.22, 1.34, 17.12, 4.98, -106.4, 8.72, 20.54, 5.0, -103.35, 4.47, -26.32]
[-23.84, -95.48, -29.32, 16.59, -7.44, -81.22, 1.34, 17.12, 4.98, -106.4, 8.72, 20.54, 5.0, -103.35, 4.47, -26.32]
[-23.32, -95.5, -28.82, 16.59, -7.44, -81.22, 1.34, 17.12, 4.98, -106.4, 8.72, 20.54, 5.0, -103.35, 4.47, -26.32]
[-22.81, -95.51, -28.32, 16.59, -7.44, -81.22, 1.34, 17.12, 4.98, -106.4, 8.72, 20.54, 5.0, -103.35, 4.47, -26.32]
[-22.31, -95.5, -27.81, 16.59, -7.44, -81.22, 1.34, 17.12, 4.98, -106.4, 8.72, 20.54, 5.0, -103.35, 4.47, -26.32]
[-21.82, -95.49, -27.3, 16.59, -7.44, -81.22, 1.34, 17.12, 4.98, -106.4, 8.72, 20.54, 5.0, -103.35, 4.47, -26.32]
[-21.33, -95.46, -26.79, 16.59, -7.44, -81.22, 1.34, 17.12, 4.98, -106.4, 8.72, 20.54, 5.0, -103.35, 4.47, -26.32]
[-20.86, -95.43, -26.28, 16.59, -7.44, -81.22, 1.34, 17.12, 4.98, -106.4, 8.72, 20.54, 5.0, -103.35, 4.47, -26.32]
[-20.39, -95.38, -25.77, 16.59, -7.44, -81.22, 1.34, 17.12, 4.98, -106.4, 8.72, 20.54, 5.0, -103.35, 4.47, -26.32]
[-19.93, -95.32, -25.25, 16.59, -7.44, -81.22, 1.34, 17.12, 4.98, -106.4, 8.72, 20.54, 5.0, -103.35, 4.47, -26.32]
[-19.48, -95.26, -24.74, 16.59, -7.44, -81.22, 1.34, 17.12, 4.98, -106.4, 8.72, 20.54, 5.0, -103.35, 4.47, -26.32]
[-19.04, -95.18, -24.22, 16.59, -7.44, -81.22, 1.34, 17.12, 4.98, -106.4, 8.72, 20.54, 5.0, -103.35, 4.47, -26.32]
[-18.61, -95.1, -23.7, 16.59, -7.44, -81.22, 1.34, 17.12, 4.98, -106.4, 8.72, 20.54, 5.0, -103.35, 4.47, -26.32]
[-18.18, -95.0, -23.18, 16.59, -7.44, -81.22, 1.34, 17.12, 4.98, -106.4, 8.72, 20.54, 5.0, -103.35, 4.47, -26.32]
[-17.77, -94.9, -22.66, 16.59, -7.44, -81.22, 1.34, 17.12, 4.98, -106.4, 8.72, 20.54, 5.0, -103.35, 4.47, -26.32]
[-17.36, -94.78, -22.14, 16.59, -7.44, -81.22, 1.34, 17.12, 4.98, -106.4, 8.72, 20.54, 5.0, -103.35, 4.47, -26.32]
[-16.96, -94.65, -21.62, 16.59, -7.44, -81.22, 1.34, 17.12, 4.98, -106.4, 8.72, 20.54, 5.0, -103.35, 4.47, -26.32]
[-16.58, -94.52, -21.09, 16.59, -7.44, -81.22, 1.34, 17.12, 4.98, -106.4, 8.72, 20.54, 5.0, -103.35, 4.47, -26.32]
[-16.2, -94.37, -20.57, 16.59, -7.44, -81.22, 1.34, 17.12, 4.98, -106.4, 8.72, 20.54, 5.0, -103.35, 4.47, -26.32]
[-15.83, -94.21, -20.04, 16.59, -7.44, -81.22, 1.34, 17.12, 4.98, -106.4, 8.72, 20.54, 5.0, -103.35, 4.47, -26.32]
[-15.47, -94.05, -19.52, 16.59, -7.44, -81.22, 1.34, 17.12, 4.98, -106.4, 8.72, 20.54, 5.0, -103.35, 4.47, -26.32]
[-15.12, -93.87, -18.99, 16.59, -7.44, -81.22, 1.34, 17.12, 4.98, -106.4, 8.72, 20.54, 5.0, -103.35, 4.47, -26.32]
[-14.78, -93.68, -18.46, 16.59, -7.44, -81.22, 1.34, 17.12, 4.98, -106.4, 8.72, 20.54, 5.0, -103.35, 4.47, -26.32]
[-14.45, -93.48, -17.93, 16.59, -7.44, -81.22, 1.34, 17.12, 4.98, -106.4, 8.72, 20.54, 5.0, -103.35, 4.47, -26.32]
[-14.12, -93.28, -17.4, 16.59, -7.44, -81.22, 1.34, 17.12, 4.98, -106.4, 8.72, 20.54, 5.0, -103.35, 4.47, -26.32]
[-13.81, -93.06, -16.87, 16.59, -7.44, -81.22, 1.34, 17.12, 4.98, -106.4, 8.72, 20.54, 5.0, -103.35, 4.47, -26.32]
[-13.51, -92.83, -16.34, 16.59, -7.44, -81.22, 1.34, 17.12, 4.98, -106.4, 8.72, 20.54, 5.0, -103.35, 4.47, -26.32]
[-13.21, -92.6, -15.81, 16.59, -7.44, -81.22, 1.34, 17.12, 4.98, -106.4, 8.72, 20.54, 5.0, -103.35, 4.47, -26.32]
[-12.93, -92.35, -15.28, 16.59, -7.44, -81.22, 1.34, 17.12, 4.98, -106.4, 8.72, 20.54, 5.0, -103.35, 4.47, -26.32]
[-12.65, -92.09, -14.74, 16.59, -7.44, -81.22, 1.34, 17.12, 4.98, -106.4, 8.72, 20.54, 5.0, -103.35, 4.47, -26.32]
[-12.39, -91.82, -14.21, 16.59, -7.44, -81.22, 1.34, 17.12, 4.98, -106.4, 8.72, 20.54, 5.0, -103.35, 4.47, -26.32]
[-12.13, -91.55, -13.68, 16.59, -7.44, -81.22, 1.34, 17.12, 4.98, -106.4, 8.72, 20.54, 5.0, -103.35, 4.47, -26.32]
[-11.89, -91.26, -13.14, 16.59, -7.44, -81.22, 1.34, 17.12, 4.98, -106.4, 8.72, 20.54, 5.0, -103.35, 4.47, -26.32]
[-11.65, -90.96, -12.61, 16.59, -7.44, -81.22, 1.34, 17.12, 4.98, -106.4, 8.72, 20.54, 5.0, -103.35, 4.47, -26.32]
[-11.42, -90.65, -12.07, 16.59, -7.44, -81.22, 1.34, 17.12, 4.98, -106.4, 8.72, 20.54, 5.0, -103.35, 4.47, -26.32]
[-11.2, -90.33, -11.54, 16.59, -7.44, -81.22, 1.34, 17.12, 4.98, -106.4, 8.72, 20.54, 5.0, -103.35, 4.47, -26.32]
[-11.0, -90.01, -11.0, 16.59, -7.44, -81.22, 1.34, 17.12, 4.98, -106.4, 8.72, 20.54, 5.0, -103.35, 4.47, -26.32]
[-10.8, -89.67, -10.47, 16.59, -7.44, -81.22, 1.34, 17.12, 4.98, -106.4, 8.72, 20.54, 5.0, -103.35, 4.47, -26.32]
[-10.61, -89.32, -9.93, 16.59, -7.44, -81.22, 1.34, 17.12, 4.98, -106.4, 8.72, 20.54, 5.0, -103.35, 4.47, -26.32]
[-10.43, -88.96, -9.39, 16.59, -7.44, -81.22, 1.34, 17.12, 4.98, -106.4, 8.72, 20.54, 5.0, -103.35, 4.47, -26.32]
[-10.27, -88.59, -8.86, 16.59, -7.44, -81.22, 1.34, 17.12, 4.98, -106.4, 8.72, 20.54, 5.0, -103.35, 4.47, -26.32]
[-10.11, -88.21, -8.32, 16.59, -7.44, -81.22, 1.34, 17.12, 4.98, -106.4, 8.72, 20.54, 5.0, -103.35, 4.47, -26.32]
[-9.96, -87.82, -7.78, 16.59, -7.44, -81.22, 1.34, 17.12, 4.98, -106.4, 8.72, 20.54, 5.0, -103.35, 4.47, -26.32]
[-9.82, -87.43, -7.24, 16.59, -7.44, -81.22, 1.34, 17.12, 4.98, -106.4, 8.72, 20.54, 5.0, -103.35, 4.47, -26.32]
[-9.69, -87.02, -6.71, 16.59, -7.44, -81.22, 1.34, 17.12, 4.98, -106.4, 8.72, 20.54, 5.0, -103.35, 4.47, -26.32]
[-9.57, -86.6, -6.17, 16.59, -7.44, -81.22, 1.34, 17.12, 4.98, -106.4, 8.72, 20.54, 5.0, -103.35, 4.47, -26.32]
[-9.46, -86.17, -5.63, 16.59, -7.44, -81.22, 1.34, 17.12, 4.98, -106.4, 8.72, 20.54, 5.0, -103.35, 4.47, -26.32]
[-9.36, -85.73, -5.09, 16.59, -7.44, -81.22, 1.34, 17.12, 4.98, -106.4, 8.72, 20.54, 5.0, -103.35, 4.47, -26.32]
[-9.27, -85.27, -4.55, 16.59, -7.44, -81.22, 1.34, 17.12, 4.98, -106.4, 8.72, 20.54, 5.0, -103.35, 4.47, -26.32]
[-9.19, -84.81, -4.01, 16.59, -7.44, -81.22, 1.34, 17.12, 4.98, -106.4, 8.72, 20.54, 5.0, -103.35, 4.47, -26.32]
[-9.12, -84.34, -3.47, 16.59, -7.44, -81.22, 1.34, 17.12, 4.98, -106.4, 8.72, 20.54, 5.0, -103.35, 4.47, -26.32]
[-9.06, -83.86, -2.92, 16.59, -7.44, -81.22, 1.34, 17.12, 4.98, -106.4, 8.72, 20.54, 5.0, -103.35, 4.47, -26.32]
[-9.02, -83.37, -2.38, 16.59, -7.44, -81.22, 1.34, 17.12, 4.98, -106.4, 8.72, 20.54, 5.0, -103.35, 4.47, -26.32]
[-8.98, -82.86, -1.84, 16.59, -7.44, -81.22, 1.34, 17.12, 4.98, -106.4, 8.72, 20.54, 5.0, -103.35, 4.47, -26.32]
[-8.95, -82.35, -1.3, 16.59, -7.44, -81.22, 1.34, 17.12, 4.98, -106.4, 8.72, 20.54, 5.0, -103.35, 4.47, -26.32]
[-8.93, -81.82, -0.75, 16.59, -7.44, -81.22, 1.34, 17.12, 4.98, -106.4, 8.72, 20.54, 5.0, -103.35, 4.47, -26.32]
[-8.92, -81.29, -0.21, 16.59, -7.44, -81.22, 1.34, 17.12, 4.98, -106.4, 8.72, 20.54, 5.0, -103.35, 4.47, -26.32]
[-8.92, -80.74, 0.34, 16.59, -7.44, -81.22, 1.34, 17.12, 4.98, -106.4, 8.72, 20.54, 5.0, -103.35, 4.47, -26.32]
[-8.93, -80.18, 0.89, 16.59, -7.44, -81.22, 1.34, 17.12, 4.98, -106.4, 8.72, 20.54, 5.0, -103.35, 4.47, -26.32]
[-8.95, -79.61, 1.43, 16.59, -7.44, -81.22, 1.34, 17.12, 4.98, -106.4, 8.72, 20.54, 5.0, -103.35, 4.47, -26.32]
[-7.66, -81.0, 1.34, 16.76, -6.91, -81.78, 1.31, 16.71, 4.97, -106.29, 8.48, 20.16, 4.97, -103.4, 4.53, -25.69]
[-6.37, -82.37, 1.26, 16.93, -6.39, -82.33, 1.27, 16.29, 4.99, -106.2, 8.25, 19.8, 4.97, -103.47, 4.59, -25.05]
[-5.09, -83.72, 1.19, 17.1, -5.89, -82.86, 1.25, 15.87, 4.97, -106.07, 8.02, 19.45, 5.0, -103.56, 4.65, -24.41]
[-3.82, -85.04, 1.14, 17.27, -5.39, -83.39, 1.22, 15.45, 4.99, -105.96, 7.79, 19.1, 4.97, -103.6, 4.71, -23.76]
[-2.55, -86.35, 1.1, 17.45, -4.91, -83.89, 1.2, 15.03, 5.0, -105.85, 7.57, 18.76, 5.0, -103.68, 4.77, -23.11]
[-1.28, -87.64, 1.08, 17.63, -4.43, -84.39, 1.18, 14.6, 4.97, -105.71, 7.34, 18.43, 4.98, -103.72, 4.82, -22.45]
[-0.01, -88.91, 1.07, 17.81, -3.97, -84.87, 1.16, 14.17, 4.97, -105.58, 7.13, 18.11, 4.97, -103.78, 4.87, -21.79]
[1.25, -90.17, 1.08, 17.99, -3.51, -85.34, 1.15, 13.74, 4.98, -105.45, 6.91, 17.8, 4.99, -103.85, 4.93, -21.13]
[2.51, -91.41, 1.1, 18.18, -3.07, -85.8, 1.13, 13.31, 4.97, -105.31, 6.7, 17.5, 5.0, -103.9, 4.98, -20.46]
[3.77, -92.63, 1.14, 18.37, -2.63, -86.25, 1.12, 12.87, 4.97, -105.16, 6.49, 17.2, 4.99, -103.94, 5.03, -19.78]
[4.99, -93.82, 1.19, 18.57, -2.21, -86.68, 1.11, 12.43, 4.96, -105.01, 6.29, 16.91, 5.0, -104.0, 5.07, -19.1]
[4.97, -94.12, 1.2, 18.76, -1.79, -87.1, 1.11, 11.99, 4.99, -104.88, 6.09, 16.63, 4.99, -104.04, 5.12, -18.42]
[4.97, -94.45, 1.22, 18.96, -1.39, -87.51, 1.1, 11.55, 4.98, -104.71, 5.89, 16.35, 4.97, -104.06, 5.16, -17.74]
[4.98, -94.77, 1.25, 19.16, -0.99, -87.91, 1.1, 11.11, 4.97, -104.54, 5.69, 16.09, 4.97, -104.1, 5.2, -17.05]
[4.98, -95.09, 1.28, 19.37, -0.61, -88.3, 1.09, 10.66, 4.99, -104.39, 5.5, 15.82, 4.99, -104.15, 5.24, -16.35]
[4.99, -95.39, 1.31, 19.58, -0.24, -88.67, 1.09, 10.21, 4.97, -104.21, 5.32, 15.57, 4.99, -104.18, 5.27, -15.66]
[4.99, -95.7, 1.35, 19.79, 0.02, -88.93, 1.09, 9.76, 4.99, -104.05, 5.14, 15.32, 4.97, -104.2, 5.31, -14.96]
[4.98, -96.0, 1.39, 20.01, 0.37, -89.28, 1.09, 9.31, 4.97, -103.86, 4.96, 15.07, 4.98, -104.24, 5.34, -14.25]
[4.98, -96.29, 1.43, 20.23, 0.71, -89.62, 1.09, 8.86, 4.98, -103.69, 4.78, 14.83, 4.96, -104.25, 5.37, -13.55]
[4.97, -96.58, 1.48, 20.45, 1.04, -89.95, 1.1, 8.4, 4.99, -103.51, 4.61, 14.6, 4.97, -104.29, 5.4, -12.84]
[4.97, -96.86, 1.53, 20.67, 1.37, -90.27, 1.1, 7.94, 4.97, -103.3, 4.44, 14.37, 5.0, -104.33, 5.42, -12.13]
[4.99, -97.16, 1.58, 20.91, 1.68, -90.57, 1.1, 7.48, 4.98, -103.12, 4.28, 14.14, 4.97, -104.33, 5.44, -11.42]
[4.98, -97.43, 1.64, 21.14, 1.97, -90.87, 1.11, 7.02, 4.99, -102.92, 4.12, 13.92, 4.96, -104.34, 5.46, -10.7]
[4.97, -97.69, 1.7, 21.38, 2.26, -91.15, 1.11, 6.56, 4.99, -102.72, 3.97, 13.71, 4.98, -104.36, 5.48, -9.99]
[4.99, -97.98, 1.77, 21.62, 2.54, -91.42, 1.12, 6.1, 5.0, -102.52, 3.82, 13.5, 4.97, -104.37, 5.5, -9.27]
[4.97, -98.23, 1.84, 21.87, 2.81, -91.68, 1.13, 5.63, 4.97, -102.29, 3.67, 13.29, 4.98, -104.4, 5.51, -8.55]
[4.98, -98.5, 1.91, 22.12, 3.06, -91.93, 1.13, 5.17, 4.97, -102.07, 3.53, 13.09, 4.98, -104.4, 5.52, -7.83]
[5.0, -98.77, 1.99, 22.37, 3.31, -92.17, 1.14, 4.7, 4.97, -101.85, 3.39, 12.9, 5.0, -104.42, 5.53, -7.11]
[4.97, -99.0, 2.07, 22.63, 3.54, -92.4, 1.15, 4.23, 4.98, -101.63, 3.25, 12.7, 5.0, -104.42, 5.53, -6.39]
[4.98, -99.26, 2.15, 22.89, 3.76, -92.61, 1.16, 3.76, 4.98, -101.4, 3.12, 12.51, 4.98, -104.41, 5.53, -5.67]
[4.99, -99.51, 2.24, 23.16, 3.98, -92.82, 1.16, 3.28, 4.98, -101.17, 3.0, 12.33, 4.98, -104.41, 5.53, -4.95]
[4.99, -99.75, 2.33, 23.43, 4.18, -93.01, 1.17, 2.81, 4.98, -100.93, 2.88, 12.15, 4.99, -104.42, 5.53, -4.23]
[4.99, -99.99, 2.42, 23.71, 4.37, -93.19, 1.18, 2.34, 4.97, -100.69, 2.76, 11.97, 5.0, -104.42, 5.53, -3.51]
[4.99, -100.22, 2.52, 23.99, 4.54, -93.36, 1.18, 1.86, 4.97, -100.44, 2.64, 11.79, 4.98, -104.4, 5.52, -2.79]
[4.98, -100.44, 2.62, 24.28, 4.71, -93.52, 1.19, 1.39, 4.97, -100.19, 2.53, 11.62, 4.98, -104.39, 5.51, -2.07]
[4.97, -100.66, 2.72, 24.57, 4.87, -93.67, 1.2, 0.91, 4.97, -99.93, 2.43, 11.45, 4.97, -104.37, 5.5, -1.35]
[5.0, -100.9, 2.83, 24.87, 4.97, -93.78, 1.2, 0.43, 5.0, -99.69, 2.33, 11.29, 4.97, -104.36, 5.48, -0.63]
[4.98, -101.11, 2.94, 25.17, 4.99, -93.83, 1.21, -0.05, 4.99, -99.42, 2.23, 11.13, 5.0, -104.36, 5.46, 0.08]
[4.97, -101.31, 3.05, 25.48, 4.97, -93.84, 1.21, -0.53, 4.99, -99.15, 2.14, 10.97, 4.97, -104.32, 5.44, 0.8]
[4.98, -101.53, 3.16, 25.8, 4.97, -93.87, 1.21, -1.01, 4.98, -98.88, 2.05, 10.81, 4.99, -104.32, 5.42, 1.51]
[4.99, -101.74, 3.28, 26.12, 4.99, -93.91, 1.21, -1.49, 4.98, -98.59, 1.96, 10.66, 4.96, -104.28, 5.39, 2.22]
[4.96, -101.92, 3.4, 26.44, 4.97, -93.92, 1.21, -1.97, 4.97, -98.31, 1.88, 10.51, 4.99, -104.27, 5.37, 2.93]
[4.97, -102.12, 3.53, 26.78, 4.97, -93.94, 1.21, -2.46, 5.0, -98.04, 1.81, 10.36, 4.97, -104.23, 5.34, 3.63]
[4.97, -102.31, 3.66, 27.11, 5.0, -93.98, 1.21, -2.94, 4.99, -97.75, 1.74, 10.22, 5.0, -104.22, 5.31, 4.33]
[4.97, -102.5, 3.79, 27.46, 4.97, -93.97, 1.21, -3.42, 4.98, -97.45, 1.67, 10.08, 4.98, -104.17, 5.27, 5.03]
[5.0, -102.7, 3.92, 27.81, 4.98, -93.99, 1.21, -3.9, 4.97, -97.14, 1.6, 9.94, 4.97, -104.14, 5.24, 5.73]
[4.98, -102.88, 4.06, 28.17, 4.97, -93.99, 1.21, -4.39, 4.97, -96.83, 1.54, 9.8, 4.99, -104.11, 5.2, 6.42]
[4.97, -103.04, 4.2, 28.53, 4.99, -94.0, 1.21, -4.87, 4.99, -96.54, 1.49, 9.67, 4.99, -104.08, 5.16, 7.11]
[4.98, -103.22, 4.34, 28.91, 4.99, -94.01, 1.21, -5.35, 4.98, -96.22, 1.44, 9.53, 4.98, -104.02, 5.11, 7.8]
[4.99, -103.4, 4.48, 29.29, 4.98, -94.0, 1.21, -5.84, 4.97, -95.9, 1.39, 9.4, 4.99, -103.99, 5.07, 8.48]
[5.0, -103.57, 4.63, 29.67, 4.97, -93.99, 1.21, -6.32, 5.0, -95.59, 1.35, 9.28, 4.97, -103.93, 5.02, 9.16]
[4.96, -103.71, 4.78, 30.07, 4.97, -93.98, 1.21, -6.8, 4.99, -95.26, 1.32, 9.15, 4.99, -103.89, 4.97, 9.83]
[5.0, -103.89, 4.93, 30.47, 4.97, -93.97, 1.21, -7.29, 4.97, -94.92, 1.28, 9.03, 4.98, -103.84, 4.92, 10.5]
[4.99, -104.03, 5.08, 30.88, 4.99, -93.97, 1.21, -7.77, 5.0, -94.6, 1.25, 8.9, 5.0, -103.79, 4.87, 11.17]
[4.97, -104.17, 5.24, 31.3, 5.0, -93.96, 1.21, -8.25, 4.98, -94.25, 1.23, 8.78, 5.0, -103.74, 4.82, 11.83]
[4.99, -104.33, 5.4, 31.73, 5.0, -93.94, 1.21, -8.74, 4.97, -93.9, 1.21, 8.67, 4.98, -103.67, 4.76, 12.49]
[5.0, -104.48, 5.56, 32.16, 4.98, -93.9, 1.21, -9.22, 4.15, -92.98, 1.17, 8.55, 4.99, -103.61, 4.71, 13.14]
[5.0, -104.62, 5.72, 32.61, 4.99, -93.89, 1.21, -9.7, 2.81, -91.68, 1.13, 8.44, 4.98, -103.54, 4.65, 13.78]
[4.99, -104.75, 5.88, 33.06, 4.99, -93.86, 1.21, -10.18, 1.48, -90.38, 1.1, 8.33, 4.99, -103.48, 4.59, 14.43]
[4.98, -104.87, 6.05, 33.52, 4.98, -93.82, 1.2, -10.66, 0.14, -89.05, 1.09, 8.22, 4.99, -103.41, 4.53, 15.06]
[4.97, -104.99, 6.22, 34.0, 4.99, -93.79, 1.2, -11.14, -1.2, -87.71, 1.1, 8.11, 4.98, -103.33, 4.46, 15.69]
[4.98, -105.12, 6.39, 34.48, 4.85, -93.65, 1.2, -11.62, -2.53, -86.35, 1.12, 8.0, 4.98, -103.26, 4.4, 16.32]
[4.98, -105.25, 6.56, 34.97, 4.69, -93.5, 1.19, -12.09, -3.88, -84.97, 1.16, 7.89, 4.98, -103.18, 4.34, 16.94]
[4.98, -105.36, 6.73, 35.47, 4.52, -93.34, 1.18, -12.57, -5.22, -83.57, 1.21, 7.79, 4.99, -103.11, 4.27, 17.55]
[4.97, -105.46, 6.9, 35.98, 4.34, -93.17, 1.18, -13.04, -6.57, -82.15, 1.28, 7.69, 5.0, -103.03, 4.2, 18.16]
[4.99, -105.59, 7.08, 36.51, 4.15, -92.99, 1.17, -13.52, -7.92, -80.7, 1.37, 7.59, 4.99, -102.94, 4.14, 18.77]
[4.99, -105.7, 7.26, 37.04, 3.95, -92.79, 1.16, -13.99, -9.28, -79.24, 1.48, 7.49, 5.0, -102.86, 4.07, 19.37]
[4.99, -105.8, 7.43, 37.59, 3.74, -92.59, 1.15, -14.46, -10.65, -77.75, 1.6, 7.39, 5.0, -102.77, 4.0, 19.96]
[4.98, -105.89, 7.61, 38.14, 3.51, -92.37, 1.15, -14.93, -12.03, -76.23, 1.74, 7.3, 4.98, -102.67, 3.93, 20.55]
[4.97, -105.98, 7.79, 38.71, 3.28, -92.14, 1.14, -15.4, -13.41, -74.69, 1.9, 7.2, 5.0, -102.58, 3.86, 21.13]
[4.97, -106.07, 7.97, 39.29, 3.03, -91.9, 1.13, -15.87, -14.81, -73.12, 2.07, 7.11, 4.99, -102.48, 3.79, 21.7]
[4.97, -106.16, 8.15, 39.88, 2.78, -91.65, 1.13, -16.34, -16.22, -71.52, 2.26, 7.02, 4.98, -102.36, 3.72, 22.27]
[5.0, -106.27, 8.33, 40.49, 2.51, -91.39, 1.12, -16.8, -17.64, -69.88, 2.48, 6.93, 4.99, -102.27, 3.65, 22.84]
[5.0, -106.27, 8.33, 40.49, 2.51, -91.39, 1.12, -16.8, -17.47, -70.56, 1.96, 7.31, 4.99, -102.27, 3.65, 22.84]
[5.0, -106.27, 8.33, 40.49, 2.51, -91.39, 1.12, -16.8, -17.33, -71.22, 1.45, 7.7, 4.99, -102.27, 3.65, 22.84]
[5.0, -106.27, 8.33, 40.49, 2.51, -91.39, 1.12, -16.8, -17.2, -71.85, 0.94, 8.09, 4.99, -102.27, 3.65, 22.84]
[5.0, -106.27, 8.33, 40.49, 2.51, -91.39, 1.12, -16.8, -17.1, -72.47, 0.44, 8.48, 4.99, -102.27, 3.65, 22.84]
[5.0, -106.27, 8.33, 40.49, 2.51, -91.39, 1.12, -16.8, -17.01, -73.06, -0.06, 8.86, 4.99, -102.27, 3.65, 22.84]
[5.0, -106.27, 8.33, 40.49, 2.51, -91.39, 1.12, -16.8, -16.93, -73.63, -0.56, 9.25, 4.99, -102.27, 3.65, 22.84]
[5.0, -106.27, 8.33, 40.49, 2.51, -91.39, 1.12, -16.8, -16.88, -74.18, -1.06, 9.64, 4.99, -102.27, 3.65, 22.84]
[5.0, -106.27, 8.33, 40.49, 2.51, -91.39, 1.12, -16.8, -16.84, -74.72, -1.56, 10.03, 4.99, -102.27, 3.65, 22.84]
[5.0, -106.27, 8.33, 40.49, 2.51, -91.39, 1.12, -16.8, -16.82, -75.23, -2.05, 10.42, 4.99, -102.27, 3.65, 22.84]
[5.0, -106.27, 8.33, 40.49, 2.51, -91.39, 1.12, -16.8, -16.82, -75.72, -2.54, 10.81, 4.99, -102.27, 3.65, 22.84]
[5.0, -106.27, 8.33, 40.49, 2.51, -91.39, 1.12, -16.8, -16.83, -76.19, -3.03, 11.2, 4.99, -102.27, 3.65, 22.84]
[5.0, -106.27, 8.33, 40.49, 2.51, -91.39, 1.12, -16.8, -16.87, -76.64, -3.51, 11.59, 4.99, -102.27, 3.65, 22.84]
[5.0, -106.27, 8.33, 40.49, 2.51, -91.39, 1.12, -16.8, -16.92, -77.08, -3.99, 11.98, 4.99, -102.27, 3.65, 22.84]
[5.0, -106.27, 8.33, 40.49, 2.51, -91.39, 1.12, -16.8, -16.98, -77.49, -4.47, 12.37, 4.99, -102.27, 3.65, 22.84]
[5.0, -106.27, 8.33, 40.49, 2.51, -91.39, 1.12, -16.8, -17.06, -77.89, -4.95, 12.76, 4.99, -102.27, 3.65, 22.84]
[5.0, -106.27, 8.33, 40.49, 2.51, -91.39, 1.12, -16.8, -17.16, -78.26, -5.43, 13.15, 4.99, -102.27, 3.65, 22.84]
[5.0, -106.27, 8.33, 40.49, 2.51, -91.39, 1.12, -16.8, -17.28, -78.62, -5.9, 13.54, 4.99, -102.27, 3.65, 22.84]
[5.0, -106.27, 8.33, 40.49, 2.51, -91.39, 1.12, -16.8, -17.41, -78.96, -6.37, 13.93, 4.99, -102.27, 3.65, 22.84]
[5.0, -106.27, 8.33, 40.49, 2.51, -91.39, 1.12, -16.8, -17.56, -79.28, -6.84, 14.32, 4.99, -102.27, 3.65, 22.84]
[5.0, -106.27, 8.33, 40.49, 2.51, -91.39, 1.12, -16.8, -17.72, -79.58, -7.31, 14.71, 4.99, -102.27, 3.65, 22.84]
[5.0, -106.27, 8.33, 40.49, 2.51, -91.39, 1.12, -16.8, -17.91, -79.87, -7.77, 15.1, 4.99, -102.27, 3.65, 22.84]
[5.0, -106.27, 8.33, 40.49, 2.51, -91.39, 1.12, -16.8, -18.1, -80.13, -8.23, 15.49, 4.99, -102.27, 3.65, 22.84]
[5.0, -106.27, 8.33, 40.49, 2.51, -91.39, 1.12, -16.8, -18.32, -80.38, -8.69, 15.88, 4.99, -102.27, 3.65, 22.84]
[5.0, -106.27, 8.33, 40.49, 2.51, -91.39, 1.12, -16.8, -18.55, -80.61, -9.15, 16.26, 4.99, -102.27, 3.65, 22.84]
[5.0, -106.27, 8.33, 40.49, 2.51, -91.39, 1.12, -16.8, -18.79, -80.82, -9.61, 16.65, 4.99, -102.27, 3.65, 22.84]
[5.0, -106.27, 8.33, 40.49, 2.51, -91.39, 1.12, -16.8, -19.05, -81.01, -10.06, 17.04, 4.99, -102.27, 3.65, 22.84]
[5.0, -106.27, 8.33, 40.49, 2.51, -91.39, 1.12, -16.8, -19.33, -81.18, -10.51, 17.43, 4.99, -102.27, 3.65, 22.84]
[5.0, -106.27, 8.33, 40.49, 2.51, -91.39, 1.12, -16.8, -19.62, -81.33, -10.95, 17.81, 4.99, -102.27, 3.65, 22.84]
[5.0, -106.27, 8.33, 40.49, 2.51, -91.39, 1.12, -16.8, -19.93, -81.47, -11.4, 18.2, 4.99, -102.27, 3.65, 22.84]
[5.0, -106.27, 8.33, 40.49, 2.51, -91.39, 1.12, -16.8, -20.25, -81.59, -11.84, 18.59, 4.99, -102.27, 3.65, 22.84]
[5.0, -106.27, 8.33, 40.49, 2.51, -91.39, 1.12, -16.8, -20.59, -81.69, -12.28, 18.97, 4.99, -102.27, 3.65, 22.84]
[5.0, -106.27, 8.33, 40.49, 2.51, -91.39, 1.12, -16.8, -20.94, -81.77, -12.71, 19.36, 4.99, -102.27, 3.65, 22.84]
[5.0, -106.27, 8.33, 40.49, 2.51, -91.39, 1.12, -16.8, -21.31, -81.83, -13.14, 19.74, 4.99, -102.27, 3.65, 22.84]
[5.0, -106.27, 8.33, 40.49, 2.51, -91.39, 1.12, -16.8, -21.69, -81.88, -13.57, 20.12, 4.99, -102.27, 3.65, 22.84]
[5.0, -106.27, 8.33, 40.49, 2.51, -91.39, 1.12, -16.8, -22.09, -81.91, -14.0, 20.51, 4.99, -102.27, 3.65, 22.84]
[5.0, -106.27, 8.33, 40.49, 2.51, -91.39, 1.12, -16.8, -22.5, -81.91, -14.42, 20.89, 4.99, -102.27, 3.65, 22.84]
[5.0, -106.27, 8.33, 40.49, 2.51, -91.39, 1.12, -16.8, -22.93, -81.9, -14.84, 21.27, 4.99, -102.27, 3.65, 22.84]
[5.0, -106.27, 8.33, 40.49, 2.51, -91.39, 1.12, -16.8, -23.37, -81.88, -15.25, 21.65, 4.99, -102.27, 3.65, 22.84]
[5.0, -106.27, 8.33, 40.49, 2.51, -91.39, 1.12, -16.8, -23.83, -81.83, -15.66, 22.03, 4.99, -102.27, 3.65, 22.84]
[5.0, -106.27, 8.33, 40.49, 2.51, -91.39, 1.12, -16.8, -24.3, -81.76, -16.06, 22.41, 4.99, -102.27, 3.65, 22.84]
[5.0, -106.27, 8.33, 40.49, 2.51, -91.39, 1.12, -16.8, -24.78, -81.68, -16.47, 22.79, 4.99, -102.27, 3.65, 22.84]
[5.0, -106.27, 8.33, 40.49, 2.51, -91.39, 1.12, -16.8, -25.28, -81.58, -16.86, 23.16, 4.99, -102.27, 3.65, 22.84]
[5.0, -106.27, 8.33, 40.49, 2.51, -91.39, 1.12, -16.8, -25.8, -81.46, -17.26, 23.54, 4.99, -102.27, 3.65, 22.84]
[5.0, -106.27, 8.33, 40.49, 2.51, -91.39, 1.12, -16.8, -26.32, -81.32, -17.64, 23.92, 4.99, -102.27, 3.65, 22.84]
[5.0, -106.27, 8.33, 40.49, 2.51, -91.39, 1.12, -16.8, -26.86, -81.17, -18.03, 24.29, 4.99, -102.27, 3.65, 22.84]
[5.0, -106.27, 8.33, 40.49, 2.51, -91.39, 1.12, -16.8, -27.41, -80.99, -18.4, 24.66, 4.99, -102.27, 3.65, 22.84]
[5.0, -106.27, 8.33, 40.49, 2.51, -91.39, 1.12, -16.8, -27.98, -80.8, -18.78, 25.03, 4.99, -102.27, 3.65, 22.84]
[5.0, -106.27, 8.33, 40.49, 2.51, -91.39, 1.12, -16.8, -28.56, -80.58, -19.15, 25.41, 4.99, -102.27, 3.65, 22.84]
[5.0, -106.27, 8.33, 40.49, 2.51, -91.39, 1.12, -16.8, -29.15, -80.35, -19.51, 25.78, 4.99, -102.27, 3.65, 22.84]
[5.0, -106.27, 8.33, 40.49, 2.51, -91.39, 1.12, -16.8, -29.76, -80.1, -19.86, 26.14, 4.99, -102.27, 3.65, 22.84]
[5.0, -106.27, 8.33, 40.49, 2.51, -91.39, 1.12, -16.8, -30.38, -79.83, -20.21, 26.51, 4.99, -102.27, 3.65, 22.84]
[5.0, -106.27, 8.33, 40.49, 2.51, -91.39, 1.12, -16.8, -31.01, -79.55, -20.56, 26.88, 4.99, -102.27, 3.65, 22.84]
[5.0, -106.27, 8.33, 40.49, 2.51, -91.39, 1.12, -16.8, -31.66, -79.24, -20.9, 27.24, 4.99, -102.27, 3.65, 22.84]
[5.0, -106.27, 8.33, 40.49, 2.51, -91.39, 1.12, -16.8, -32.31, -78.92, -21.23, 27.61, 4.99, -102.27, 3.65, 22.84]
[5.0, -106.27, 8.33, 40.49, 2.51, -91.39, 1.12, -16.8, -32.98, -78.57, -21.55, 27.97, 4.99, -102.27, 3.65, 22.84]
[5.0, -106.27, 8.33, 40.49, 2.51, -91.39, 1.12, -16.8, -33.67, -78.21, -21.87, 28.33, 4.99, -102.27, 3.65, 22.84]
[5.0, -106.27, 8.33, 40.49, 2.51, -91.39, 1.12, -16.8, -34.36, -77.82, -22.19, 28.69, 4.99, -102.27, 3.65, 22.84]
[5.0, -106.27, 8.33, 40.49, 2.51, -91.39, 1.12, -16.8, -35.07, -77.42, -22.49, 29.05, 4.99, -102.27, 3.65, 22.84]
[5.0, -106.27, 8.33, 40.49, 2.51, -91.39, 1.12, -16.8, -35.79, -77.0, -22.79, 29.41, 4.99, -102.27, 3.65, 22.84]
[5.0, -106.27, 8.33, 40.49, 2.51, -91.39, 1.12, -16.8, -36.52, -76.56, -23.08, 29.76, 4.99, -102.27, 3.65, 22.84]
[5.0, -106.27, 8.33, 40.49, 2.51, -91.39, 1.12, -16.8, -37.26, -76.09, -23.36, 30.12, 4.99, -102.27, 3.65, 22.84]
[5.0, -106.27, 8.33, 40.49, 2.51, -91.39, 1.12, -16.8, -38.02, -75.61, -23.63, 30.47, 4.99, -102.27, 3.65, 22.84]
[5.0, -106.27, 8.33, 40.49, 2.51, -91.39, 1.12, -16.8, -38.79, -75.11, -23.9, 30.82, 4.99, -102.27, 3.65, 22.84]
[5.0, -106.27, 8.33, 40.49, 2.51, -91.39, 1.12, -16.8, -39.57, -74.59, -24.16, 31.17, 4.99, -102.27, 3.65, 22.84]
[5.0, -106.27, 8.33, 40.49, 2.51, -91.39, 1.12, -16.8, -40.36, -74.04, -24.41, 31.52, 4.99, -102.27, 3.65, 22.84]
[5.0, -106.27, 8.33, 40.49, 2.51, -91.39, 1.12, -16.8, -41.17, -73.48, -24.65, 31.87, 4.99, -102.27, 3.65, 22.84]
[5.0, -106.27, 8.33, 40.49, 2.51, -91.39, 1.12, -16.8, -41.98, -72.89, -24.88, 32.22, 4.99, -102.27, 3.65, 22.84]
[4.99, -106.27, 8.34, 40.5, 2.49, -91.37, 1.12, -16.82, -42.02, -72.85, -24.87, 32.21, 4.98, -102.26, 3.64, 22.85]
[4.99, -106.27, 8.34, 40.5, 2.49, -91.37, 1.12, -16.82, -41.55, -72.89, -24.44, 32.21, 4.98, -102.26, 3.64, 22.85]
[4.99, -106.27, 8.34, 40.5, 2.49, -91.37, 1.12, -16.82, -41.1, -72.91, -24.01, 32.21, 4.98, -102.26, 3.64, 22.85]
[4.99, -106.27, 8.34, 40.5, 2.49, -91.37, 1.12, -16.82, -40.65, -72.93, -23.58, 32.21, 4.98, -102.26, 3.64, 22.85]
[4.99, -106.27, 8.34, 40.5, 2.49, -91.37, 1.12, -16.82, -40.21, -72.94, -23.14, 32.21, 4.98, -102.26, 3.64, 22.85]
[4.99, -106.27, 8.34, 40.5, 2.49, -91.37, 1.12, -16.82, -39.78, -72.93, -22.71, 32.21, 4.98, -102.26, 3.64, 22.85]
[4.99, -106.27, 8.34, 40.5, 2.49, -91.37, 1.12, -16.82, -39.35, -72.91, -22.27, 32.21, 4.98, -102.26, 3.64, 22.85]
[4.99, -106.27, 8.34, 40.5, 2.49, -91.37, 1.12, -16.82, -38.94, -72.89, -21.82, 32.21, 4.98, -102.26, 3.64, 22.85]
[4.99, -106.27, 8.34, 40.5, 2.49, -91.37, 1.12, -16.82, -38.53, -72.85, -21.38, 32.21, 4.98, -102.26, 3.64, 22.85]
[4.99, -106.27, 8.34, 40.5, 2.49, -91.37, 1.12, -16.82, -38.13, -72.8, -20.93, 32.21, 4.98, -102.26, 3.64, 22.85]
[4.99, -106.27, 8.34, 40.5, 2.49, -91.37, 1.12, -16.82, -37.73, -72.75, -20.48, 32.21, 4.98, -102.26, 3.64, 22.85]
[4.99, -106.27, 8.34, 40.5, 2.49, -91.37, 1.12, -16.82, -37.35, -72.68, -20.03, 32.21, 4.98, -102.26, 3.64, 22.85]
[4.99, -106.27, 8.34, 40.5, 2.49, -91.37, 1.12, -16.82, -36.97, -72.6, -19.57, 32.21, 4.98, -102.26, 3.64, 22.85]
[4.99, -106.27, 8.34, 40.5, 2.49, -91.37, 1.12, -16.82, -36.6, -72.51, -19.11, 32.21, 4.98, -102.26, 3.64, 22.85]
[4.99, -106.27, 8.34, 40.5, 2.49, -91.37, 1.12, -16.82, -36.24, -72.41, -18.65, 32.21, 4.98, -102.26, 3.64, 22.85]
[4.99, -106.27, 8.34, 40.5, 2.49, -91.37, 1.12, -16.82, -35.89, -72.3, -18.19, 32.21, 4.98, -102.26, 3.64, 22.85]
[4.99, -106.27, 8.34, 40.5, 2.49, -91.37, 1.12, -16.82, -35.55, -72.18, -17.73, 32.21, 4.98, -102.26, 3.64, 22.85]
[4.99, -106.27, 8.34, 40.5, 2.49, -91.37, 1.12, -16.82, -35.21, -72.04, -17.26, 32.21, 4.98, -102.26, 3.64, 22.85]
[4.99, -106.27, 8.34, 40.5, 2.49, -91.37, 1.12, -16.82, -34.89, -71.9, -16.79, 32.21, 4.98, -102.26, 3.64, 22.85]
[4.99, -106.27, 8.34, 40.5, 2.49, -91.37, 1.12, -16.82, -34.57, -71.75, -16.32, 32.21, 4.98, -102.26, 3.64, 22.85]
[4.99, -106.27, 8.34, 40.5, 2.49, -91.37, 1.12, -16.82, -34.26, -71.58, -15.84, 32.21, 4.98, -102.26, 3.64, 22.85]
[4.99, -106.27, 8.34, 40.5, 2.49, -91.37, 1.12, -16.82, -33.96, -71.41, -15.37, 32.21, 4.98, -102.26, 3.64, 22.85]
[4.99, -106.27, 8.34, 40.5, 2.49, -91.37, 1.12, -16.82, -33.67, -71.22, -14.89, 32.21, 4.98, -102.26, 3.64, 22.85]
[4.99, -106.27, 8.34, 40.5, 2.49, -91.37, 1.12, -16.82, -33.38, -71.02, -14.41, 32.21, 4.98, -102.26, 3.64, 22.85]
[4.99, -106.27, 8.34, 40.5, 2.49, -91.37, 1.12, -16.82, -33.11, -70.82, -13.92, 32.21, 4.98, -102.26, 3.64, 22.85]
[4.99, -106.27, 8.34, 40.5, 2.49, -91.37, 1.12, -16.82, -32.84, -70.6, -13.44, 32.21, 4.98, -102.26, 3.64, 22.85]
[4.99, -106.27, 8.34, 40.5, 2.49, -91.37, 1.12, -16.82, -32.58, -70.37, -12.95, 32.21, 4.98, -102.26, 3.64, 22.85]
[4.99, -106.27, 8.34, 40.5, 2.49, -91.37, 1.12, -16.82, -32.34, -70.13, -12.46, 32.21, 4.98, -102.26, 3.64, 22.85]
[4.99, -106.27, 8.34, 40.5, 2.49, -91.37, 1.12, -16.82, -32.1, -69.87, -11.97, 32.21, 4.98, -102.26, 3.64, 22.85]
[4.99, -106.27, 8.34, 40.5, 2.49, -91.37, 1.12, -16.82, -31.87, -69.61, -11.48, 32.21, 4.98, -102.26, 3.64, 22.85]
[4.99, -106.27, 8.34, 40.5, 2.49, -91.37, 1.12, -16.82, -31.65, -69.33, -10.98, 32.21, 4.98, -102.26, 3.64, 22.85]
[4.99, -106.27, 8.34, 40.5, 2.49, -91.37, 1.12, -16.82, -31.44, -69.05, -10.48, 32.21, 4.98, -102.26, 3.64, 22.85]
[4.99, -106.27, 8.34, 40.5, 2.49, -91.37, 1.12, -16.82, -31.23, -68.75, -9.98, 32.21, 4.98, -102.26, 3.64, 22.85]
[4.99, -106.27, 8.34, 40.5, 2.49, -91.37, 1.12, -16.82, -31.04, -68.44, -9.48, 32.21, 4.98, -102.26, 3.64, 22.85]
[4.99, -106.27, 8.34, 40.5, 2.49, -91.37, 1.12, -16.82, -30.86, -68.12, -8.98, 32.21, 4.98, -102.26, 3.64, 22.85]
[4.99, -106.27, 8.34, 40.5, 2.49, -91.37, 1.12, -16.82, -30.68, -67.79, -8.47, 32.21, 4.98, -102.26, 3.64, 22.85]
[4.99, -106.27, 8.34, 40.5, 2.49, -91.37, 1.12, -16.82, -30.52, -67.45, -7.97, 32.21, 4.98, -102.26, 3.64, 22.85]
[4.99, -106.27, 8.34, 40.5, 2.49, -91.37, 1.12, -16.82, -30.37, -67.09, -7.46, 32.21, 4.98, -102.26, 3.64, 22.85]
[4.99, -106.27, 8.34, 40.5, 2.49, -91.37, 1.12, -16.82, -30.22, -66.72, -6.94, 32.21, 4.98, -102.26, 3.64, 22.85]
[4.99, -106.27, 8.34, 40.5, 2.49, -91.37, 1.12, -16.82, -30.09, -66.34, -6.43, 32.21, 4.98, -102.26, 3.64, 22.85]
[4.99, -106.27, 8.34, 40.5, 2.49, -91.37, 1.12, -16.82, -29.96, -65.95, -5.91, 32.21, 4.98, -102.26, 3.64, 22.85]
[4.99, -106.27, 8.34, 40.5, 2.49, -91.37, 1.12, -16.82, -29.85, -65.55, -5.39, 32.21, 4.98, -102.26, 3.64, 22.85]
[4.99, -106.27, 8.34, 40.5, 2.49, -91.37, 1.12, -16.82, -29.74, -65.13, -4.87, 32.21, 4.98, -102.26, 3.64, 22.85]
[4.99, -106.27, 8.34, 40.5, 2.49, -91.37, 1.12, -16.82, -29.65, -64.7, -4.35, 32.21, 4.98, -102.26, 3.64, 22.85]
[4.99, -106.27, 8.34, 40.5, 2.49, -91.37, 1.12, -16.82, -29.56, -64.26, -3.82, 32.21, 4.98, -102.26, 3.64, 22.85]
[4.99, -106.27, 8.34, 40.5, 2.49, -91.37, 1.12, -16.82, -29.49, -63.8, -3.29, 32.21, 4.98, -102.26, 3.64, 22.85]
[4.99, -106.27, 8.34, 40.5, 2.49, -91.37, 1.12, -16.82, -29.43, -63.34, -2.76, 32.21, 4.98, -102.26, 3.64, 22.85]
[4.99, -106.27, 8.34, 40.5, 2.49, -91.37, 1.12, -16.82, -29.38, -62.85, -2.23, 32.21, 4.98, -102.26, 3.64, 22.85]
[4.99, -106.27, 8.34, 40.5, 2.49, -91.37, 1.12, -16.82, -29.34, -62.36, -1.7, 32.21, 4.98, -102.26, 3.64, 22.85]
[4.99, -106.27, 8.34, 40.5, 2.49, -91.37, 1.12, -16.82, -29.31, -61.85, -1.16, 32.21, 4.98, -102.26, 3.64, 22.85]
[4.99, -106.27, 8.34, 40.5, 2.49, -91.37, 1.12, -16.82, -29.29, -61.33, -0.62, 32.21, 4.98, -102.26, 3.64, 22.85]
[4.99, -106.27, 8.34, 40.5, 2.49, -91.37, 1.12, -16.82, -29.28, -60.79, -0.07, 32.21, 4.98, -102.26, 3.64, 22.85]
[4.99, -106.27, 8.34, 40.5, 2.49, -91.37, 1.12, -16.82, -29.28, -60.24, 0.47, 32.21, 4.98, -102.26, 3.64, 22.85]
[4.99, -106.27, 8.34, 40.5, 2.49, -91.37, 1.12, -16.82, -29.3, -59.68, 1.02, 32.21, 4.98, -102.26, 3.64, 22.85]
[4.99, -106.27, 8.34, 40.5, 2.49, -91.37, 1.12, -16.82, -29.33, -59.09, 1.58, 32.21, 4.98, -102.26, 3.64, 22.85]
[4.99, -106.27, 8.34, 40.5, 2.49, -91.37, 1.12, -16.82, -29.37, -58.5, 2.13, 32.21, 4.98, -102.26, 3.64, 22.85]
[4.99, -106.27, 8.34, 40.5, 2.49, -91.37, 1.12, -16.82, -29.42, -57.89, 2.69, 32.21, 4.98, -102.26, 3.64, 22.85]
[4.99, -106.27, 8.34, 40.5, 2.49, -91.37, 1.12, -16.82, -29.49, -57.26, 3.26, 32.21, 4.98, -102.26, 3.64, 22.85]
[4.99, -106.27, 8.34, 40.5, 2.49, -91.37, 1.12, -16.82, -29.56, -56.61, 3.82, 32.21, 4.98, -102.26, 3.64, 22.85]
[4.99, -106.27, 8.34, 40.5, 2.49, -91.37, 1.12, -16.82, -29.66, -55.95, 4.39, 32.21, 4.98, -102.26, 3.64, 22.85]
[4.99, -106.27, 8.34, 40.5, 2.49, -91.37, 1.12, -16.82, -29.76, -55.27, 4.97, 32.21, 4.98, -102.26, 3.64, 22.85]
[5.0, -106.3, 8.4, 39.83, 1.62, -90.52, 1.1, -16.57, -29.98, -55.0, 5.02, 32.54, 4.98, -102.44, 3.77, 22.85]
[4.99, -106.32, 8.46, 39.16, 0.76, -89.66, 1.09, -16.32, -30.21, -54.71, 5.08, 32.86, 4.99, -102.63, 3.9, 22.85]
[4.97, -106.33, 8.52, 38.48, -0.12, -88.8, 1.09, -16.08, -30.45, -54.41, 5.14, 33.18, 4.99, -102.81, 4.03, 22.85]
[4.97, -106.36, 8.57, 37.8, -0.99, -87.92, 1.1, -15.84, -30.69, -54.1, 5.21, 33.5, 4.99, -102.98, 4.17, 22.84]
[5.0, -106.4, 8.63, 37.11, -1.87, -87.03, 1.11, -15.6, -30.95, -53.78, 5.28, 33.83, 4.99, -103.16, 4.31, 22.84]
[4.98, -106.41, 8.68, 36.42, -2.75, -86.13, 1.13, -15.37, -31.21, -53.44, 5.35, 34.15, 5.0, -103.33, 4.45, 22.84]
[4.98, -106.43, 8.73, 35.72, -3.64, -85.21, 1.15, -15.13, -31.48, -53.1, 5.42, 34.47, 4.96, -103.47, 4.59, 22.84]
[5.0, -106.47, 8.77, 35.02, -4.53, -84.29, 1.18, -14.9, -31.76, -52.74, 5.5, 34.79, 4.97, -103.64, 4.74, 22.83]
[4.97, -106.46, 8.82, 34.32, -5.42, -83.36, 1.22, -14.67, -32.05, -52.37, 5.57, 35.1, 4.97, -103.8, 4.89, 22.83]
[4.97, -106.48, 8.86, 33.62, -6.32, -82.41, 1.27, -14.45, -32.35, -51.99, 5.66, 35.42, 4.98, -103.96, 5.05, 22.83]
[4.98, -106.51, 8.9, 32.91, -7.22, -81.46, 1.33, -14.22, -32.66, -51.6, 5.74, 35.74, 4.98, -104.12, 5.21, 22.82]
[4.99, -106.53, 8.93, 32.19, -8.13, -80.48, 1.39, -14.0, -32.98, -51.19, 5.83, 36.05, 4.99, -104.27, 5.37, 22.82]
[4.98, -106.53, 8.97, 31.48, -9.04, -79.5, 1.46, -13.78, -33.31, -50.77, 5.92, 36.37, 4.99, -104.42, 5.53, 22.82]
[4.99, -106.55, 9.0, 30.76, -9.96, -78.5, 1.54, -13.57, -33.64, -50.34, 6.02, 36.68, 5.0, -104.57, 5.7, 22.82]
[4.99, -106.56, 9.03, 30.04, -10.89, -77.49, 1.62, -13.35, -33.99, -49.89, 6.12, 37.0, 4.97, -104.69, 5.87, 22.81]
[4.97, -106.56, 9.05, 29.32, -11.82, -76.47, 1.72, -13.14, -34.35, -49.43, 6.22, 37.31, 4.97, -104.83, 6.04, 22.81]
[4.98, -106.58, 9.07, 28.59, -12.75, -75.43, 1.82, -12.93, -34.71, -48.95, 6.33, 37.62, 4.98, -104.97, 6.22, 22.81]
[4.97, -106.58, 9.09, 27.87, -13.7, -74.37, 1.93, -12.72, -35.09, -48.47, 6.44, 37.93, 4.99, -105.11, 6.4, 22.8]
[4.99, -106.6, 9.11, 27.14, -14.65, -73.3, 2.05, -12.51, -35.48, -47.96, 6.56, 38.24, 4.99, -105.24, 6.58, 22.8]
[4.99, -106.6, 9.13, 26.41, -15.61, -72.21, 2.18, -12.31, -35.88, -47.44, 6.68, 38.55, 5.0, -105.37, 6.77, 22.8]
[4.97, -106.6, 9.14, 25.68, -16.58, -71.11, 2.32, -12.11, -36.29, -46.91, 6.81, 38.86, 4.97, -105.47, 6.96, 22.79]
[4.98, -106.61, 9.15, 24.95, -17.55, -69.98, 2.46, -11.91, -36.71, -46.35, 6.94, 39.17, 4.98, -105.6, 7.15, 22.79]
[4.97, -106.6, 9.15, 24.22, -18.54, -68.84, 2.62, -11.71, -37.14, -45.79, 7.07, 39.47, 4.98, -105.72, 7.35, 22.79]
[4.99, -106.61, 9.15, 23.49, -19.54, -67.68, 2.79, -11.51, -37.59, -45.2, 7.21, 39.78, 4.99, -105.83, 7.55, 22.78]
[4.99, -106.61, 9.15, 22.76, -20.54, -66.49, 2.97, -11.32, -38.05, -44.6, 7.36, 40.08, 5.0, -105.95, 7.75, 22.78]
[4.98, -106.6, 9.15, 22.02, -21.56, -65.29, 3.15, -11.13, -38.52, -43.97, 7.51, 40.39, 4.97, -106.03, 7.95, 22.78]
[4.98, -106.61, 9.15, 21.29, -22.59, -64.06, 3.35, -10.94, -39.0, -43.33, 7.66, 40.69, 4.97, -106.14, 8.16, 22.77]
[4.98, -106.6, 9.14, 20.56, -23.63, -62.8, 3.56, -10.75, -39.5, -42.67, 7.83, 40.99, 4.98, -106.25, 8.37, 22.77]
[4.99, -106.61, 9.13, 19.83, -24.69, -61.52, 3.79, -10.56, -40.02, -41.98, 8.0, 41.29, 4.98, -106.35, 8.59, 22.76]
[4.99, -106.6, 9.11, 19.1, -25.76, -60.22, 4.02, -10.38, -40.54, -41.28, 8.18, 41.59, 4.99, -106.45, 8.8, 22.76]
[4.98, -106.58, 9.09, 18.37, -26.85, -58.88, 4.27, -10.19, -41.09, -40.55, 8.36, 41.89, 5.0, -106.54, 9.02, 22.76]
[4.99, -106.58, 9.08, 17.65, -27.96, -57.51, 4.53, -10.01, -41.65, -39.8, 8.55, 42.19, 4.96, -106.61, 9.25, 22.75]
[4.98, -106.57, 9.05, 16.92, -29.08, -56.11, 4.81, -9.83, -42.23, -39.02, 8.75, 42.48, 4.97, -106.7, 9.47, 22.75]
[5.0, -106.57, 9.03, 16.2, -30.23, -54.67, 5.1, -9.65, -42.82, -38.21, 8.96, 42.78, 4.97, -106.78, 9.7, 22.74]
[4.96, -106.54, 9.0, 15.48, -31.39, -53.19, 5.41, -9.48, -43.44, -37.38, 9.18, 43.07, 4.98, -106.86, 9.94, 22.74]
[4.99, -106.54, 8.97, 14.76, -32.59, -51.67, 5.74, -9.3, -44.08, -36.51, 9.41, 43.36, 4.98, -106.94, 10.17, 22.73]
[4.96, -106.51, 8.93, 14.05, -33.81, -50.11, 6.08, -9.13, -44.73, -35.61, 9.65, 43.66, 4.99, -107.02, 10.41, 22.73]
[5.0, -106.52, 8.9, 13.33, -35.06, -48.49, 6.45, -8.96, -45.41, -34.68, 9.91, 43.95, 4.99, -107.09, 10.65, 22.72]
[4.98, -106.49, 8.86, 12.63, -36.34, -46.82, 6.84, -8.79, -46.12, -33.71, 10.17, 44.24, 4.99, -107.15, 10.9, 22.72]
[4.98, -106.48, 8.82, 11.92, -37.66, -45.09, 7.25, -8.62, -46.86, -32.7, 10.45, 44.52, 4.99, -107.22, 11.14, 22.71]
[4.98, -106.45, 8.78, 11.22, -39.03, -43.28, 7.69, -8.45, -47.62, -31.64, 10.74, 44.81, 4.99, -107.28, 11.4, 22.71]
[4.99, -106.44, 8.73, 10.52, -40.44, -41.4, 8.16, -8.29, -48.42, -30.53, 11.05, 45.1, 4.99, -107.33, 11.65, 22.7]
[4.99, -106.42, 8.68, 9.82, -41.91, -39.43, 8.66, -8.13, -49.25, -29.37, 11.38, 45.38, 4.99, -107.39, 11.91, 22.69]
[4.98, -106.39, 8.63, 9.13, -43.44, -37.36, 9.2, -7.96, -50.13, -28.14, 11.73, 45.67, 4.99, -107.43, 12.17, 22.69]
[4.99, -106.37, 8.58, 8.44, -45.05, -35.16, 9.79, -7.8, -51.05, -26.84, 12.11, 45.95, 4.99, -107.48, 12.43, 22.68]
[4.99, -106.35, 8.52, 7.76, -46.76, -32.82, 10.43, -7.64, -52.03, -25.47, 12.51, 46.23, 4.98, -107.52, 12.69, 22.68]
[4.99, -106.35, 8.52, 7.76, -45.7, -34.77, 9.53, -7.32, -52.03, -25.47, 12.51, 46.23, 4.98, -107.52, 12.69, 22.68]
[4.99, -106.35, 8.52, 7.76, -44.72, -36.6, 8.68, -6.99, -52.03, -25.47, 12.51, 46.23, 4.98, -107.52, 12.69, 22.68]
[4.99, -106.35, 8.52, 7.76, -43.82, -38.32, 7.86, -6.66, -52.03, -25.47, 12.51, 46.23, 4.98, -107.52, 12.69, 22.68]
[4.99, -106.35, 8.52, 7.76, -42.98, -39.96, 7.06, -6.33, -52.03, -25.47, 12.51, 46.23, 4.98, -107.52, 12.69, 22.68]
[4.99, -106.35, 8.52, 7.76, -42.2, -41.51, 6.3, -6.0, -52.03, -25.47, 12.51, 46.23, 4.98, -107.52, 12.69, 22.68]
[4.99, -106.35, 8.52, 7.76, -41.47, -42.98, 5.55, -5.67, -52.03, -25.47, 12.51, 46.23, 4.98, -107.52, 12.69, 22.68]
[4.99, -106.35, 8.52, 7.76, -40.78, -44.39, 4.83, -5.34, -52.03, -25.47, 12.51, 46.23, 4.98, -107.52, 12.69, 22.68]
[4.99, -106.35, 8.52, 7.76, -40.14, -45.74, 4.12, -5.0, -52.03, -25.47, 12.51, 46.23, 4.98, -107.52, 12.69, 22.68]
[4.99, -106.35, 8.52, 7.76, -39.54, -47.03, 3.43, -4.66, -52.03, -25.47, 12.51, 46.23, 4.98, -107.52, 12.69, 22.68]
[4.99, -106.35, 8.52, 7.76, -38.97, -48.27, 2.76, -4.33, -52.03, -25.47, 12.51, 46.23, 4.98, -107.52, 12.69, 22.68]
[4.99, -106.35, 8.52, 7.76, -38.44, -49.47, 2.1, -3.99, -52.03, -25.47, 12.51, 46.23, 4.98, -107.52, 12.69, 22.68]
[4.99, -106.35, 8.52, 7.76, -37.94, -50.61, 1.45, -3.65, -52.03, -25.47, 12.51, 46.23, 4.98, -107.52, 12.69, 22.68]
[4.99, -106.35, 8.52, 7.76, -37.47, -51.72, 0.81, -3.31, -52.03, -25.47, 12.51, 46.23, 4.98, -107.52, 12.69, 22.68]
[4.99, -106.35, 8.52, 7.76, -37.03, -52.79, 0.19, -2.96, -52.03, -25.47, 12.51, 46.23, 4.98, -107.52, 12.69, 22.68]
[4.99, -106.35, 8.52, 7.76, -36.62, -53.81, -0.43, -2.62, -52.03, -25.47, 12.51, 46.23, 4.98, -107.52, 12.69, 22.68]
[4.99, -106.35, 8.52, 7.76, -36.23, -54.8, -1.03, -2.28, -52.03, -25.47, 12.51, 46.23, 4.98, -107.52, 12.69, 22.68]
[4.99, -106.35, 8.52, 7.76, -35.87, -55.76, -1.63, -1.93, -52.03, -25.47, 12.51, 46.23, 4.98, -107.52, 12.69, 22.68]
[4.99, -106.35, 8.52, 7.76, -35.54, -56.68, -2.22, -1.59, -52.03, -25.47, 12.51, 46.23, 4.98, -107.52, 12.69, 22.68]
[4.99, -106.35, 8.52, 7.76, -35.23, -57.58, -2.8, -1.24, -52.03, -25.47, 12.51, 46.23, 4.98, -107.52, 12.69, 22.68]
[4.99, -106.35, 8.52, 7.76, -34.94, -58.44, -3.38, -0.89, -52.03, -25.47, 12.51, 46.23, 4.98, -107.52, 12.69, 22.68]
[4.99, -106.35, 8.52, 7.76, -34.68, -59.27, -3.95, -0.54, -52.03, -25.47, 12.51, 46.23, 4.98, -107.52, 12.69, 22.68]
[4.99, -106.35, 8.52, 7.76, -34.43, -60.07, -4.51, -0.19, -52.03, -25.47, 12.51, 46.23, 4.98, -107.52, 12.69, 22.68]
[4.99, -106.35, 8.52, 7.76, -34.21, -60.85, -5.06, 0.16, -52.03, -25.47, 12.51, 46.23, 4.98, -107.52, 12.69, 22.68]
[4.99, -106.35, 8.52, 7.76, -34.01, -61.6, -5.61, 0.52, -52.03, -25.47, 12.51, 46.23, 4.98, -107.52, 12.69, 22.68]
[4.99, -106.35, 8.52, 7.76, -33.83, -62.32, -6.15, 0.87, -52.03, -25.47, 12.51, 46.23, 4.98, -107.52, 12.69, 22.68]
[4.99, -106.35, 8.52, 7.76, -33.67, -63.02, -6.69, 1.22, -52.03, -25.47, 12.51, 46.23, 4.98, -107.52, 12.69, 22.68]
[4.99, -106.35, 8.52, 7.76, -33.53, -63.69, -7.22, 1.58, -52.03, -25.47, 12.51, 46.23, 4.98, -107.52, 12.69, 22.68]
[4.99, -106.35, 8.52, 7.76, -33.41, -64.34, -7.75, 1.93, -52.03, -25.47, 12.51, 46.23, 4.98, -107.52, 12.69, 22.68]
[4.99, -106.35, 8.52, 7.76, -33.31, -64.97, -8.28, 2.29, -52.03, -25.47, 12.51, 46.23, 4.98, -107.52, 12.69, 22.68]
[4.99, -106.35, 8.52, 7.76, -33.23, -65.57, -8.79, 2.65, -52.03, -25.47, 12.51, 46.23, 4.98, -107.52, 12.69, 22.68]
[4.99, -106.35, 8.52, 7.76, -33.16, -66.15, -9.31, 3.01, -52.03, -25.47, 12.51, 46.23, 4.98, -107.52, 12.69, 22.68]
[4.99, -106.35, 8.52, 7.76, -33.12, -66.7, -9.82, 3.37, -52.03, -25.47, 12.51, 46.23, 4.98, -107.52, 12.69, 22.68]
[4.99, -106.35, 8.52, 7.76, -33.09, -67.24, -10.32, 3.73, -52.03, -25.47, 12.51, 46.23, 4.98, -107.52, 12.69, 22.68]
[4.99, -106.35, 8.52, 7.76, -33.08, -67.75, -10.82, 4.09, -52.03, -25.47, 12.51, 46.23, 4.98, -107.52, 12.69, 22.68]
[4.99, -106.35, 8.52, 7.76, -33.08, -68.24, -11.32, 4.45, -52.03, -25.47, 12.51, 46.23, 4.98, -107.52, 12.69, 22.68]
[4.99, -106.35, 8.52, 7.76, -33.11, -68.71, -11.81, 4.81, -52.03, -25.47, 12.51, 46.23, 4.98, -107.52, 12.69, 22.68]
[4.99, -106.35, 8.52, 7.76, -33.15, -69.15, -12.3, 5.17, -52.03, -25.47, 12.51, 46.23, 4.98, -107.52, 12.69, 22.68]
[4.99, -106.35, 8.52, 7.76, -33.21, -69.58, -12.78, 5.54, -52.03, -25.47, 12.51, 46.23, 4.98, -107.52, 12.69, 22.68]
[4.99, -106.35, 8.52, 7.76, -33.28, -69.99, -13.26, 5.9, -52.03, -25.47, 12.51, 46.23, 4.98, -107.52, 12.69, 22.68]
[4.99, -106.35, 8.52, 7.76, -33.37, -70.37, -13.74, 6.26, -52.03, -25.47, 12.51, 46.23, 4.98, -107.52, 12.69, 22.68]
[4.99, -106.35, 8.52, 7.76, -33.48, -70.74, -14.21, 6.63, -52.03, -25.47, 12.51, 46.23, 4.98, -107.52, 12.69, 22.68]
[4.99, -106.35, 8.52, 7.76, -33.6, -71.08, -14.68, 6.99, -52.03, -25.47, 12.51, 46.23, 4.98, -107.52, 12.69, 22.68]
[4.99, -106.35, 8.52, 7.76, -33.74, -71.41, -15.15, 7.36, -52.03, -25.47, 12.51, 46.23, 4.98, -107.52, 12.69, 22.68]
[4.99, -106.35, 8.52, 7.76, -33.9, -71.71, -15.61, 7.73, -52.03, -25.47, 12.51, 46.23, 4.98, -107.52, 12.69, 22.68]
[4.99, -106.35, 8.52, 7.76, -34.07, -72.0, -16.06, 8.09, -52.03, -25.47, 12.51, 46.23, 4.98, -107.52, 12.69, 22.68]
[4.99, -106.35, 8.52, 7.76, -34.25, -72.26, -16.52, 8.46, -52.03, -25.47, 12.51, 46.23, 4.98, -107.52, 12.69, 22.68]
[4.99, -106.35, 8.52, 7.76, -34.46, -72.51, -16.97, 8.83, -52.03, -25.47, 12.51, 46.23, 4.98, -107.52, 12.69, 22.68]
[4.99, -106.35, 8.52, 7.76, -34.68, -72.74, -17.41, 9.19, -52.03, -25.47, 12.51, 46.23, 4.98, -107.52, 12.69, 22.68]
[4.99, -106.35, 8.52, 7.76, -34.91, -72.94, -17.85, 9.56, -52.03, -25.47, 12.51, 46.23, 4.98, -107.52, 12.69, 22.68]
[4.99, -106.35, 8.52, 7.76, -35.16, -73.13, -18.29, 9.93, -52.03, -25.47, 12.51, 46.23, 4.98, -107.52, 12.69, 22.68]
[4.99, -106.35, 8.52, 7.76, -35.42, -73.3, -18.72, 10.3, -52.03, -25.47, 12.51, 46.23, 4.98, -107.52, 12.69, 22.68]
[4.99, -106.35, 8.52, 7.76, -35.7, -73.45, -19.15, 10.67, -52.03, -25.47, 12.51, 46.23, 4.98, -107.52, 12.69, 22.68]
[4.99, -106.35, 8.52, 7.76, -35.99, -73.58, -19.58, 11.04, -52.03, -25.47, 12.51, 46.23, 4.98, -107.52, 12.69, 22.68]
[4.99, -106.35, 8.52, 7.76, -36.3, -73.7, -20.0, 11.4, -52.03, -25.47, 12.51, 46.23, 4.98, -107.52, 12.69, 22.68]
[4.99, -106.35, 8.52, 7.76, -36.63, -73.79, -20.41, 11.77, -52.03, -25.47, 12.51, 46.23, 4.98, -107.52, 12.69, 22.68]
[4.99, -106.35, 8.52, 7.76, -36.96, -73.86, -20.82, 12.14, -52.03, -25.47, 12.51, 46.23, 4.98, -107.52, 12.69, 22.68]
[4.99, -106.35, 8.52, 7.76, -37.31, -73.92, -21.23, 12.51, -52.03, -25.47, 12.51, 46.23, 4.98, -107.52, 12.69, 22.68]
[4.99, -106.35, 8.52, 7.76, -37.68, -73.95, -21.63, 12.88, -52.03, -25.47, 12.51, 46.23, 4.98, -107.52, 12.69, 22.68]
[4.99, -106.35, 8.52, 7.76, -38.06, -73.97, -22.03, 13.25, -52.03, -25.47, 12.51, 46.23, 4.98, -107.52, 12.69, 22.68]
[4.99, -106.35, 8.52, 7.76, -38.46, -73.97, -22.42, 13.62, -52.03, -25.47, 12.51, 46.23, 4.98, -107.52, 12.69, 22.68]
[4.99, -106.35, 8.52, 7.76, -38.86, -73.95, -22.81, 13.99, -52.03, -25.47, 12.51, 46.23, 4.98, -107.52, 12.69, 22.68]
[4.99, -106.35, 8.52, 7.76, -39.29, -73.91, -23.19, 14.35, -52.03, -25.47, 12.51, 46.23, 4.98, -107.52, 12.69, 22.68]
[4.99, -106.35, 8.52, 7.76, -39.72, -73.85, -23.57, 14.72, -52.03, -25.47, 12.51, 46.23, 4.98, -107.52, 12.69, 22.68]
[4.99, -106.35, 8.52, 7.76, -40.17, -73.77, -23.94, 15.09, -52.03, -25.47, 12.51, 46.23, 4.98, -107.52, 12.69, 22.68]
[4.99, -106.35, 8.52, 7.76, -40.64, -73.67, -24.31, 15.46, -52.03, -25.47, 12.51, 46.23, 4.98, -107.52, 12.69, 22.68]
[4.99, -106.35, 8.52, 7.76, -41.11, -73.56, -24.67, 15.83, -52.03, -25.47, 12.51, 46.23, 4.98, -107.52, 12.69, 22.68]
[4.99, -106.35, 8.52, 7.76, -41.6, -73.42, -25.02, 16.19, -52.03, -25.47, 12.51, 46.23, 4.98, -107.52, 12.69, 22.68]
[4.98, -106.34, 8.52, 7.77, -41.59, -73.44, -25.03, 16.2, -51.99, -25.52, 12.49, 46.23, 4.97, -107.51, 12.69, 22.67]
[4.98, -106.34, 8.52, 7.77, -41.12, -73.48, -24.6, 16.2, -51.99, -25.52, 12.49, 46.23, 4.97, -107.51, 12.69, 22.67]
[4.98, -106.34, 8.52, 7.77, -40.66, -73.51, -24.17, 16.2, -51.99, -25.52, 12.49, 46.23, 4.97, -107.51, 12.69, 22.67]
[4.98, -106.34, 8.52, 7.77, -40.22, -73.52, -23.74, 16.2, -51.99, -25.52, 12.49, 46.23, 4.97, -107.51, 12.69, 22.67]
[4.98, -106.34, 8.52, 7.77, -39.77, -73.53, -23.3, 16.2, -51.99, -25.52, 12.49, 46.23, 4.97, -107.51, 12.69, 22.67]
[4.98, -106.34, 8.52, 7.77, -39.34, -73.53, -22.86, 16.2, -51.99, -25.52, 12.49, 46.23, 4.97, -107.51, 12.69, 22.67]
[4.98, -106.34, 8.52, 7.77, -38.91, -73.51, -22.42, 16.2, -51.99, -25.52, 12.49, 46.23, 4.97, -107.51, 12.69, 22.67]
[4.98, -106.34, 8.52, 7.77, -38.5, -73.48, -21.98, 16.2, -51.99, -25.52, 12.49, 46.23, 4.97, -107.51, 12.69, 22.67]
[4.98, -106.34, 8.52, 7.77, -38.09, -73.45, -21.53, 16.2, -51.99, -25.52, 12.49, 46.23, 4.97, -107.51, 12.69, 22.67]
[4.98, -106.34, 8.52, 7.77, -37.68, -73.4, -21.08, 16.2, -51.99, -25.52, 12.49, 46.23, 4.97, -107.51, 12.69, 22.67]
[4.98, -106.34, 8.52, 7.77, -37.29, -73.34, -20.63, 16.2, -51.99, -25.52, 12.49, 46.23, 4.97, -107.51, 12.69, 22.67]
[4.98, -106.34, 8.52, 7.77, -36.9, -73.27, -20.18, 16.2, -51.99, -25.52, 12.49, 46.23, 4.97, -107.51, 12.69, 22.67]
[4.98, -106.34, 8.52, 7.77, -36.53, -73.2, -19.72, 16.2, -51.99, -25.52, 12.49, 46.23, 4.97, -107.51, 12.69, 22.67]
[4.98, -106.34, 8.52, 7.77, -36.16, -73.11, -19.26, 16.2, -51.99, -25.52, 12.49, 46.23, 4.97, -107.51, 12.69, 22.67]
[4.98, -106.34, 8.52, 7.77, -35.79, -73.01, -18.8, 16.2, -51.99, -25.52, 12.49, 46.23, 4.97, -107.51, 12.69, 22.67]
[4.98, -106.34, 8.52, 7.77, -35.44, -72.9, -18.33, 16.2, -51.99, -25.52, 12.49, 46.23, 4.97, -107.51, 12.69, 22.67]
[4.98, -106.34, 8.52, 7.77, -35.1, -72.77, -17.87, 16.2, -51.99, -25.52, 12.49, 46.23, 4.97, -107.51, 12.69, 22.67]
[4.98, -106.34, 8.52, 7.77, -34.76, -72.64, -17.4, 16.2, -51.99, -25.52, 12.49, 46.23, 4.97, -107.51, 12.69, 22.67]
[4.98, -106.34, 8.52, 7.77, -34.43, -72.5, -16.93, 16.2, -51.99, -25.52, 12.49, 46.23, 4.97, -107.51, 12.69, 22.67]
[4.98, -106.34, 8.52, 7.77, -34.11, -72.35, -16.46, 16.2, -51.99, -25.52, 12.49, 46.23, 4.97, -107.51, 12.69, 22.67]
[4.98, -106.34, 8.52, 7.77, -33.8, -72.18, -15.98, 16.2, -51.99, -25.52, 12.49, 46.23, 4.97, -107.51, 12.69, 22.67]
[4.98, -106.34, 8.52, 7.77, -33.5, -72.01, -15.5, 16.2, -51.99, -25.52, 12.49, 46.23, 4.97, -107.51, 12.69, 22.67]
[4.98, -106.34, 8.52, 7.77, -33.2, -71.82, -15.02, 16.2, -51.99, -25.52, 12.49, 46.23, 4.97, -107.51, 12.69, 22.67]
[4.98, -106.34, 8.52, 7.77, -32.92, -71.62, -14.54, 16.2, -51.99, -25.52, 12.49, 46.23, 4.97, -107.51, 12.69, 22.67]
[4.98, -106.34, 8.52, 7.77, -32.64, -71.42, -14.06, 16.2, -51.99, -25.52, 12.49, 46.23, 4.97, -107.51, 12.69, 22.67]
[4.98, -106.34, 8.52, 7.77, -32.37, -71.2, -13.57, 16.2, -51.99, -25.52, 12.49, 46.23, 4.97, -107.51, 12.69, 22.67]
[4.98, -106.34, 8.52, 7.77, -32.12, -70.97, -13.08, 16.2, -51.99, -25.52, 12.49, 46.23, 4.97, -107.51, 12.69, 22.67]
[4.98, -106.34, 8.52, 7.77, -31.87, -70.73, -12.59, 16.2, -51.99, -25.52, 12.49, 46.23, 4.97, -107.51, 12.69, 22.67]
[4.98, -106.34, 8.52, 7.77, -31.63, -70.48, -12.1, 16.2, -51.99, -25.52, 12.49, 46.23, 4.97, -107.51, 12.69, 22.67]
[4.98, -106.34, 8.52, 7.77, -31.39, -70.22, -11.61, 16.2, -51.99, -25.52, 12.49, 46.23, 4.97, -107.51, 12.69, 22.67]
[4.98, -106.34, 8.52, 7.77, -31.17, -69.94, -11.11, 16.2, -51.99, -25.52, 12.49, 46.23, 4.97, -107.51, 12.69, 22.67]
[4.98, -106.34, 8.52, 7.77, -30.96, -69.66, -10.61, 16.2, -51.99, -25.52, 12.49, 46.23, 4.97, -107.51, 12.69, 22.67]
[4.98, -106.34, 8.52, 7.77, -30.76, -69.36, -10.11, 16.2, -51.99, -25.52, 12.49, 46.23, 4.97, -107.51, 12.69, 22.67]
[4.98, -106.34, 8.52, 7.77, -30.56, -69.05, -9.61, 16.2, -51.99, -25.52, 12.49, 46.23, 4.97, -107.51, 12.69, 22.67]
[4.98, -106.34, 8.52, 7.77, -30.38, -68.73, -9.11, 16.2, -51.99, -25.52, 12.49, 46.23, 4.97, -107.51, 12.69, 22.67]
[4.98, -106.34, 8.52, 7.77, -30.2, -68.4, -8.6, 16.2, -51.99, -25.52, 12.49, 46.23, 4.97, -107.51, 12.69, 22.67]
[4.98, -106.34, 8.52, 7.77, -30.03, -68.06, -8.09, 16.2, -51.99, -25.52, 12.49, 46.23, 4.97, -107.51, 12.69, 22.67]
[4.98, -106.34, 8.52, 7.77, -29.88, -67.71, -7.58, 16.2, -51.99, -25.52, 12.49, 46.23, 4.97, -107.51, 12.69, 22.67]
[4.98, -106.34, 8.52, 7.77, -29.73, -67.34, -7.07, 16.2, -51.99, -25.52, 12.49, 46.23, 4.97, -107.51, 12.69, 22.67]
[4.98, -106.34, 8.52, 7.77, -29.6, -66.96, -6.56, 16.2, -51.99, -25.52, 12.49, 46.23, 4.97, -107.51, 12.69, 22.67]
[4.98, -106.34, 8.52, 7.77, -29.47, -66.57, -6.04, 16.2, -51.99, -25.52, 12.49, 46.23, 4.97, -107.51, 12.69, 22.67]
[4.98, -106.34, 8.52, 7.77, -29.35, -66.17, -5.52, 16.2, -51.99, -25.52, 12.49, 46.23, 4.97, -107.51, 12.69, 22.67]
[4.98, -106.34, 8.52, 7.77, -29.25, -65.76, -5.0, 16.2, -51.99, -25.52, 12.49, 46.23, 4.97, -107.51, 12.69, 22.67]
[4.98, -106.34, 8.52, 7.77, -29.15, -65.33, -4.48, 16.2, -51.99, -25.52, 12.49, 46.23, 4.97, -107.51, 12.69, 22.67]
[4.98, -106.34, 8.52, 7.77, -29.06, -64.89, -3.95, 16.2, -51.99, -25.52, 12.49, 46.23, 4.97, -107.51, 12.69, 22.67]
[4.98, -106.34, 8.52, 7.77, -28.99, -64.44, -3.42, 16.2, -51.99, -25.52, 12.49, 46.23, 4.97, -107.51, 12.69, 22.67]
[4.98, -106.34, 8.52, 7.77, -28.92, -63.97, -2.89, 16.2, -51.99, -25.52, 12.49, 46.23, 4.97, -107.51, 12.69, 22.67]
[4.98, -106.34, 8.52, 7.77, -28.87, -63.49, -2.36, 16.2, -51.99, -25.52, 12.49, 46.23, 4.97, -107.51, 12.69, 22.67]
[4.98, -106.34, 8.52, 7.77, -28.83, -63.0, -1.82, 16.2, -51.99, -25.52, 12.49, 46.23, 4.97, -107.51, 12.69, 22.67]
[4.98, -106.34, 8.52, 7.77, -28.79, -62.49, -1.29, 16.2, -51.99, -25.52, 12.49, 46.23, 4.97, -107.51, 12.69, 22.67]
[4.98, -106.34, 8.52, 7.77, -28.77, -61.98, -0.75, 16.2, -51.99, -25.52, 12.49, 46.23, 4.97, -107.51, 12.69, 22.67]
[4.98, -106.34, 8.52, 7.77, -28.76, -61.44, -0.2, 16.2, -51.99, -25.52, 12.49, 46.23, 4.97, -107.51, 12.69, 22.67]
[4.98, -106.34, 8.52, 7.77, -28.76, -60.89, 0.34, 16.2, -51.99, -25.52, 12.49, 46.23, 4.97, -107.51, 12.69, 22.67]
[4.98, -106.34, 8.52, 7.77, -28.78, -60.33, 0.89, 16.2, -51.99, -25.52, 12.49, 46.23, 4.97, -107.51, 12.69, 22.67]
[4.98, -106.34, 8.52, 7.77, -28.8, -59.76, 1.44, 16.2, -51.99, -25.52, 12.49, 46.23, 4.97, -107.51, 12.69, 22.67]
[4.98, -106.34, 8.52, 7.77, -28.84, -59.16, 2.0, 16.2, -51.99, -25.52, 12.49, 46.23, 4.97, -107.51, 12.69, 22.67]
[4.98, -106.34, 8.52, 7.77, -28.89, -58.56, 2.56, 16.2, -51.99, -25.52, 12.49, 46.23, 4.97, -107.51, 12.69, 22.67]
[4.98, -106.34, 8.52, 7.77, -28.95, -57.93, 3.12, 16.2, -51.99, -25.52, 12.49, 46.23, 4.97, -107.51, 12.69, 22.67]
[4.98, -106.34, 8.52, 7.77, -29.02, -57.29, 3.69, 16.2, -51.99, -25.52, 12.49, 46.23, 4.97, -107.51, 12.69, 22.67]
[4.98, -106.34, 8.52, 7.77, -29.11, -56.64, 4.25, 16.2, -51.99, -25.52, 12.49, 46.23, 4.97, -107.51, 12.69, 22.67]
[4.98, -106.34, 8.52, 7.77, -29.21, -55.96, 4.83, 16.2, -51.99, -25.52, 12.49, 46.23, 4.97, -107.51, 12.69, 22.67]
[4.97, -106.31, 8.47, 8.65, -27.61, -57.96, 4.43, 16.33, -49.69, -28.75, 11.56, 45.97, 4.99, -107.47, 12.39, 22.19]
[4.97, -106.28, 8.41, 9.52, -26.04, -59.89, 4.07, 16.47, -47.61, -31.65, 10.74, 45.71, 4.97, -107.4, 12.08, 21.73]
[4.98, -106.27, 8.35, 10.38, -24.5, -61.77, 3.73, 16.61, -45.69, -34.3, 10.01, 45.45, 4.97, -107.35, 11.79, 21.29]
[4.98, -106.24, 8.29, 11.24, -22.99, -63.6, 3.42, 16.75, -43.9, -36.76, 9.35, 45.19, 4.98, -107.29, 11.49, 20.86]
[4.99, -106.21, 8.23, 12.1, -21.5, -65.37, 3.13, 16.89, -42.2, -39.05, 8.75, 44.92, 4.98, -107.22, 11.2, 20.45]
[4.98, -106.17, 8.16, 12.94, -20.04, -67.11, 2.86, 17.04, -40.59, -41.22, 8.19, 44.65, 4.97, -107.14, 10.91, 20.05]
[4.98, -106.14, 8.08, 13.78, -18.59, -68.8, 2.61, 17.18, -39.05, -43.27, 7.68, 44.38, 4.99, -107.08, 10.62, 19.66]
[4.97, -106.09, 8.01, 14.61, -17.16, -70.45, 2.39, 17.33, -37.58, -45.22, 7.21, 44.11, 4.98, -106.99, 10.34, 19.28]
[4.97, -106.05, 7.93, 15.44, -15.75, -72.07, 2.18, 17.48, -36.15, -47.09, 6.76, 43.83, 4.99, -106.91, 10.06, 18.92]
[4.99, -106.02, 7.85, 16.26, -14.35, -73.66, 1.99, 17.64, -34.77, -48.88, 6.35, 43.55, 4.97, -106.8, 9.78, 18.57]
[4.99, -105.98, 7.76, 17.07, -12.96, -75.22, 1.82, 17.79, -33.44, -50.6, 5.96, 43.26, 4.98, -106.71, 9.51, 18.23]
[4.97, -105.92, 7.67, 17.87, -11.59, -76.74, 1.67, 17.95, -32.14, -52.26, 5.6, 42.98, 4.98, -106.62, 9.24, 17.9]
[4.97, -105.87, 7.58, 18.66, -10.22, -78.24, 1.54, 18.11, -30.87, -53.87, 5.26, 42.69, 4.98, -106.51, 8.98, 17.58]
[4.98, -105.83, 7.49, 19.44, -8.86, -79.71, 1.43, 18.27, -29.64, -55.42, 4.94, 42.4, 4.98, -106.4, 8.72, 17.27]
[4.98, -105.77, 7.39, 20.22, -7.51, -81.16, 1.33, 18.44, -28.43, -56.93, 4.63, 42.1, 4.98, -106.29, 8.46, 16.96]
[5.0, -105.72, 7.29, 20.99, -6.17, -82.59, 1.24, 18.61, -27.25, -58.4, 4.35, 41.8, 4.97, -106.16, 8.21, 16.67]
[5.0, -105.66, 7.19, 21.75, -4.83, -83.99, 1.18, 18.78, -26.1, -59.82, 4.08, 41.5, 4.99, -106.06, 7.96, 16.38]
[4.98, -105.59, 7.09, 22.5, -3.5, -85.37, 1.13, 18.95, -24.96, -61.21, 3.83, 41.2, 4.98, -105.92, 7.71, 16.11]
[4.98, -105.52, 6.99, 23.24, -2.17, -86.73, 1.1, 19.12, -23.85, -62.56, 3.59, 40.89, 4.97, -105.78, 7.47, 15.84]
[4.96, -105.45, 6.88, 23.97, -0.85, -88.08, 1.08, 19.3, -22.76, -63.87, 3.37, 40.58, 4.99, -105.65, 7.23, 15.58]
[4.97, -105.38, 6.77, 24.69, 0.47, -89.4, 1.07, 19.48, -21.68, -65.16, 3.16, 40.26, 4.97, -105.5, 7.0, 15.32]
[4.99, -105.32, 6.66, 25.4, 1.79, -90.71, 1.09, 19.67, -20.62, -66.41, 2.96, 39.95, 4.98, -105.36, 6.77, 15.07]
[4.97, -105.23, 6.55, 26.1, 3.11, -92.0, 1.12, 19.85, -19.58, -67.64, 2.78, 39.63, 5.0, -105.22, 6.55, 14.83]
[5.0, -105.17, 6.44, 26.8, 4.43, -93.27, 1.16, 20.04, -18.55, -68.84, 2.61, 39.3, 4.97, -105.05, 6.33, 14.6]
[4.98, -105.07, 6.32, 27.48, 4.98, -93.99, 1.2, 20.24, -17.54, -70.01, 2.44, 38.98, 4.98, -104.89, 6.11, 14.37]
[4.98, -104.99, 6.21, 28.16, 4.97, -94.33, 1.22, 20.43, -16.54, -71.16, 2.29, 38.65, 4.99, -104.73, 5.9, 14.14]
[4.96, -104.89, 6.09, 28.82, 5.0, -94.68, 1.24, 20.63, -15.56, -72.29, 2.15, 38.31, 4.96, -104.54, 5.69, 13.93]
[4.97, -104.81, 5.97, 29.48, 4.99, -95.0, 1.27, 20.84, -14.58, -73.39, 2.02, 37.98, 4.97, -104.37, 5.49, 13.71]
[4.97, -104.71, 5.86, 30.13, 4.98, -95.32, 1.3, 21.04, -13.62, -74.47, 1.9, 37.63, 4.98, -104.19, 5.29, 13.51]
[4.99, -104.63, 5.74, 30.77, 5.0, -95.65, 1.34, 21.25, -12.67, -75.53, 1.79, 37.29, 4.98, -104.01, 5.1, 13.31]
[4.99, -104.53, 5.62, 31.4, 4.98, -95.95, 1.38, 21.46, -11.74, -76.57, 1.69, 36.94, 4.98, -103.82, 4.91, 13.11]
[4.98, -104.42, 5.5, 32.02, 4.97, -96.25, 1.43, 21.68, -10.81, -77.59, 1.6, 36.59, 4.99, -103.63, 4.73, 12.92]
[5.0, -104.33, 5.38, 32.63, 4.98, -96.57, 1.48, 21.9, -9.89, -78.6, 1.51, 36.24, 4.99, -103.43, 4.55, 12.73]
[4.97, -104.19, 5.26, 33.23, 5.0, -96.88, 1.53, 22.12, -8.99, -79.58, 1.44, 35.88, 4.99, -103.23, 4.37, 12.55]
[5.0, -104.1, 5.15, 33.82, 4.97, -97.16, 1.59, 22.35, -8.09, -80.54, 1.37, 35.52, 4.99, -103.02, 4.2, 12.37]
[4.97, -103.97, 5.03, 34.4, 4.99, -97.46, 1.65, 22.58, -7.2, -81.49, 1.31, 35.15, 4.99, -102.81, 4.03, 12.19]
[4.98, -103.85, 4.91, 34.98, 4.99, -97.75, 1.71, 22.82, -6.33, -82.42, 1.25, 34.78, 4.99, -102.59, 3.87, 12.02]
[4.97, -103.73, 4.79, 35.54, 4.96, -98.01, 1.78, 23.06, -5.46, -83.34, 1.21, 34.41, 4.99, -102.36, 3.71, 11.85]
[4.99, -103.61, 4.67, 36.1, 4.97, -98.29, 1.86, 23.3, -4.6, -84.23, 1.17, 34.03, 4.99, -102.14, 3.56, 11.69]
[4.96, -103.46, 4.55, 36.65, 4.97, -98.57, 1.93, 23.55, -3.75, -85.11, 1.14, 33.65, 4.99, -101.9, 3.41, 11.53]
[4.96, -103.33, 4.44, 37.19, 4.97, -98.84, 2.02, 23.81, -2.91, -85.98, 1.11, 33.27, 4.98, -101.66, 3.27, 11.37]
[4.99, -103.21, 4.32, 37.72, 4.97, -99.1, 2.1, 24.06, -2.07, -86.83, 1.09, 32.88, 4.98, -101.42, 3.13, 11.22]
[4.97, -103.05, 4.2, 38.25, 4.96, -99.36, 2.19, 24.33, -1.25, -87.67, 1.08, 32.49, 4.98, -101.17, 3.0, 11.07]
[4.97, -102.91, 4.09, 38.76, 4.99, -99.63, 2.28, 24.59, -0.43, -88.49, 1.07, 32.1, 4.97, -100.92, 2.87, 10.92]
[4.97, -102.76, 3.98, 39.27, 4.98, -99.88, 2.38, 24.87, 0.37, -89.3, 1.07, 31.7, 4.97, -100.66, 2.74, 10.78]
[4.99, -102.63, 3.87, 39.77, 4.97, -100.12, 2.48, 25.14, 1.17, -90.09, 1.08, 31.29, 4.97, -100.39, 2.62, 10.64]
[4.97, -102.45, 3.76, 40.26, 4.99, -100.37, 2.58, 25.42, 1.96, -90.87, 1.09, 30.89, 4.96, -100.12, 2.51, 10.5]
[4.98, -102.3, 3.65, 40.75, 4.98, -100.6, 2.69, 25.71, 2.74, -91.64, 1.11, 30.48, 5.0, -99.88, 2.4, 10.37]
[4.97, -102.13, 3.54, 41.22, 4.99, -100.84, 2.8, 26.01, 3.52, -92.39, 1.13, 30.06, 4.99, -99.6, 2.29, 10.23]
[5.0, -101.99, 3.43, 41.69, 4.97, -101.06, 2.91, 26.3, 4.28, -93.13, 1.16, 29.64, 4.99, -99.32, 2.19, 10.1]
[4.98, -101.8, 3.33, 42.15, 4.98, -101.29, 3.03, 26.61, 4.97, -93.8, 1.19, 29.22, 4.98, -99.03, 2.1, 9.98]
[4.99, -101.64, 3.22, 42.61, 4.98, -101.51, 3.15, 26.92, 4.98, -94.01, 1.2, 28.8, 4.98, -98.74, 2.0, 9.85]
[4.99, -101.46, 3.12, 43.06, 4.99, -101.73, 3.28, 27.24, 4.99, -94.2, 1.21, 28.37, 4.98, -98.44, 1.92, 9.73]
[4.99, -101.27, 3.02, 43.5, 4.99, -101.94, 3.41, 27.56, 4.98, -94.38, 1.22, 27.93, 4.97, -98.14, 1.84, 9.61]
[4.97, -101.08, 2.92, 43.93, 4.98, -102.14, 3.54, 27.89, 4.97, -94.56, 1.23, 27.49, 4.97, -97.83, 1.76, 9.49]
[4.99, -100.9, 2.83, 44.36, 4.97, -102.34, 3.67, 28.22, 4.98, -94.75, 1.25, 27.05, 5.0, -97.54, 1.69, 9.38]
[4.96, -100.69, 2.74, 44.78, 5.0, -102.56, 3.81, 28.57, 4.99, -94.92, 1.26, 26.61, 4.99, -97.22, 1.62, 9.26]
[4.97, -100.49, 2.64, 45.19, 4.98, -102.74, 3.96, 28.92, 4.98, -95.09, 1.28, 26.16, 4.99, -96.9, 1.56, 9.15]
[4.97, -100.29, 2.55, 45.6, 4.96, -102.92, 4.1, 29.27, 4.97, -95.25, 1.3, 25.7, 4.98, -96.58, 1.5, 9.04]
[4.99, -100.11, 2.47, 46.0, 4.98, -103.11, 4.25, 29.64, 4.98, -95.42, 1.31, 25.25, 4.98, -96.24, 1.44, 8.94]
[4.98, -99.89, 2.38, 46.39, 4.98, -103.3, 4.4, 30.01, 4.98, -95.58, 1.33, 24.79, 4.97, -95.91, 1.4, 8.83]
[4.99, -99.68, 2.3, 46.78, 4.99, -103.48, 4.55, 30.39, 4.97, -95.74, 1.35, 24.32, 4.97, -95.57, 1.35, 8.73]
[4.97, -99.45, 2.22, 47.16, 4.99, -103.65, 4.71, 30.77, 4.99, -95.9, 1.37, 23.85, 5.0, -95.24, 1.31, 8.63]
[4.97, -99.23, 2.14, 47.54, 4.98, -103.81, 4.87, 31.17, 4.99, -96.06, 1.4, 23.38, 4.99, -94.89, 1.28, 8.53]
[4.97, -99.0, 2.07, 47.91, 4.97, -103.97, 5.03, 31.57, 4.99, -96.2, 1.42, 22.9, 4.98, -94.54, 1.25, 8.43]
[5.0, -98.79, 2.0, 48.27, 4.99, -104.14, 5.2, 31.98, 4.98, -96.34, 1.44, 22.42, 4.98, -94.17, 1.22, 8.33]
[4.98, -98.55, 1.93, 48.63, 5.0, -104.31, 5.36, 32.4, 4.99, -96.49, 1.46, 21.94, 4.97, -93.81, 1.2, 8.24]
[4.96, -98.3, 1.86, 48.98, 4.97, -104.44, 5.53, 32.83, 4.99, -96.62, 1.49, 21.45, 3.71, -92.56, 1.15, 8.14]
[4.98, -98.06, 1.79, 49.33, 4.97, -104.59, 5.71, 33.27, 4.98, -96.75, 1.51, 20.96, 2.31, -91.2, 1.12, 8.05]
[4.99, -97.82, 1.73, 49.67, 4.97, -104.73, 5.88, 33.72, 4.99, -96.89, 1.53, 20.46, 0.91, -89.82, 1.1, 7.96]
[4.99, -97.58, 1.67, 50.01, 4.99, -104.89, 6.06, 34.18, 5.0, -97.02, 1.56, 19.96, -0.49, -88.42, 1.09, 7.87]
[4.99, -97.32, 1.62, 50.34, 4.97, -105.01, 6.24, 34.65, 4.99, -97.14, 1.58, 19.46, -1.89, -87.0, 1.11, 7.79]
[4.98, -97.06, 1.57, 50.67, 4.99, -105.15, 6.42, 35.12, 4.97, -97.24, 1.6, 18.95, -3.3, -85.56, 1.14, 7.7]
[4.97, -96.79, 1.52, 50.99, 4.99, -105.28, 6.6, 35.61, 4.98, -97.37, 1.63, 18.44, -4.7, -84.1, 1.19, 7.62]
[4.99, -96.53, 1.47, 51.31, 4.99, -105.4, 6.79, 36.11, 4.97, -97.47, 1.65, 17.93, -6.12, -82.62, 1.26, 7.54]
[4.97, -96.25, 1.43, 51.62, 4.97, -105.51, 6.97, 36.62, 4.99, -97.6, 1.68, 17.41, -7.53, -81.12, 1.35, 7.45]
[4.99, -95.98, 1.39, 51.93, 4.99, -105.64, 7.16, 37.15, 4.99, -97.71, 1.7, 16.89, -8.96, -79.59, 1.45, 7.37]
[5.0, -95.71, 1.35, 52.24, 5.0, -105.76, 7.35, 37.68, 4.99, -97.81, 1.73, 16.37, -10.39, -78.04, 1.57, 7.29]
[4.96, -95.4, 1.31, 52.53, 5.0, -105.87, 7.54, 38.23, 4.97, -97.9, 1.75, 15.84, -11.83, -76.45, 1.72, 7.22]
[4.97, -95.11, 1.28, 52.83, 4.99, -105.97, 7.74, 38.78, 4.98, -98.0, 1.78, 15.31, -13.28, -74.84, 1.88, 7.14]
[5.0, -94.84, 1.26, 53.12, 4.97, -106.05, 7.93, 39.35, 4.97, -98.09, 1.8, 14.78, -14.74, -73.2, 2.06, 7.06]
[4.99, -94.54, 1.23, 53.41, 4.98, -106.16, 8.12, 39.94, 4.99, -98.19, 1.83, 14.24, -16.21, -71.52, 2.26, 6.99]
[4.98, -94.23, 1.21, 53.69, 4.98, -106.25, 8.32, 40.54, 4.99, -98.28, 1.85, 13.7, -17.7, -69.81, 2.49, 6.92]
[4.98, -94.23, 1.21, 53.69, 4.98, -106.25, 8.32, 40.54, 4.99, -98.28, 1.85, 13.7, -17.54, -70.49, 1.97, 7.3]
[4.98, -94.23, 1.21, 53.69, 4.98, -106.25, 8.32, 40.54, 4.99, -98.28, 1.85, 13.7, -17.39, -71.15, 1.46, 7.69]
[4.98, -94.23, 1.21, 53.69, 4.98, -106.25, 8.32, 40.54, 4.99, -98.28, 1.85, 13.7, -17.26, -71.78, 0.95, 8.08]
[4.98, -94.23, 1.21, 53.69, 4.98, -106.25, 8.32, 40.54, 4.99, -98.28, 1.85, 13.7, -17.16, -72.4, 0.45, 8.47]
[4.98, -94.23, 1.21, 53.69, 4.98, -106.25, 8.32, 40.54, 4.99, -98.28, 1.85, 13.7, -17.07, -72.99, -0.06, 8.85]
[4.98, -94.23, 1.21, 53.69, 4.98, -106.25, 8.32, 40.54, 4.99, -98.28, 1.85, 13.7, -16.99, -73.56, -0.56, 9.24]
[4.98, -94.23, 1.21, 53.69, 4.98, -106.25, 8.32, 40.54, 4.99, -98.28, 1.85, 13.7, -16.94, -74.12, -1.05, 9.63]
[4.98, -94.23, 1.21, 53.69, 4.98, -106.25, 8.32, 40.54, 4.99, -98.28, 1.85, 13.7, -16.9, -74.65, -1.55, 10.02]
[4.98, -94.23, 1.21, 53.69, 4.98, -106.25, 8.32, 40.54, 4.99, -98.28, 1.85, 13.7, -16.88, -75.16, -2.04, 10.41]
[4.98, -94.23, 1.21, 53.69, 4.98, -106.25, 8.32, 40.54, 4.99, -98.28, 1.85, 13.7, -16.88, -75.65, -2.53, 10.8]
[4.98, -94.23, 1.21, 53.69, 4.98, -106.25, 8.32, 40.54, 4.99, -98.28, 1.85, 13.7, -16.89, -76.12, -3.02, 11.19]
[4.98, -94.23, 1.21, 53.69, 4.98, -106.25, 8.32, 40.54, 4.99, -98.28, 1.85, 13.7, -16.92, -76.58, -3.5, 11.58]
[4.98, -94.23, 1.21, 53.69, 4.98, -106.25, 8.32, 40.54, 4.99, -98.28, 1.85, 13.7, -16.97, -77.01, -3.98, 11.97]
[4.98, -94.23, 1.21, 53.69, 4.98, -106.25, 8.32, 40.54, 4.99, -98.28, 1.85, 13.7, -17.04, -77.43, -4.46, 12.36]
[4.98, -94.23, 1.21, 53.69, 4.98, -106.25, 8.32, 40.54, 4.99, -98.28, 1.85, 13.7, -17.12, -77.82, -4.94, 12.75]
[4.98, -94.23, 1.21, 53.69, 4.98, -106.25, 8.32, 40.54, 4.99, -98.28, 1.85, 13.7, -17.22, -78.2, -5.42, 13.14]
[4.98, -94.23, 1.21, 53.69, 4.98, -106.25, 8.32, 40.54, 4.99, -98.28, 1.85, 13.7, -17.33, -78.56, -5.89, 13.53]
[4.98, -94.23, 1.21, 53.69, 4.98, -106.25, 8.32, 40.54, 4.99, -98.28, 1.85, 13.7, -17.47, -78.9, -6.36, 13.92]
[4.98, -94.23, 1.21, 53.69, 4.98, -106.25, 8.32, 40.54, 4.99, -98.28, 1.85, 13.7, -17.61, -79.22, -6.83, 14.31]
[4.98, -94.23, 1.21, 53.69, 4.98, -106.25, 8.32, 40.54, 4.99, -98.28, 1.85, 13.7, -17.78, -79.52, -7.3, 14.7]
[4.98, -94.23, 1.21, 53.69, 4.98, -106.25, 8.32, 40.54, 4.99, -98.28, 1.85, 13.7, -17.96, -79.8, -7.76, 15.09]
[4.98, -94.23, 1.21, 53.69, 4.98, -106.25, 8.32, 40.54, 4.99, -98.28, 1.85, 13.7, -18.16, -80.07, -8.23, 15.48]
[4.98, -94.23, 1.21, 53.69, 4.98, -106.25, 8.32, 40.54, 4.99, -98.28, 1.85, 13.7, -18.37, -80.32, -8.69, 15.86]
[4.98, -94.23, 1.21, 53.69, 4.98, -106.25, 8.32, 40.54, 4.99, -98.28, 1.85, 13.7, -18.6, -80.54, -9.14, 16.25]
[4.98, -94.23, 1.21, 53.69, 4.98, -106.25, 8.32, 40.54, 4.99, -98.28, 1.85, 13.7, -18.84, -80.75, -9.6, 16.64]
[4.98, -94.23, 1.21, 53.69, 4.98, -106.25, 8.32, 40.54, 4.99, -98.28, 1.85, 13.7, -19.1, -80.95, -10.05, 17.03]
[4.98, -94.23, 1.21, 53.69, 4.98, -106.25, 8.32, 40.54, 4.99, -98.28, 1.85, 13.7, -19.38, -81.12, -10.5, 17.42]
[4.98, -94.23, 1.21, 53.69, 4.98, -106.25, 8.32, 40.54, 4.99, -98.28, 1.85, 13.7, -19.67, -81.27, -10.95, 17.8]
[4.98, -94.23, 1.21, 53.69, 4.98, -106.25, 8.32, 40.54, 4.99, -98.28, 1.85, 13.7, -19.98, -81.41, -11.39, 18.19]
[4.98, -94.23, 1.21, 53.69, 4.98, -106.25, 8.32, 40.54, 4.99, -98.28, 1.85, 13.7, -20.3, -81.53, -11.83, 18.57]
[4.98, -94.23, 1.21, 53.69, 4.98, -106.25, 8.32, 40.54, 4.99, -98.28, 1.85, 13.7, -20.64, -81.63, -12.27, 18.96]
[4.98, -94.23, 1.21, 53.69, 4.98, -106.25, 8.32, 40.54, 4.99, -98.28, 1.85, 13.7, -20.99, -81.71, -12.7, 19.34]
[4.98, -94.23, 1.21, 53.69, 4.98, -106.25, 8.32, 40.54, 4.99, -98.28, 1.85, 13.7, -21.36, -81.77, -13.13, 19.73]
[4.98, -94.23, 1.21, 53.69, 4.98, -106.25, 8.32, 40.54, 4.99, -98.28, 1.85, 13.7, -21.74, -81.82, -13.56, 20.11]
[4.98, -94.23, 1.21, 53.69, 4.98, -106.25, 8.32, 40.54, 4.99, -98.28, 1.85, 13.7, -22.14, -81.85, -13.99, 20.49]
[4.98, -94.23, 1.21, 53.69, 4.98, -106.25, 8.32, 40.54, 4.99, -98.28, 1.85, 13.7, -22.55, -81.85, -14.41, 20.88]
[4.98, -94.23, 1.21, 53.69, 4.98, -106.25, 8.32, 40.54, 4.99, -98.28, 1.85, 13.7, -22.98, -81.85, -14.83, 21.26]
[4.98, -94.23, 1.21, 53.69, 4.98, -106.25, 8.32, 40.54, 4.99, -98.28, 1.85, 13.7, -23.42, -81.82, -15.24, 21.64]
[4.98, -94.23, 1.21, 53.69, 4.98, -106.25, 8.32, 40.54, 4.99, -98.28, 1.85, 13.7, -23.88, -81.77, -15.65, 22.02]
[4.98, -94.23, 1.21, 53.69, 4.98, -106.25, 8.32, 40.54, 4.99, -98.28, 1.85, 13.7, -24.35, -81.71, -16.05, 22.4]
[4.98, -94.23, 1.21, 53.69, 4.98, -106.25, 8.32, 40.54, 4.99, -98.28, 1.85, 13.7, -24.83, -81.62, -16.46, 22.77]
[4.98, -94.23, 1.21, 53.69, 4.98, -106.25, 8.32, 40.54, 4.99, -98.28, 1.85, 13.7, -25.33, -81.52, -16.85, 23.15]
[4.98, -94.23, 1.21, 53.69, 4.98, -106.25, 8.32, 40.54, 4.99, -98.28, 1.85, 13.7, -25.84, -81.4, -17.25, 23.53]
[4.98, -94.23, 1.21, 53.69, 4.98, -106.25, 8.32, 40.54, 4.99, -98.28, 1.85, 13.7, -26.37, -81.27, -17.63, 23.9]
[4.98, -94.23, 1.21, 53.69, 4.98, -106.25, 8.32, 40.54, 4.99, -98.28, 1.85, 13.7, -26.91, -81.11, -18.02, 24.28]
[4.98, -94.23, 1.21, 53.69, 4.98, -106.25, 8.32, 40.54, 4.99, -98.28, 1.85, 13.7, -27.46, -80.93, -18.39, 24.65]
[4.98, -94.23, 1.21, 53.69, 4.98, -106.25, 8.32, 40.54, 4.99, -98.28, 1.85, 13.7, -28.03, -80.74, -18.77, 25.02]
[4.98, -94.23, 1.21, 53.69, 4.98, -106.25, 8.32, 40.54, 4.99, -98.28, 1.85, 13.7, -28.61, -80.53, -19.13, 25.39]
[4.98, -94.23, 1.21, 53.69, 4.98, -106.25, 8.32, 40.54, 4.99, -98.28, 1.85, 13.7, -29.2, -80.3, -19.5, 25.76]
[4.98, -94.23, 1.21, 53.69, 4.98, -106.25, 8.32, 40.54, 4.99, -98.28, 1.85, 13.7, -29.8, -80.05, -19.85, 26.13]
[4.98, -94.23, 1.21, 53.69, 4.98, -106.25, 8.32, 40.54, 4.99, -98.28, 1.85, 13.7, -30.42, -79.78, -20.2, 26.5]
[4.98, -94.23, 1.21, 53.69, 4.98, -106.25, 8.32, 40.54, 4.99, -98.28, 1.85, 13.7, -31.06, -79.49, -20.55, 26.86]
[4.98, -94.23, 1.21, 53.69, 4.98, -106.25, 8.32, 40.54, 4.99, -98.28, 1.85, 13.7, -31.7, -79.19, -20.89, 27.23]
[4.98, -94.23, 1.21, 53.69, 4.98, -106.25, 8.32, 40.54, 4.99, -98.28, 1.85, 13.7, -32.36, -78.86, -21.22, 27.59]
[4.98, -94.23, 1.21, 53.69, 4.98, -106.25, 8.32, 40.54, 4.99, -98.28, 1.85, 13.7, -33.03, -78.52, -21.54, 27.96]
[4.98, -94.23, 1.21, 53.69, 4.98, -106.25, 8.32, 40.54, 4.99, -98.28, 1.85, 13.7, -33.71, -78.15, -21.86, 28.32]
[4.98, -94.23, 1.21, 53.69, 4.98, -106.25, 8.32, 40.54, 4.99, -98.28, 1.85, 13.7, -34.4, -77.77, -22.17, 28.68]
[4.98, -94.23, 1.21, 53.69, 4.98, -106.25, 8.32, 40.54, 4.99, -98.28, 1.85, 13.7, -35.11, -77.37, -22.48, 29.04]
[4.98, -94.23, 1.21, 53.69, 4.98, -106.25, 8.32, 40.54, 4.99, -98.28, 1.85, 13.7, -35.83, -76.94, -22.77, 29.39]
[4.98, -94.23, 1.21, 53.69, 4.98, -106.25, 8.32, 40.54, 4.99, -98.28, 1.85, 13.7, -36.56, -76.5, -23.06, 29.75]
[4.98, -94.23, 1.21, 53.69, 4.98, -106.25, 8.32, 40.54, 4.99, -98.28, 1.85, 13.7, -37.3, -76.04, -23.35, 30.1]
[4.98, -94.23, 1.21, 53.69, 4.98, -106.25, 8.32, 40.54, 4.99, -98.28, 1.85, 13.7, -38.06, -75.56, -23.62, 30.46]
[4.98, -94.23, 1.21, 53.69, 4.98, -106.25, 8.32, 40.54, 4.99, -98.28, 1.85, 13.7, -38.83, -75.06, -23.89, 30.81]
[4.98, -94.23, 1.21, 53.69, 4.98, -106.25, 8.32, 40.54, 4.99, -98.28, 1.85, 13.7, -39.61, -74.53, -24.14, 31.16]
[4.98, -94.23, 1.21, 53.69, 4.98, -106.25, 8.32, 40.54, 4.99, -98.28, 1.85, 13.7, -40.4, -73.99, -24.39, 31.51]
[4.98, -94.23, 1.21, 53.69, 4.98, -106.25, 8.32, 40.54, 4.99, -98.28, 1.85, 13.7, -41.21, -73.43, -24.63, 31.86]
[4.98, -94.23, 1.21, 53.69, 4.98, -106.25, 8.32, 40.54, 4.99, -98.28, 1.85, 13.7, -42.02, -72.84, -24.86, 32.2]
[4.98, -94.24, 1.21, 53.69, 4.97, -106.25, 8.32, 40.51, 4.99, -98.28, 1.85, 13.71, -42.02, -72.85, -24.87, 32.21]
[4.98, -94.24, 1.21, 53.69, 4.97, -106.25, 8.32, 40.51, 4.99, -98.28, 1.85, 13.71, -41.55, -72.89, -24.44, 32.21]
[4.98, -94.24, 1.21, 53.69, 4.97, -106.25, 8.32, 40.51, 4.99, -98.28, 1.85, 13.71, -41.1, -72.91, -24.01, 32.21]
[4.98, -94.24, 1.21, 53.69, 4.97, -106.25, 8.32, 40.51, 4.99, -98.28, 1.85, 13.71, -40.65, -72.93, -23.58, 32.21]
[4.98, -94.24, 1.21, 53.69, 4.97, -106.25, 8.32, 40.51, 4.99, -98.28, 1.85, 13.71, -40.21, -72.94, -23.14, 32.21]
[4.98, -94.24, 1.21, 53.69, 4.97, -106.25, 8.32, 40.51, 4.99, -98.28, 1.85, 13.71, -39.78, -72.93, -22.71, 32.21]
[4.98, -94.24, 1.21, 53.69, 4.97, -106.25, 8.32, 40.51, 4.99, -98.28, 1.85, 13.71, -39.35, -72.91, -22.27, 32.21]
[4.98, -94.24, 1.21, 53.69, 4.97, -106.25, 8.32, 40.51, 4.99, -98.28, 1.85, 13.71, -38.94, -72.89, -21.82, 32.21]
[4.98, -94.24, 1.21, 53.69, 4.97, -106.25, 8.32, 40.51, 4.99, -98.28, 1.85, 13.71, -38.53, -72.85, -21.38, 32.21]
[4.98, -94.24, 1.21, 53.69, 4.97, -106.25, 8.32, 40.51, 4.99, -98.28, 1.85, 13.71, -38.13, -72.8, -20.93, 32.21]
[4.98, -94.24, 1.21, 53.69, 4.97, -106.25, 8.32, 40.51, 4.99, -98.28, 1.85, 13.71, -37.73, -72.75, -20.48, 32.21]
[4.98, -94.24, 1.21, 53.69, 4.97, -106.25, 8.32, 40.51, 4.99, -98.28, 1.85, 13.71, -37.35, -72.68, -20.03, 32.21]
[4.98, -94.24, 1.21, 53.69, 4.97, -106.25, 8.32, 40.51, 4.99, -98.28, 1.85, 13.71, -36.97, -72.6, -19.57, 32.21]
[4.98, -94.24, 1.21, 53.69, 4.97, -106.25, 8.32, 40.51, 4.99, -98.28, 1.85, 13.71, -36.6, -72.51, -19.11, 32.21]
[4.98, -94.24, 1.21, 53.69, 4.97, -106.25, 8.32, 40.51, 4.99, -98.28, 1.85, 13.71, -36.24, -72.41, -18.65, 32.21]
[4.98, -94.24, 1.21, 53.69, 4.97, -106.25, 8.32, 40.51, 4.99, -98.28, 1.85, 13.71, -35.89, -72.3, -18.19, 32.21]
[4.98, -94.24, 1.21, 53.69, 4.97, -106.25, 8.32, 40.51, 4.99, -98.28, 1.85, 13.71, -35.55, -72.18, -17.73, 32.21]
[4.98, -94.24, 1.21, 53.69, 4.97, -106.25, 8.32, 40.51, 4.99, -98.28, 1.85, 13.71, -35.21, -72.04, -17.26, 32.21]
[4.98, -94.24, 1.21, 53.69, 4.97, -106.25, 8.32, 40.51, 4.99, -98.28, 1.85, 13.71, -34.89, -71.9, -16.79, 32.21]
[4.98, -94.24, 1.21, 53.69, 4.97, -106.25, 8.32, 40.51, 4.99, -98.28, 1.85, 13.71, -34.57, -71.75, -16.32, 32.21]
[4.98, -94.24, 1.21, 53.69, 4.97, -106.25, 8.32, 40.51, 4.99, -98.28, 1.85, 13.71, -34.26, -71.58, -15.84, 32.21]
[4.98, -94.24, 1.21, 53.69, 4.97, -106.25, 8.32, 40.51, 4.99, -98.28, 1.85, 13.71, -33.96, -71.41, -15.37, 32.21]
[4.98, -94.24, 1.21, 53.69, 4.97, -106.25, 8.32, 40.51, 4.99, -98.28, 1.85, 13.71, -33.67, -71.22, -14.89, 32.21]
[4.98, -94.24, 1.21, 53.69, 4.97, -106.25, 8.32, 40.51, 4.99, -98.28, 1.85, 13.71, -33.38, -71.02, -14.41, 32.21]
[4.98, -94.24, 1.21, 53.69, 4.97, -106.25, 8.32, 40.51, 4.99, -98.28, 1.85, 13.71, -33.11, -70.82, -13.92, 32.21]
[4.98, -94.24, 1.21, 53.69, 4.97, -106.25, 8.32, 40.51, 4.99, -98.28, 1.85, 13.71, -32.84, -70.6, -13.44, 32.21]
[4.98, -94.24, 1.21, 53.69, 4.97, -106.25, 8.32, 40.51, 4.99, -98.28, 1.85, 13.71, -32.58, -70.37, -12.95, 32.21]
[4.98, -94.24, 1.21, 53.69, 4.97, -106.25, 8.32, 40.51, 4.99, -98.28, 1.85, 13.71, -32.34, -70.13, -12.46, 32.21]
[4.98, -94.24, 1.21, 53.69, 4.97, -106.25, 8.32, 40.51, 4.99, -98.28, 1.85, 13.71, -32.1, -69.87, -11.97, 32.21]
[4.98, -94.24, 1.21, 53.69, 4.97, -106.25, 8.32, 40.51, 4.99, -98.28, 1.85, 13.71, -31.87, -69.61, -11.48, 32.21]
[4.98, -94.24, 1.21, 53.69, 4.97, -106.25, 8.32, 40.51, 4.99, -98.28, 1.85, 13.71, -31.65, -69.33, -10.98, 32.21]
[4.98, -94.24, 1.21, 53.69, 4.97, -106.25, 8.32, 40.51, 4.99, -98.28, 1.85, 13.71, -31.44, -69.05, -10.48, 32.21]
[4.98, -94.24, 1.21, 53.69, 4.97, -106.25, 8.32, 40.51, 4.99, -98.28, 1.85, 13.71, -31.23, -68.75, -9.98, 32.21]
[4.98, -94.24, 1.21, 53.69, 4.97, -106.25, 8.32, 40.51, 4.99, -98.28, 1.85, 13.71, -31.04, -68.44, -9.48, 32.21]
[4.98, -94.24, 1.21, 53.69, 4.97, -106.25, 8.32, 40.51, 4.99, -98.28, 1.85, 13.71, -30.86, -68.12, -8.98, 32.21]
[4.98, -94.24, 1.21, 53.69, 4.97, -106.25, 8.32, 40.51, 4.99, -98.28, 1.85, 13.71, -30.68, -67.79, -8.47, 32.21]
[4.98, -94.24, 1.21, 53.69, 4.97, -106.25, 8.32, 40.51, 4.99, -98.28, 1.85, 13.71, -30.52, -67.45, -7.97, 32.21]
[4.98, -94.24, 1.21, 53.69, 4.97, -106.25, 8.32, 40.51, 4.99, -98.28, 1.85, 13.71, -30.37, -67.09, -7.46, 32.21]
[4.98, -94.24, 1.21, 53.69, 4.97, -106.25, 8.32, 40.51, 4.99, -98.28, 1.85, 13.71, -30.22, -66.72, -6.94, 32.21]
[4.98, -94.24, 1.21, 53.69, 4.97, -106.25, 8.32, 40.51, 4.99, -98.28, 1.85, 13.71, -30.09, -66.34, -6.43, 32.21]
[4.98, -94.24, 1.21, 53.69, 4.97, -106.25, 8.32, 40.51, 4.99, -98.28, 1.85, 13.71, -29.96, -65.95, -5.91, 32.21]
[4.98, -94.24, 1.21, 53.69, 4.97, -106.25, 8.32, 40.51, 4.99, -98.28, 1.85, 13.71, -29.85, -65.55, -5.39, 32.21]
[4.98, -94.24, 1.21, 53.69, 4.97, -106.25, 8.32, 40.51, 4.99, -98.28, 1.85, 13.71, -29.74, -65.13, -4.87, 32.21]
[4.98, -94.24, 1.21, 53.69, 4.97, -106.25, 8.32, 40.51, 4.99, -98.28, 1.85, 13.71, -29.65, -64.7, -4.35, 32.21]
[4.98, -94.24, 1.21, 53.69, 4.97, -106.25, 8.32, 40.51, 4.99, -98.28, 1.85, 13.71, -29.56, -64.26, -3.82, 32.21]
[4.98, -94.24, 1.21, 53.69, 4.97, -106.25, 8.32, 40.51, 4.99, -98.28, 1.85, 13.71, -29.49, -63.8, -3.29, 32.21]
[4.98, -94.24, 1.21, 53.69, 4.97, -106.25, 8.32, 40.51, 4.99, -98.28, 1.85, 13.71, -29.43, -63.34, -2.76, 32.21]
[4.98, -94.24, 1.21, 53.69, 4.97, -106.25, 8.32, 40.51, 4.99, -98.28, 1.85, 13.71, -29.38, -62.85, -2.23, 32.21]
[4.98, -94.24, 1.21, 53.69, 4.97, -106.25, 8.32, 40.51, 4.99, -98.28, 1.85, 13.71, -29.34, -62.36, -1.7, 32.21]
[4.98, -94.24, 1.21, 53.69, 4.97, -106.25, 8.32, 40.51, 4.99, -98.28, 1.85, 13.71, -29.31, -61.85, -1.16, 32.21]
[4.98, -94.24, 1.21, 53.69, 4.97, -106.25, 8.32, 40.51, 4.99, -98.28, 1.85, 13.71, -29.29, -61.33, -0.62, 32.21]
[4.98, -94.24, 1.21, 53.69, 4.97, -106.25, 8.32, 40.51, 4.99, -98.28, 1.85, 13.71, -29.28, -60.79, -0.07, 32.21]
[4.98, -94.24, 1.21, 53.69, 4.97, -106.25, 8.32, 40.51, 4.99, -98.28, 1.85, 13.71, -29.28, -60.24, 0.47, 32.21]
[4.98, -94.24, 1.21, 53.69, 4.97, -106.25, 8.32, 40.51, 4.99, -98.28, 1.85, 13.71, -29.3, -59.68, 1.02, 32.21]
[4.98, -94.24, 1.21, 53.69, 4.97, -106.25, 8.32, 40.51, 4.99, -98.28, 1.85, 13.71, -29.33, -59.09, 1.58, 32.21]
[4.98, -94.24, 1.21, 53.69, 4.97, -106.25, 8.32, 40.51, 4.99, -98.28, 1.85, 13.71, -29.37, -58.5, 2.13, 32.21]
[4.98, -94.24, 1.21, 53.69, 4.97, -106.25, 8.32, 40.51, 4.99, -98.28, 1.85, 13.71, -29.42, -57.89, 2.69, 32.21]
[4.98, -94.24, 1.21, 53.69, 4.97, -106.25, 8.32, 40.51, 4.99, -98.28, 1.85, 13.71, -29.49, -57.26, 3.26, 32.21]
[4.98, -94.24, 1.21, 53.69, 4.97, -106.25, 8.32, 40.51, 4.99, -98.28, 1.85, 13.71, -29.56, -56.61, 3.82, 32.21]
[4.98, -94.24, 1.21, 53.69, 4.97, -106.25, 8.32, 40.51, 4.99, -98.28, 1.85, 13.71, -29.66, -55.95, 4.39, 32.21]
[4.98, -94.24, 1.21, 53.69, 4.97, -106.25, 8.32, 40.51, 4.99, -98.28, 1.85, 13.71, -29.76, -55.27, 4.97, 32.21]
[4.97, -94.37, 1.22, 53.34, 4.97, -106.15, 8.12, 40.33, 4.99, -98.32, 1.86, 14.15, -28.42, -56.95, 4.63, 32.26]
[4.99, -94.52, 1.23, 52.98, 4.96, -106.04, 7.91, 40.15, 4.98, -98.36, 1.87, 14.59, -27.1, -58.59, 4.31, 32.3]
[4.97, -94.64, 1.24, 52.63, 4.99, -105.96, 7.72, 39.97, 5.0, -98.41, 1.88, 15.03, -25.8, -60.19, 4.01, 32.34]
[4.97, -94.77, 1.25, 52.27, 4.99, -105.85, 7.52, 39.8, 4.97, -98.43, 1.9, 15.47, -24.52, -61.75, 3.73, 32.38]
[4.98, -94.9, 1.26, 51.91, 4.98, -105.73, 7.33, 39.63, 4.97, -98.47, 1.91, 15.92, -23.26, -63.27, 3.47, 32.43]
[4.97, -95.03, 1.27, 51.55, 4.97, -105.61, 7.14, 39.46, 5.0, -98.53, 1.92, 16.36, -22.02, -64.76, 3.22, 32.47]
[5.0, -95.17, 1.29, 51.18, 4.99, -105.51, 6.95, 39.3, 4.98, -98.55, 1.93, 16.81, -20.79, -66.22, 2.99, 32.52]
[4.98, -95.28, 1.3, 50.81, 4.98, -105.39, 6.77, 39.14, 4.99, -98.59, 1.94, 17.25, -19.57, -67.65, 2.78, 32.56]
[4.99, -95.41, 1.31, 50.44, 4.97, -105.26, 6.59, 38.99, 4.99, -98.63, 1.95, 17.7, -18.37, -69.05, 2.58, 32.61]
[5.0, -95.53, 1.33, 50.07, 5.0, -105.15, 6.41, 38.84, 4.99, -98.65, 1.96, 18.15, -17.18, -70.43, 2.39, 32.65]
[5.0, -95.65, 1.34, 49.7, 4.98, -105.01, 6.23, 38.69, 4.97, -98.67, 1.96, 18.6, -16.0, -71.79, 2.22, 32.7]
[4.99, -95.75, 1.35, 49.32, 4.97, -104.87, 6.06, 38.54, 4.98, -98.7, 1.97, 19.05, -14.82, -73.12, 2.06, 32.75]
[4.97, -95.85, 1.37, 48.94, 4.99, -104.75, 5.89, 38.4, 4.98, -98.73, 1.98, 19.5, -13.66, -74.43, 1.91, 32.79]
[4.99, -95.97, 1.38, 48.56, 4.98, -104.61, 5.72, 38.26, 4.98, -98.74, 1.98, 19.95, -12.5, -75.72, 1.77, 32.84]
[5.0, -96.09, 1.4, 48.17, 5.0, -104.48, 5.56, 38.13, 4.96, -98.75, 1.99, 20.4, -11.35, -77.0, 1.65, 32.89]
[5.0, -96.19, 1.41, 47.79, 4.98, -104.33, 5.4, 37.99, 4.98, -98.78, 2.0, 20.85, -10.21, -78.25, 1.54, 32.94]
[4.99, -96.29, 1.43, 47.4, 4.97, -104.17, 5.24, 37.86, 4.98, -98.8, 2.0, 21.31, -9.07, -79.49, 1.44, 32.99]
[4.98, -96.38, 1.45, 47.01, 4.99, -104.04, 5.08, 37.73, 4.98, -98.81, 2.01, 21.76, -7.93, -80.71, 1.36, 33.04]
[5.0, -96.49, 1.46, 46.62, 4.97, -103.87, 4.93, 37.61, 5.0, -98.84, 2.01, 22.21, -6.8, -81.92, 1.28, 33.09]
[4.97, -96.57, 1.48, 46.22, 4.99, -103.73, 4.78, 37.48, 4.98, -98.83, 2.01, 22.67, -5.68, -83.11, 1.22, 33.15]
[4.97, -96.67, 1.49, 45.83, 4.98, -103.56, 4.64, 37.36, 4.98, -98.85, 2.02, 23.12, -4.55, -84.28, 1.17, 33.2]
[4.97, -96.76, 1.51, 45.43, 5.0, -103.41, 4.49, 37.25, 4.98, -98.85, 2.02, 23.58, -3.43, -85.44, 1.13, 33.25]
[4.99, -96.86, 1.53, 45.03, 4.98, -103.24, 4.35, 37.13, 4.96, -98.85, 2.02, 24.03, -2.31, -86.59, 1.1, 33.31]
[4.97, -96.94, 1.54, 44.62, 5.0, -103.08, 4.21, 37.01, 4.98, -98.86, 2.02, 24.49, -1.19, -87.73, 1.08, 33.36]
[4.98, -97.03, 1.56, 44.22, 4.98, -102.9, 4.08, 36.9, 4.98, -98.86, 2.02, 24.94, -0.07, -88.85, 1.07, 33.42]
[4.98, -97.12, 1.58, 43.81, 5.0, -102.74, 3.95, 36.79, 4.98, -98.86, 2.02, 25.4, 1.04, -89.96, 1.08, 33.47]
[4.98, -97.2, 1.59, 43.4, 4.98, -102.55, 3.82, 36.68, 4.97, -98.85, 2.02, 25.85, 2.16, -91.06, 1.09, 33.53]
[4.97, -97.27, 1.61, 42.99, 4.96, -102.36, 3.69, 36.58, 4.98, -98.86, 2.02, 26.31, 3.28, -92.15, 1.12, 33.59]
[4.98, -97.35, 1.63, 42.58, 4.98, -102.19, 3.57, 36.47, 4.99, -98.85, 2.02, 26.76, 4.39, -93.23, 1.16, 33.65]
[4.99, -97.44, 1.64, 42.16, 4.96, -102.0, 3.45, 36.37, 4.99, -98.84, 2.01, 27.22, 5.0, -93.94, 1.19, 33.71]
[4.99, -97.51, 1.66, 41.75, 4.98, -101.82, 3.34, 36.27, 4.98, -98.83, 2.01, 27.67, 4.98, -94.22, 1.21, 33.77]
[4.98, -97.58, 1.68, 41.33, 4.97, -101.62, 3.22, 36.17, 4.99, -98.82, 2.01, 28.13, 4.99, -94.52, 1.23, 33.83]
[4.97, -97.64, 1.69, 40.91, 4.99, -101.44, 3.11, 36.07, 5.0, -98.82, 2.0, 28.58, 4.97, -94.78, 1.25, 33.89]
[4.98, -97.71, 1.71, 40.49, 4.97, -101.23, 3.0, 35.98, 5.0, -98.8, 2.0, 29.03, 4.99, -95.07, 1.28, 33.96]
[4.98, -97.78, 1.72, 40.06, 4.99, -101.04, 2.9, 35.88, 4.99, -98.77, 1.99, 29.49, 4.97, -95.33, 1.3, 34.02]
[4.98, -97.84, 1.74, 39.64, 4.97, -100.82, 2.8, 35.79, 4.97, -98.74, 1.99, 29.94, 4.99, -95.62, 1.34, 34.08]
[4.97, -97.9, 1.75, 39.21, 4.99, -100.63, 2.7, 35.7, 4.97, -98.72, 1.98, 30.39, 4.97, -95.87, 1.37, 34.15]
[4.99, -97.97, 1.77, 38.78, 4.97, -100.41, 2.6, 35.61, 4.97, -98.7, 1.97, 30.84, 4.98, -96.15, 1.41, 34.22]
[5.0, -98.03, 1.78, 38.35, 4.99, -100.21, 2.51, 35.52, 5.0, -98.69, 1.97, 31.29, 5.0, -96.43, 1.45, 34.28]
[5.0, -98.09, 1.8, 37.92, 4.97, -99.98, 2.42, 35.44, 4.98, -98.65, 1.96, 31.74, 4.98, -96.67, 1.49, 34.35]
[4.99, -98.14, 1.81, 37.49, 4.99, -99.78, 2.34, 35.35, 4.99, -98.63, 1.95, 32.19, 4.99, -96.94, 1.54, 34.42]
[4.97, -98.18, 1.82, 37.05, 4.98, -99.54, 2.25, 35.27, 4.99, -98.6, 1.94, 32.64, 4.97, -97.18, 1.59, 34.49]
[4.99, -98.24, 1.84, 36.62, 5.0, -99.33, 2.17, 35.18, 4.98, -98.56, 1.93, 33.08, 4.99, -97.44, 1.65, 34.56]
[4.99, -98.29, 1.85, 36.18, 4.98, -99.09, 2.1, 35.1, 4.96, -98.52, 1.92, 33.53, 4.97, -97.68, 1.7, 34.64]
[4.99, -98.33, 1.86, 35.74, 5.0, -98.88, 2.02, 35.02, 4.98, -98.49, 1.91, 33.97, 4.99, -97.93, 1.76, 34.71]
[4.97, -98.37, 1.88, 35.3, 4.98, -98.63, 1.95, 34.94, 4.98, -98.45, 1.9, 34.42, 4.96, -98.16, 1.82, 34.79]
[4.99, -98.42, 1.89, 34.86, 4.96, -98.38, 1.88, 34.87, 4.97, -98.4, 1.89, 34.86, 4.98, -98.41, 1.89, 34.86]
[4.99, -98.65, 1.96, 34.22, 4.98, -98.63, 1.95, 34.23, 4.99, -98.65, 1.96, 34.22, 4.99, -98.65, 1.96, 34.22]
[4.97, -98.84, 2.02, 33.53, 4.99, -98.84, 2.01, 33.55, 4.97, -98.84, 2.02, 33.53, 4.97, -98.84, 2.02, 33.53]
[5.0, -99.06, 2.08, 32.84, 4.98, -99.03, 2.07, 32.85, 5.0, -99.06, 2.08, 32.84, 5.0, -99.06, 2.08, 32.84]
[4.99, -99.21, 2.13, 32.11, 4.98, -99.19, 2.13, 32.12, 4.99, -99.21, 2.13, 32.11, 4.99, -99.21, 2.13, 32.11]
[4.99, -99.37, 2.19, 31.36, 4.98, -99.35, 2.18, 31.38, 4.99, -99.37, 2.19, 31.36, 4.99, -99.37, 2.19, 31.36]
[4.98, -99.5, 2.23, 30.62, 4.97, -99.47, 2.23, 30.64, 4.98, -99.5, 2.23, 30.62, 4.98, -99.5, 2.23, 30.62]
[4.99, -99.62, 2.28, 29.83, 4.98, -99.6, 2.27, 29.85, 4.99, -99.62, 2.28, 29.83, 4.99, -99.62, 2.28, 29.83]
[4.98, -99.71, 2.31, 29.05, 4.97, -99.68, 2.31, 29.06, 4.98, -99.71, 2.31, 29.05, 4.98, -99.71, 2.31, 29.05]
[4.98, -99.79, 2.35, 28.26, 4.97, -99.77, 2.34, 28.27, 4.98, -99.79, 2.35, 28.26, 4.98, -99.79, 2.35, 28.26]
[4.97, -99.84, 2.37, 27.44, 5.0, -99.85, 2.36, 27.45, 4.97, -99.84, 2.37, 27.44, 4.97, -99.84, 2.37, 27.44]
[4.96, -99.89, 2.39, 26.61, 4.99, -99.89, 2.38, 26.63, 4.96, -99.89, 2.39, 26.61, 4.96, -99.89, 2.39, 26.61]
[4.98, -99.92, 2.4, 25.79, 4.97, -99.9, 2.39, 25.81, 4.98, -99.92, 2.4, 25.79, 4.98, -99.92, 2.4, 25.79]
[5.0, -99.95, 2.4, 24.98, 4.99, -99.93, 2.4, 25.0, 5.0, -99.95, 2.4, 24.98, 5.0, -99.95, 2.4, 24.98]