[2.86, -98.48, 2.38, 0.0, 2.86, -98.48, 2.38, 0.0, 2.86, -98.48, 2.38, 0.0, 2.86, -98.48, 2.38, 0.0]
[5.0, -99.76, 2.35, 0.16, 4.99, -100.05, 2.47, 0.46, 4.97, -100.17, 2.53, -0.17, 4.97, -99.88, 2.41, -0.46]
[4.99, -99.54, 2.27, 0.32, 5.0, -100.13, 2.5, 0.93, 4.97, -100.38, 2.62, -0.33, 4.97, -99.8, 2.38, -0.92]
[4.98, -99.31, 2.19, 0.48, 4.97, -100.18, 2.53, 1.39, 4.97, -100.59, 2.71, -0.5, 4.99, -99.74, 2.35, -1.37]
[4.98, -99.08, 2.12, 0.64, 5.0, -100.27, 2.56, 1.86, 4.97, -100.8, 2.81, -0.68, 4.97, -99.64, 2.31, -1.82]
[4.97, -98.85, 2.04, 0.79, 4.99, -100.33, 2.59, 2.33, 4.98, -101.0, 2.91, -0.85, 4.98, -99.56, 2.28, -2.27]
[5.0, -98.64, 1.97, 0.94, 5.0, -100.4, 2.62, 2.81, 4.98, -101.19, 3.01, -1.03, 4.98, -99.47, 2.25, -2.71]
[4.99, -98.4, 1.9, 1.09, 4.97, -100.44, 2.65, 3.29, 4.97, -101.39, 3.12, -1.22, 4.97, -99.37, 2.22, -3.16]
[4.98, -98.15, 1.84, 1.23, 5.0, -100.52, 2.67, 3.77, 4.97, -101.58, 3.22, -1.4, 4.99, -99.29, 2.18, -3.6]
[4.97, -97.91, 1.78, 1.38, 4.98, -100.57, 2.7, 4.25, 4.97, -101.76, 3.34, -1.59, 4.96, -99.18, 2.15, -4.03]
[5.0, -97.68, 1.72, 1.52, 5.0, -100.64, 2.73, 4.73, 4.96, -101.95, 3.45, -1.78, 4.97, -99.09, 2.12, -4.47]
[4.99, -97.42, 1.66, 1.66, 5.0, -100.7, 2.75, 5.22, 5.0, -102.15, 3.57, -1.98, 5.0, -99.01, 2.09, -4.9]
[4.98, -97.17, 1.61, 1.79, 4.99, -100.74, 2.78, 5.7, 4.99, -102.32, 3.69, -2.18, 4.99, -98.9, 2.06, -5.33]
[4.96, -96.9, 1.56, 1.93, 4.98, -100.78, 2.8, 6.19, 4.98, -102.49, 3.81, -2.38, 4.97, -98.78, 2.02, -5.75]
[4.99, -96.66, 1.51, 2.06, 4.99, -100.84, 2.83, 6.69, 4.97, -102.66, 3.93, -2.59, 4.97, -98.68, 1.99, -6.18]
[4.97, -96.4, 1.47, 2.19, 4.99, -100.89, 2.85, 7.18, 4.96, -102.82, 4.06, -2.8, 4.98, -98.58, 1.96, -6.59]
[5.0, -96.15, 1.43, 2.32, 4.98, -100.93, 2.87, 7.68, 4.99, -103.01, 4.19, -3.01, 4.97, -98.46, 1.93, -7.01]
[4.98, -95.87, 1.39, 2.45, 5.0, -100.98, 2.89, 8.17, 4.98, -103.16, 4.32, -3.23, 4.99, -98.37, 1.9, -7.42]
[4.97, -95.59, 1.35, 2.58, 4.97, -101.0, 2.91, 8.67, 5.0, -103.34, 4.46, -3.45, 4.97, -98.24, 1.86, -7.83]
[4.99, -95.34, 1.32, 2.7, 4.96, -101.04, 2.93, 9.17, 4.98, -103.49, 4.6, -3.67, 4.98, -98.12, 1.83, -8.24]
[4.97, -95.05, 1.29, 2.82, 4.99, -101.09, 2.95, 9.68, 4.97, -103.63, 4.74, -3.9, 4.98, -98.01, 1.8, -8.65]
[4.99, -94.78, 1.27, 2.94, 4.97, -101.11, 2.97, 10.18, 4.98, -103.79, 4.88, -4.14, 4.97, -97.88, 1.77, -9.05]
[4.97, -94.49, 1.25, 3.06, 4.97, -101.15, 2.99, 10.69, 4.96, -103.93, 5.03, -4.38, 4.99, -97.77, 1.74, -9.45]
[4.99, -94.22, 1.23, 3.18, 5.0, -101.2, 3.01, 11.2, 4.98, -104.08, 5.18, -4.62, 4.97, -97.63, 1.71, -9.84]
[4.98, -93.92, 1.21, 3.3, 4.98, -101.22, 3.02, 11.7, 4.99, -104.23, 5.33, -4.87, 4.98, -97.51, 1.68, -10.23]
[4.41, -93.23, 1.18, 3.41, 4.99, -101.25, 3.04, 12.21, 4.97, -104.36, 5.48, -5.12, 4.98, -97.38, 1.65, -10.62]
[3.28, -92.15, 1.14, 3.52, 4.99, -101.28, 3.05, 12.72, 4.97, -104.5, 5.64, -5.38, 4.98, -97.24, 1.62, -11.01]
[2.16, -91.05, 1.11, 3.63, 4.98, -101.3, 3.06, 13.24, 4.98, -104.64, 5.79, -5.64, 4.97, -97.1, 1.6, -11.39]
[1.04, -89.95, 1.1, 3.74, 5.0, -101.33, 3.08, 13.75, 4.99, -104.77, 5.96, -5.91, 4.99, -96.98, 1.57, -11.77]
[-0.08, -88.83, 1.09, 3.85, 4.96, -101.33, 3.09, 14.26, 4.99, -104.9, 6.12, -6.18, 5.0, -96.84, 1.54, -12.15]
[-1.2, -87.7, 1.1, 3.96, 4.99, -101.37, 3.1, 14.78, 4.99, -105.02, 6.28, -6.46, 4.97, -96.68, 1.52, -12.52]
[-2.32, -86.56, 1.12, 4.06, 4.98, -101.37, 3.11, 15.29, 4.99, -105.14, 6.45, -6.74, 4.97, -96.53, 1.49, -12.89]
[-3.45, -85.41, 1.14, 4.17, 4.99, -101.39, 3.11, 15.81, 4.98, -105.26, 6.62, -7.03, 5.0, -96.41, 1.47, -13.26]
[-4.58, -84.24, 1.19, 4.27, 4.99, -101.4, 3.12, 16.33, 4.97, -105.37, 6.79, -7.33, 4.98, -96.25, 1.44, -13.62]
[-5.71, -83.06, 1.24, 4.37, 4.97, -101.41, 3.13, 16.85, 5.0, -105.5, 6.97, -7.63, 4.96, -96.08, 1.42, -13.99]
[-6.84, -81.86, 1.3, 4.47, 4.99, -101.43, 3.13, 17.36, 4.99, -105.6, 7.15, -7.94, 4.98, -95.94, 1.4, -14.34]
[-7.98, -80.65, 1.38, 4.57, 4.99, -101.44, 3.14, 17.88, 4.97, -105.7, 7.32, -8.25, 4.98, -95.78, 1.38, -14.7]
[-9.12, -79.42, 1.46, 4.67, 4.99, -101.44, 3.14, 18.4, 4.99, -105.81, 7.51, -8.57, 4.98, -95.62, 1.36, -15.05]
[-10.27, -78.17, 1.56, 4.76, 4.97, -101.43, 3.14, 18.92, 4.97, -105.9, 7.69, -8.9, 4.98, -95.46, 1.34, -15.4]
[-11.42, -76.9, 1.68, 4.86, 4.98, -101.44, 3.14, 19.44, 4.98, -106.0, 7.87, -9.24, 4.96, -95.28, 1.32, -15.75]
[-12.58, -75.62, 1.8, 4.95, 4.98, -101.43, 3.14, 19.96, 4.98, -106.1, 8.06, -9.58, 4.98, -95.13, 1.3, -16.09]
[-13.75, -74.32, 1.94, 5.04, 4.96, -101.42, 3.14, 20.48, 4.99, -106.2, 8.25, -9.93, 5.0, -94.97, 1.29, -16.43]
[-14.92, -72.99, 2.09, 5.14, 4.98, -101.43, 3.14, 20.99, 4.99, -106.29, 8.44, -10.29, 4.97, -94.78, 1.27, -16.77]
[-16.11, -71.65, 2.25, 5.23, 4.98, -101.42, 3.13, 21.51, 4.98, -106.37, 8.63, -10.65, 4.97, -94.6, 1.25, -17.11]
[-17.3, -70.28, 2.43, 5.32, 4.97, -101.41, 3.13, 22.03, 4.98, -106.45, 8.83, -11.03, 4.97, -94.43, 1.24, -17.44]
[-18.5, -68.88, 2.62, 5.4, 4.99, -101.41, 3.13, 22.55, 4.96, -106.52, 9.02, -11.41, 5.0, -94.27, 1.23, -17.77]
[-19.72, -67.46, 2.82, 5.49, 5.0, -101.41, 3.12, 23.07, 4.98, -106.61, 9.22, -11.8, 4.98, -94.07, 1.22, -18.09]
[-20.95, -66.01, 3.04, 5.58, 4.99, -101.39, 3.11, 23.58, 4.96, -106.67, 9.42, -12.2, 5.0, -93.9, 1.21, -18.42]
[-22.19, -64.53, 3.28, 5.66, 4.98, -101.37, 3.1, 24.1, 4.98, -106.75, 9.62, -12.61, 4.68, -93.49, 1.19, -18.74]
[-21.92, -65.4, 2.68, 5.41, 4.98, -101.37, 3.1, 24.1, 4.98, -106.75, 9.62, -12.61, 4.68, -93.49, 1.19, -18.74]
[-21.66, -66.25, 2.08, 5.16, 4.98, -101.37, 3.1, 24.1, 4.98, -106.75, 9.62, -12.61, 4.68, -93.49, 1.19, -18.74]
[-21.43, -67.08, 1.49, 4.91, 4.98, -101.37, 3.1, 24.1, 4.98, -106.75, 9.62, -12.61, 4.68, -93.49, 1.19, -18.74]
[-21.21, -67.89, 0.9, 4.66, 4.98, -101.37, 3.1, 24.1, 4.98, -106.75, 9.62, -12.61, 4.68, -93.49, 1.19, -18.74]
[-21.0, -68.67, 0.32, 4.41, 4.98, -101.37, 3.1, 24.1, 4.98, -106.75, 9.62, -12.61, 4.68, -93.49, 1.19, -18.74]
[-20.82, -69.44, -0.26, 4.16, 4.98, -101.37, 3.1, 24.1, 4.98, -106.75, 9.62, -12.61, 4.68, -93.49, 1.19, -18.74]
[-20.65, -70.19, -0.84, 3.91, 4.98, -101.37, 3.1, 24.1, 4.98, -106.75, 9.62, -12.61, 4.68, -93.49, 1.19, -18.74]
[-20.49, -70.92, -1.41, 3.65, 4.98, -101.37, 3.1, 24.1, 4.98, -106.75, 9.62, -12.61, 4.68, -93.49, 1.19, -18.74]
[-20.35, -71.63, -1.98, 3.4, 4.98, -101.37, 3.1, 24.1, 4.98, -106.75, 9.62, -12.61, 4.68, -93.49, 1.19, -18.74]
[-20.23, -72.32, -2.55, 3.15, 4.98, -101.37, 3.1, 24.1, 4.98, -106.75, 9.62, -12.61, 4.68, -93.49, 1.19, -18.74]
[-20.12, -72.99, -3.11, 2.89, 4.98, -101.37, 3.1, 24.1, 4.98, -106.75, 9.62, -12.61, 4.68, -93.49, 1.19, -18.74]
[-20.03, -73.64, -3.68, 2.64, 4.98, -101.37, 3.1, 24.1, 4.98, -106.75, 9.62, -12.61, 4.68, -93.49, 1.19, -18.74]
[-19.95, -74.28, -4.24, 2.38, 4.98, -101.37, 3.1, 24.1, 4.98, -106.75, 9.62, -12.61, 4.68, -93.49, 1.19, -18.74]
[-19.89, -74.9, -4.8, 2.13, 4.98, -101.37, 3.1, 24.1, 4.98, -106.75, 9.62, -12.61, 4.68, -93.49, 1.19, -18.74]
[-19.85, -75.51, -5.35, 1.87, 4.98, -101.37, 3.1, 24.1, 4.98, -106.75, 9.62, -12.61, 4.68, -93.49, 1.19, -18.74]
[-19.81, -76.09, -5.91, 1.62, 4.98, -101.37, 3.1, 24.1, 4.98, -106.75, 9.62, -12.61, 4.68, -93.49, 1.19, -18.74]
[-19.79, -76.66, -6.46, 1.36, 4.98, -101.37, 3.1, 24.1, 4.98, -106.75, 9.62, -12.61, 4.68, -93.49, 1.19, -18.74]
[-19.79, -77.22, -7.01, 1.1, 4.98, -101.37, 3.1, 24.1, 4.98, -106.75, 9.62, -12.61, 4.68, -93.49, 1.19, -18.74]
[-19.8, -77.76, -7.56, 0.85, 4.98, -101.37, 3.1, 24.1, 4.98, -106.75, 9.62, -12.61, 4.68, -93.49, 1.19, -18.74]
[-19.82, -78.28, -8.1, 0.59, 4.98, -101.37, 3.1, 24.1, 4.98, -106.75, 9.62, -12.61, 4.68, -93.49, 1.19, -18.74]
[-19.86, -78.78, -8.65, 0.33, 4.98, -101.37, 3.1, 24.1, 4.98, -106.75, 9.62, -12.61, 4.68, -93.49, 1.19, -18.74]
[-19.92, -79.27, -9.19, 0.07, 4.98, -101.37, 3.1, 24.1, 4.98, -106.75, 9.62, -12.61, 4.68, -93.49, 1.19, -18.74]
[-19.98, -79.75, -9.73, -0.18, 4.98, -101.37, 3.1, 24.1, 4.98, -106.75, 9.62, -12.61, 4.68, -93.49, 1.19, -18.74]
[-20.06, -80.21, -10.27, -0.44, 4.98, -101.37, 3.1, 24.1, 4.98, -106.75, 9.62, -12.61, 4.68, -93.49, 1.19, -18.74]
[-20.16, -80.65, -10.81, -0.7, 4.98, -101.37, 3.1, 24.1, 4.98, -106.75, 9.62, -12.61, 4.68, -93.49, 1.19, -18.74]
[-20.27, -81.08, -11.35, -0.96, 4.98, -101.37, 3.1, 24.1, 4.98, -106.75, 9.62, -12.61, 4.68, -93.49, 1.19, -18.74]
[-20.39, -81.49, -11.88, -1.22, 4.98, -101.37, 3.1, 24.1, 4.98, -106.75, 9.62, -12.61, 4.68, -93.49, 1.19, -18.74]
[-20.52, -81.89, -12.41, -1.48, 4.98, -101.37, 3.1, 24.1, 4.98, -106.75, 9.62, -12.61, 4.68, -93.49, 1.19, -18.74]
[-20.67, -82.27, -12.95, -1.74, 4.98, -101.37, 3.1, 24.1, 4.98, -106.75, 9.62, -12.61, 4.68, -93.49, 1.19, -18.74]
[-20.84, -82.64, -13.48, -2.0, 4.98, -101.37, 3.1, 24.1, 4.98, -106.75, 9.62, -12.61, 4.68, -93.49, 1.19, -18.74]
[-21.01, -82.99, -14.0, -2.26, 4.98, -101.37, 3.1, 24.1, 4.98, -106.75, 9.62, -12.61, 4.68, -93.49, 1.19, -18.74]
[-21.2, -83.33, -14.53, -2.52, 4.98, -101.37, 3.1, 24.1, 4.98, -106.75, 9.62, -12.61, 4.68, -93.49, 1.19, -18.74]
[-21.4, -83.65, -15.06, -2.78, 4.98, -101.37, 3.1, 24.1, 4.98, -106.75, 9.62, -12.61, 4.68, -93.49, 1.19, -18.74]
[-21.62, -83.96, -15.58, -3.04, 4.98, -101.37, 3.1, 24.1, 4.98, -106.75, 9.62, -12.61, 4.68, -93.49, 1.19, -18.74]
[-21.85, -84.25, -16.1, -3.3, 4.98, -101.37, 3.1, 24.1, 4.98, -106.75, 9.62, -12.61, 4.68, -93.49, 1.19, -18.74]
[-22.09, -84.53, -16.62, -3.57, 4.98, -101.37, 3.1, 24.1, 4.98, -106.75, 9.62, -12.61, 4.68, -93.49, 1.19, -18.74]
[-22.35, -84.79, -17.14, -3.83, 4.98, -101.37, 3.1, 24.1, 4.98, -106.75, 9.62, -12.61, 4.68, -93.49, 1.19, -18.74]
[-22.61, -85.04, -17.66, -4.09, 4.98, -101.37, 3.1, 24.1, 4.98, -106.75, 9.62, -12.61, 4.68, -93.49, 1.19, -18.74]
[-22.89, -85.28, -18.17, -4.35, 4.98, -101.37, 3.1, 24.1, 4.98, -106.75, 9.62, -12.61, 4.68, -93.49, 1.19, -18.74]
[-23.19, -85.5, -18.68, -4.61, 4.98, -101.37, 3.1, 24.1, 4.98, -106.75, 9.62, -12.61, 4.68, -93.49, 1.19, -18.74]
[-23.5, -85.7, -19.2, -4.87, 4.98, -101.37, 3.1, 24.1, 4.98, -106.75, 9.62, -12.61, 4.68, -93.49, 1.19, -18.74]
[-23.81, -85.89, -19.7, -5.14, 4.98, -101.37, 3.1, 24.1, 4.98, -106.75, 9.62, -12.61, 4.68, -93.49, 1.19, -18.74]
[-24.15, -86.07, -20.21, -5.4, 4.98, -101.37, 3.1, 24.1, 4.98, -106.75, 9.62, -12.61, 4.68, -93.49, 1.19, -18.74]
[-24.49, -86.23, -20.72, -5.66, 4.98, -101.37, 3.1, 24.1, 4.98, -106.75, 9.62, -12.61, 4.68, -93.49, 1.19, -18.74]
[-24.85, -86.37, -21.22, -5.92, 4.98, -101.37, 3.1, 24.1, 4.98, -106.75, 9.62, -12.61, 4.68, -93.49, 1.19, -18.74]
[-25.22, -86.5, -21.72, -6.19, 4.98, -101.37, 3.1, 24.1, 4.98, -106.75, 9.62, -12.61, 4.68, -93.49, 1.19, -18.74]
[-25.6, -86.62, -22.22, -6.45, 4.98, -101.37, 3.1, 24.1, 4.98, -106.75, 9.62, -12.61, 4.68, -93.49, 1.19, -18.74]
[-25.99, -86.72, -22.71, -6.71, 4.98, -101.37, 3.1, 24.1, 4.98, -106.75, 9.62, -12.61, 4.68, -93.49, 1.19, -18.74]
[-26.4, -86.81, -23.2, -6.97, 4.98, -101.37, 3.1, 24.1, 4.98, -106.75, 9.62, -12.61, 4.68, -93.49, 1.19, -18.74]
[-26.81, -86.88, -23.69, -7.24, 4.98, -101.37, 3.1, 24.1, 4.98, -106.75, 9.62, -12.61, 4.68, -93.49, 1.19, -18.74]
[-27.24, -86.94, -24.18, -7.5, 4.98, -101.37, 3.1, 24.1, 4.98, -106.75, 9.62, -12.61, 4.68, -93.49, 1.19, -18.74]
[-27.68, -86.98, -24.67, -7.76, 4.98, -101.37, 3.1, 24.1, 4.98, -106.75, 9.62, -12.61, 4.68, -93.49, 1.19, -18.74]
[-28.14, -87.01, -25.15, -8.03, 4.98, -101.37, 3.1, 24.1, 4.98, -106.75, 9.62, -12.61, 4.68, -93.49, 1.19, -18.74]
[-28.6, -87.03, -25.63, -8.29, 4.98, -101.37, 3.1, 24.1, 4.98, -106.75, 9.62, -12.61, 4.68, -93.49, 1.19, -18.74]
[-29.08, -87.03, -26.1, -8.55, 4.98, -101.37, 3.1, 24.1, 4.98, -106.75, 9.62, -12.61, 4.68, -93.49, 1.19, -18.74]
[-29.56, -87.01, -26.57, -8.81, 4.98, -101.37, 3.1, 24.1, 4.98, -106.75, 9.62, -12.61, 4.68, -93.49, 1.19, -18.74]
[-30.06, -86.98, -27.04, -9.08, 4.98, -101.37, 3.1, 24.1, 4.98, -106.75, 9.62, -12.61, 4.68, -93.49, 1.19, -18.74]
[-30.57, -86.94, -27.51, -9.34, 4.98, -101.37, 3.1, 24.1, 4.98, -106.75, 9.62, -12.61, 4.68, -93.49, 1.19, -18.74]
[-31.09, -86.88, -27.97, -9.6, 4.98, -101.37, 3.1, 24.1, 4.98, -106.75, 9.62, -12.61, 4.68, -93.49, 1.19, -18.74]
[-31.62, -86.81, -28.43, -9.86, 4.98, -101.37, 3.1, 24.1, 4.98, -106.75, 9.62, -12.61, 4.68, -93.49, 1.19, -18.74]
[-31.53, -86.92, -28.45, -9.85, 4.97, -101.38, 3.11, 24.07, 4.98, -106.75, 9.6, -12.64, 4.65, -93.46, 1.19, -18.7]
[-31.03, -86.96, -27.99, -9.85, 4.97, -101.38, 3.11, 24.07, 4.98, -106.75, 9.6, -12.64, 4.65, -93.46, 1.19, -18.7]
[-30.53, -86.99, -27.52, -9.85, 4.97, -101.38, 3.11, 24.07, 4.98, -106.75, 9.6, -12.64, 4.65, -93.46, 1.19, -18.7]
[-30.05, -87.0, -27.05, -9.85, 4.97, -101.38, 3.11, 24.07, 4.98, -106.75, 9.6, -12.64, 4.65, -93.46, 1.19, -18.7]
[-29.57, -87.01, -26.57, -9.85, 4.97, -101.38, 3.11, 24.07, 4.98, -106.75, 9.6, -12.64, 4.65, -93.46, 1.19, -18.7]
[-29.09, -87.0, -26.1, -9.85, 4.97, -101.38, 3.11, 24.07, 4.98, -106.75, 9.6, -12.64, 4.65, -93.46, 1.19, -18.7]
[-28.63, -86.99, -25.62, -9.85, 4.97, -101.38, 3.11, 24.07, 4.98, -106.75, 9.6, -12.64, 4.65, -93.46, 1.19, -18.7]
[-28.18, -86.96, -25.14, -9.85, 4.97, -101.38, 3.11, 24.07, 4.98, -106.75, 9.6, -12.64, 4.65, -93.46, 1.19, -18.7]
[-27.73, -86.92, -24.65, -9.85, 4.97, -101.38, 3.11, 24.07, 4.98, -106.75, 9.6, -12.64, 4.65, -93.46, 1.19, -18.7]
[-27.29, -86.88, -24.17, -9.85, 4.97, -101.38, 3.11, 24.07, 4.98, -106.75, 9.6, -12.64, 4.65, -93.46, 1.19, -18.7]
[-26.86, -86.82, -23.68, -9.85, 4.97, -101.38, 3.11, 24.07, 4.98, -106.75, 9.6, -12.64, 4.65, -93.46, 1.19, -18.7]
[-26.44, -86.76, -23.19, -9.85, 4.97, -101.38, 3.11, 24.07, 4.98, -106.75, 9.6, -12.64, 4.65, -93.46, 1.19, -18.7]
[-26.02, -86.68, -22.7, -9.85, 4.97, -101.38, 3.11, 24.07, 4.98, -106.75, 9.6, -12.64, 4.65, -93.46, 1.19, -18.7]
[-25.62, -86.6, -22.21, -9.85, 4.97, -101.38, 3.11, 24.07, 4.98, -106.75, 9.6, -12.64, 4.65, -93.46, 1.19, -18.7]
[-25.22, -86.5, -21.72, -9.85, 4.97, -101.38, 3.11, 24.07, 4.98, -106.75, 9.6, -12.64, 4.65, -93.46, 1.19, -18.7]
[-24.83, -86.39, -21.22, -9.85, 4.97, -101.38, 3.11, 24.07, 4.98, -106.75, 9.6, -12.64, 4.65, -93.46, 1.19, -18.7]
[-24.45, -86.28, -20.73, -9.85, 4.97, -101.38, 3.11, 24.07, 4.98, -106.75, 9.6, -12.64, 4.65, -93.46, 1.19, -18.7]
[-24.08, -86.15, -20.23, -9.85, 4.97, -101.38, 3.11, 24.07, 4.98, -106.75, 9.6, -12.64, 4.65, -93.46, 1.19, -18.7]
[-23.71, -86.01, -19.73, -9.85, 4.97, -101.38, 3.11, 24.07, 4.98, -106.75, 9.6, -12.64, 4.65, -93.46, 1.19, -18.7]
[-23.36, -85.87, -19.23, -9.85, 4.97, -101.38, 3.11, 24.07, 4.98, -106.75, 9.6, -12.64, 4.65, -93.46, 1.19, -18.7]
[-23.01, -85.71, -18.72, -9.85, 4.97, -101.38, 3.11, 24.07, 4.98, -106.75, 9.6, -12.64, 4.65, -93.46, 1.19, -18.7]
[-22.68, -85.54, -18.22, -9.85, 4.97, -101.38, 3.11, 24.07, 4.98, -106.75, 9.6, -12.64, 4.65, -93.46, 1.19, -18.7]
[-22.35, -85.36, -17.71, -9.85, 4.97, -101.38, 3.11, 24.07, 4.98, -106.75, 9.6, -12.64, 4.65, -93.46, 1.19, -18.7]
[-22.03, -85.18, -17.21, -9.85, 4.97, -101.38, 3.11, 24.07, 4.98, -106.75, 9.6, -12.64, 4.65, -93.46, 1.19, -18.7]
[-21.72, -84.98, -16.7, -9.85, 4.97, -101.38, 3.11, 24.07, 4.98, -106.75, 9.6, -12.64, 4.65, -93.46, 1.19, -18.7]
[-21.42, -84.77, -16.19, -9.85, 4.97, -101.38, 3.11, 24.07, 4.98, -106.75, 9.6, -12.64, 4.65, -93.46, 1.19, -18.7]
[-21.12, -84.55, -15.68, -9.85, 4.97, -101.38, 3.11, 24.07, 4.98, -106.75, 9.6, -12.64, 4.65, -93.46, 1.19, -18.7]
[-20.84, -84.32, -15.16, -9.85, 4.97, -101.38, 3.11, 24.07, 4.98, -106.75, 9.6, -12.64, 4.65, -93.46, 1.19, -18.7]
[-20.57, -84.09, -14.65, -9.85, 4.97, -101.38, 3.11, 24.07, 4.98, -106.75, 9.6, -12.64, 4.65, -93.46, 1.19, -18.7]
[-20.3, -83.84, -14.14, -9.85, 4.97, -101.38, 3.11, 24.07, 4.98, -106.75, 9.6, -12.64, 4.65, -93.46, 1.19, -18.7]
[-20.04, -83.58, -13.62, -9.85, 4.97, -101.38, 3.11, 24.07, 4.98, -106.75, 9.6, -12.64, 4.65, -93.46, 1.19, -18.7]
[-19.8, -83.31, -13.11, -9.85, 4.97, -101.38, 3.11, 24.07, 4.98, -106.75, 9.6, -12.64, 4.65, -93.46, 1.19, -18.7]
[-19.56, -83.03, -12.59, -9.85, 4.97, -101.38, 3.11, 24.07, 4.98, -106.75, 9.6, -12.64, 4.65, -93.46, 1.19, -18.7]
[-19.33, -82.74, -12.07, -9.85, 4.97, -101.38, 3.11, 24.07, 4.98, -106.75, 9.6, -12.64, 4.65, -93.46, 1.19, -18.7]
[-19.11, -82.44, -11.55, -9.85, 4.97, -101.38, 3.11, 24.07, 4.98, -106.75, 9.6, -12.64, 4.65, -93.46, 1.19, -18.7]
[-18.9, -82.13, -11.03, -9.85, 4.97, -101.38, 3.11, 24.07, 4.98, -106.75, 9.6, -12.64, 4.65, -93.46, 1.19, -18.7]
[-18.7, -81.81, -10.51, -9.85, 4.97, -101.38, 3.11, 24.07, 4.98, -106.75, 9.6, -12.64, 4.65, -93.46, 1.19, -18.7]
[-18.51, -81.47, -9.99, -9.85, 4.97, -101.38, 3.11, 24.07, 4.98, -106.75, 9.6, -12.64, 4.65, -93.46, 1.19, -18.7]
[-18.33, -81.13, -9.46, -9.85, 4.97, -101.38, 3.11, 24.07, 4.98, -106.75, 9.6, -12.64, 4.65, -93.46, 1.19, -18.7]
[-18.16, -80.78, -8.94, -9.85, 4.97, -101.38, 3.11, 24.07, 4.98, -106.75, 9.6, -12.64, 4.65, -93.46, 1.19, -18.7]
[-18.0, -80.41, -8.41, -9.85, 4.97, -101.38, 3.11, 24.07, 4.98, -106.75, 9.6, -12.64, 4.65, -93.46, 1.19, -18.7]
[-17.84, -80.04, -7.88, -9.85, 4.97, -101.38, 3.11, 24.07, 4.98, -106.75, 9.6, -12.64, 4.65, -93.46, 1.19, -18.7]
[-17.7, -79.66, -7.36, -9.85, 4.97, -101.38, 3.11, 24.07, 4.98, -106.75, 9.6, -12.64, 4.65, -93.46, 1.19, -18.7]
[-17.57, -79.26, -6.83, -9.85, 4.97, -101.38, 3.11, 24.07, 4.98, -106.75, 9.6, -12.64, 4.65, -93.46, 1.19, -18.7]
[-17.44, -78.85, -6.3, -9.85, 4.97, -101.38, 3.11, 24.07, 4.98, -106.75, 9.6, -12.64, 4.65, -93.46, 1.19, -18.7]
[-17.33, -78.44, -5.77, -9.85, 4.97, -101.38, 3.11, 24.07, 4.98, -106.75, 9.6, -12.64, 4.65, -93.46, 1.19, -18.7]
[-17.23, -78.01, -5.23, -9.85, 4.97, -101.38, 3.11, 24.07, 4.98, -106.75, 9.6, -12.64, 4.65, -93.46, 1.19, -18.7]
[-17.13, -77.57, -4.7, -9.85, 4.97, -101.38, 3.11, 24.07, 4.98, -106.75, 9.6, -12.64, 4.65, -93.46, 1.19, -18.7]
[-17.05, -77.12, -4.17, -9.85, 4.97, -101.38, 3.11, 24.07, 4.98, -106.75, 9.6, -12.64, 4.65, -93.46, 1.19, -18.7]
[-16.97, -76.66, -3.63, -9.85, 4.97, -101.38, 3.11, 24.07, 4.98, -106.75, 9.6, -12.64, 4.65, -93.46, 1.19, -18.7]
[-16.91, -76.18, -3.09, -9.85, 4.97, -101.38, 3.11, 24.07, 4.98, -106.75, 9.6, -12.64, 4.65, -93.46, 1.19, -18.7]
[-16.86, -75.7, -2.55, -9.85, 4.97, -101.38, 3.11, 24.07, 4.98, -106.75, 9.6, -12.64, 4.65, -93.46, 1.19, -18.7]
[-16.81, -75.2, -2.01, -9.85, 4.97, -101.38, 3.11, 24.07, 4.98, -106.75, 9.6, -12.64, 4.65, -93.46, 1.19, -18.7]
[-16.78, -74.69, -1.47, -9.85, 4.97, -101.38, 3.11, 24.07, 4.98, -106.75, 9.6, -12.64, 4.65, -93.46, 1.19, -18.7]
[-16.76, -74.18, -0.93, -9.85, 4.97, -101.38, 3.11, 24.07, 4.98, -106.75, 9.6, -12.64, 4.65, -93.46, 1.19, -18.7]
[-16.74, -73.64, -0.39, -9.85, 4.97, -101.38, 3.11, 24.07, 4.98, -106.75, 9.6, -12.64, 4.65, -93.46, 1.19, -18.7]
[-16.74, -73.1, 0.16, -9.85, 4.97, -101.38, 3.11, 24.07, 4.98, -106.75, 9.6, -12.64, 4.65, -93.46, 1.19, -18.7]
[-16.75, -72.55, 0.7, -9.85, 4.97, -101.38, 3.11, 24.07, 4.98, -106.75, 9.6, -12.64, 4.65, -93.46, 1.19, -18.7]
[-16.77, -71.98, 1.25, -9.85, 4.97, -101.38, 3.11, 24.07, 4.98, -106.75, 9.6, -12.64, 4.65, -93.46, 1.19, -18.7]
[-16.8, -71.4, 1.8, -9.85, 4.97, -101.38, 3.11, 24.07, 4.98, -106.75, 9.6, -12.64, 4.65, -93.46, 1.19, -18.7]
[-16.84, -70.81, 2.36, -9.85, 4.97, -101.38, 3.11, 24.07, 4.98, -106.75, 9.6, -12.64, 4.65, -93.46, 1.19, -18.7]
[-15.38, -72.48, 2.15, -9.95, 4.97, -101.47, 3.16, 23.48, 4.98, -106.65, 9.32, -12.39, 4.98, -93.83, 1.2, -18.24]
[-13.93, -74.11, 1.96, -10.04, 5.0, -101.57, 3.21, 22.88, 4.98, -106.54, 9.05, -12.15, 4.97, -93.95, 1.21, -17.77]
[-12.49, -75.72, 1.79, -10.14, 4.97, -101.64, 3.26, 22.28, 4.98, -106.43, 8.78, -11.92, 4.99, -94.09, 1.22, -17.3]
[-11.06, -77.3, 1.64, -10.25, 5.0, -101.74, 3.31, 21.68, 4.97, -106.31, 8.51, -11.69, 4.97, -94.2, 1.23, -16.83]
[-9.65, -78.84, 1.51, -10.35, 4.98, -101.8, 3.36, 21.07, 4.97, -106.18, 8.25, -11.47, 5.0, -94.34, 1.24, -16.35]
[-8.24, -80.37, 1.4, -10.46, 4.98, -101.88, 3.4, 20.45, 4.99, -106.08, 8.0, -11.26, 4.99, -94.45, 1.24, -15.87]
[-6.84, -81.86, 1.3, -10.56, 4.97, -101.94, 3.45, 19.83, 4.99, -105.94, 7.75, -11.05, 5.0, -94.58, 1.25, -15.39]
[-5.44, -83.34, 1.22, -10.67, 4.98, -102.02, 3.49, 19.21, 4.97, -105.8, 7.5, -10.85, 5.0, -94.69, 1.26, -14.91]
[-4.05, -84.79, 1.16, -10.78, 4.97, -102.08, 3.53, 18.58, 5.0, -105.67, 7.26, -10.65, 4.99, -94.79, 1.27, -14.42]
[-2.66, -86.22, 1.12, -10.89, 4.99, -102.16, 3.57, 17.95, 4.99, -105.52, 7.02, -10.46, 5.0, -94.9, 1.28, -13.93]
[-1.27, -87.63, 1.1, -11.01, 4.99, -102.22, 3.61, 17.32, 4.97, -105.36, 6.78, -10.27, 4.97, -94.98, 1.29, -13.44]
[0.11, -89.02, 1.09, -11.12, 4.98, -102.26, 3.65, 16.68, 4.99, -105.22, 6.55, -10.09, 4.99, -95.09, 1.3, -12.95]
[1.49, -90.39, 1.1, -11.24, 4.98, -102.32, 3.69, 16.04, 4.98, -105.05, 6.33, -9.92, 4.97, -95.17, 1.31, -12.45]
[2.87, -91.74, 1.13, -11.36, 4.97, -102.37, 3.72, 15.39, 5.0, -104.9, 6.11, -9.75, 4.97, -95.27, 1.32, -11.95]
[4.25, -93.08, 1.17, -11.48, 4.98, -102.43, 3.76, 14.74, 4.98, -104.72, 5.89, -9.58, 4.96, -95.35, 1.33, -11.45]
[4.97, -93.94, 1.21, -11.61, 4.98, -102.47, 3.79, 14.09, 5.0, -104.56, 5.68, -9.42, 4.98, -95.44, 1.34, -10.95]
[5.0, -94.31, 1.23, -11.73, 5.0, -102.52, 3.82, 13.44, 4.98, -104.36, 5.48, -9.26, 4.98, -95.53, 1.35, -10.44]
[4.98, -94.65, 1.26, -11.86, 5.0, -102.56, 3.85, 12.78, 5.0, -104.19, 5.28, -9.11, 4.98, -95.6, 1.36, -9.93]
[4.97, -94.99, 1.29, -11.99, 4.98, -102.59, 3.88, 12.12, 4.98, -103.99, 5.08, -8.96, 4.99, -95.69, 1.37, -9.42]
[4.99, -95.34, 1.32, -12.12, 4.98, -102.63, 3.9, 11.46, 5.0, -103.81, 4.89, -8.81, 4.99, -95.76, 1.37, -8.91]
[4.97, -95.67, 1.36, -12.26, 4.97, -102.65, 3.93, 10.79, 4.98, -103.6, 4.7, -8.67, 4.99, -95.82, 1.38, -8.4]
[4.99, -96.01, 1.41, -12.4, 4.98, -102.69, 3.95, 10.12, 4.99, -103.4, 4.52, -8.53, 4.96, -95.87, 1.39, -7.88]
[4.97, -96.33, 1.46, -12.54, 4.97, -102.71, 3.97, 9.46, 4.97, -103.18, 4.34, -8.39, 4.97, -95.94, 1.4, -7.37]
[4.99, -96.66, 1.51, -12.68, 4.98, -102.74, 3.99, 8.79, 4.99, -102.98, 4.17, -8.26, 4.99, -96.01, 1.41, -6.85]
[4.97, -96.96, 1.57, -12.82, 4.97, -102.76, 4.0, 8.11, 4.97, -102.75, 4.0, -8.13, 4.97, -96.05, 1.42, -6.33]
[4.99, -97.29, 1.63, -12.97, 4.99, -102.79, 4.02, 7.44, 4.98, -102.54, 3.84, -8.0, 4.97, -96.11, 1.42, -5.8]
[4.97, -97.58, 1.7, -13.12, 4.99, -102.8, 4.03, 6.76, 4.96, -102.3, 3.68, -7.88, 4.99, -96.17, 1.43, -5.28]
[4.99, -97.89, 1.77, -13.27, 4.97, -102.8, 4.04, 6.09, 4.98, -102.08, 3.53, -7.75, 4.97, -96.2, 1.44, -4.76]
[4.96, -98.18, 1.85, -13.43, 4.97, -102.81, 4.05, 5.41, 5.0, -101.85, 3.38, -7.64, 4.97, -96.24, 1.44, -4.23]
[4.98, -98.48, 1.93, -13.59, 4.99, -102.84, 4.06, 4.73, 4.98, -101.59, 3.23, -7.52, 4.99, -96.3, 1.45, -3.7]
[4.99, -98.78, 2.02, -13.75, 4.99, -102.84, 4.06, 4.05, 4.99, -101.36, 3.09, -7.41, 5.0, -96.34, 1.46, -3.17]
[4.97, -99.05, 2.1, -13.92, 4.97, -102.84, 4.06, 3.37, 4.97, -101.09, 2.96, -7.3, 5.0, -96.37, 1.46, -2.64]
[4.98, -99.33, 2.2, -14.08, 4.98, -102.84, 4.07, 2.7, 4.99, -100.85, 2.83, -7.19, 4.98, -96.39, 1.47, -2.11]
[5.0, -99.62, 2.3, -14.26, 4.97, -102.83, 4.06, 2.02, 4.97, -100.57, 2.71, -7.08, 4.99, -96.42, 1.47, -1.58]
[4.97, -99.87, 2.4, -14.43, 4.97, -102.83, 4.06, 1.34, 4.99, -100.32, 2.59, -6.98, 4.98, -96.44, 1.48, -1.05]
[4.98, -100.14, 2.51, -14.61, 4.96, -102.82, 4.05, 0.66, 4.97, -100.04, 2.47, -6.87, 5.0, -96.48, 1.48, -0.52]
[4.99, -100.41, 2.62, -14.79, 4.97, -102.82, 4.05, -0.02, 4.99, -99.77, 2.36, -6.77, 5.0, -96.5, 1.48, 0.01]
[4.97, -100.65, 2.74, -14.98, 4.97, -102.8, 4.04, -0.7, 4.97, -99.48, 2.26, -6.68, 4.99, -96.5, 1.49, 0.55]
[4.97, -100.9, 2.86, -15.17, 4.98, -102.79, 4.03, -1.37, 4.99, -99.21, 2.16, -6.58, 4.97, -96.5, 1.49, 1.08]
[4.98, -101.15, 2.99, -15.36, 4.98, -102.77, 4.01, -2.05, 4.97, -98.91, 2.06, -6.48, 4.97, -96.51, 1.49, 1.62]
[4.99, -101.4, 3.12, -15.56, 4.99, -102.76, 4.0, -2.72, 4.99, -98.62, 1.97, -6.39, 4.99, -96.53, 1.49, 2.15]
[4.99, -101.64, 3.25, -15.76, 4.99, -102.74, 3.98, -3.39, 4.97, -98.31, 1.88, -6.3, 4.96, -96.52, 1.49, 2.69]
[5.0, -101.88, 3.39, -15.97, 4.97, -102.7, 3.96, -4.06, 4.99, -98.02, 1.8, -6.21, 5.0, -96.54, 1.49, 3.22]
[4.97, -102.08, 3.53, -16.18, 4.97, -102.67, 3.94, -4.73, 4.97, -97.7, 1.73, -6.13, 4.98, -96.52, 1.49, 3.76]
[4.97, -102.31, 3.68, -16.39, 5.0, -102.66, 3.92, -5.4, 4.99, -97.4, 1.66, -6.04, 4.99, -96.52, 1.49, 4.29]
[4.97, -102.53, 3.83, -16.61, 4.96, -102.6, 3.89, -6.06, 4.97, -97.07, 1.59, -5.96, 4.98, -96.51, 1.49, 4.82]
[4.97, -102.74, 3.99, -16.84, 4.99, -102.58, 3.87, -6.72, 4.99, -96.76, 1.53, -5.87, 4.96, -96.48, 1.48, 5.36]
[4.97, -102.95, 4.15, -17.07, 5.0, -102.55, 3.84, -7.38, 4.97, -96.42, 1.47, -5.79, 4.97, -96.47, 1.48, 5.89]
[4.97, -103.15, 4.32, -17.3, 4.99, -102.5, 3.81, -8.04, 4.99, -96.1, 1.42, -5.71, 5.0, -96.47, 1.48, 6.43]
[5.0, -103.37, 4.49, -17.54, 4.97, -102.44, 3.78, -8.69, 4.98, -95.75, 1.37, -5.64, 4.97, -96.43, 1.47, 6.96]
[4.99, -103.56, 4.66, -17.79, 4.97, -102.39, 3.74, -9.34, 5.0, -95.42, 1.33, -5.56, 4.97, -96.4, 1.47, 7.49]
[4.98, -103.75, 4.84, -18.04, 4.99, -102.36, 3.71, -9.99, 4.98, -95.06, 1.3, -5.48, 5.0, -96.39, 1.47, 8.02]
[4.97, -103.93, 5.02, -18.3, 4.99, -102.31, 3.67, -10.63, 5.0, -94.72, 1.26, -5.41, 4.97, -96.34, 1.46, 8.55]
[4.96, -104.1, 5.2, -18.56, 4.98, -102.24, 3.64, -11.27, 4.98, -94.35, 1.24, -5.34, 4.97, -96.31, 1.45, 9.08]
[4.99, -104.29, 5.39, -18.83, 4.98, -102.19, 3.6, -11.91, 5.0, -94.01, 1.21, -5.27, 4.99, -96.28, 1.45, 9.61]
[4.97, -104.45, 5.59, -19.11, 4.98, -102.12, 3.56, -12.54, 4.4, -93.22, 1.18, -5.2, 4.96, -96.22, 1.44, 10.13]
[4.99, -104.63, 5.78, -19.39, 4.99, -102.07, 3.51, -13.17, 2.98, -91.85, 1.13, -5.13, 5.0, -96.2, 1.44, 10.66]
[4.97, -104.78, 5.99, -19.69, 4.99, -102.0, 3.47, -13.8, 1.57, -90.47, 1.1, -5.06, 4.98, -96.14, 1.43, 11.18]
[4.98, -104.95, 6.19, -19.98, 4.97, -101.92, 3.43, -14.42, 0.16, -89.07, 1.09, -4.99, 4.99, -96.09, 1.42, 11.71]
[4.99, -105.11, 6.4, -20.29, 4.98, -101.85, 3.38, -15.04, -1.25, -87.65, 1.1, -4.93, 4.98, -96.04, 1.41, 12.23]
[5.0, -105.27, 6.61, -20.6, 4.97, -101.77, 3.34, -15.65, -2.66, -86.21, 1.12, -4.86, 5.0, -95.99, 1.41, 12.75]
[4.97, -105.39, 6.83, -20.92, 4.99, -101.7, 3.29, -16.26, -4.08, -84.76, 1.17, -4.8, 4.97, -95.91, 1.4, 13.27]
[4.97, -105.53, 7.05, -21.25, 4.99, -101.61, 3.24, -16.86, -5.5, -83.28, 1.23, -4.74, 4.99, -95.87, 1.39, 13.78]
[4.97, -105.66, 7.27, -21.59, 4.97, -101.52, 3.19, -17.46, -6.92, -81.77, 1.31, -4.68, 4.97, -95.79, 1.38, 14.3]
[5.0, -105.82, 7.5, -21.94, 4.98, -101.44, 3.14, -18.06, -8.35, -80.25, 1.4, -4.62, 4.98, -95.72, 1.37, 14.81]
[4.99, -105.94, 7.73, -22.3, 4.97, -101.34, 3.09, -18.65, -9.79, -78.69, 1.52, -4.56, 4.97, -95.64, 1.36, 15.32]
[4.98, -106.05, 7.97, -22.66, 4.99, -101.26, 3.04, -19.23, -11.23, -77.11, 1.66, -4.5, 4.99, -95.57, 1.35, 15.83]
[4.99, -106.18, 8.2, -23.04, 4.99, -101.16, 2.99, -19.81, -12.68, -75.51, 1.81, -4.44, 4.99, -95.5, 1.34, 16.34]
[4.97, -106.28, 8.44, -23.43, 4.98, -101.06, 2.94, -20.39, -14.15, -73.87, 1.99, -4.39, 4.98, -95.41, 1.33, 16.84]
[4.98, -106.39, 8.69, -23.83, 5.0, -100.96, 2.88, -20.96, -15.62, -72.2, 2.18, -4.33, 5.0, -95.33, 1.32, 17.34]
[4.99, -106.5, 8.94, -24.24, 5.0, -100.86, 2.83, -21.53, -17.11, -70.49, 2.4, -4.27, 5.0, -95.25, 1.31, 17.84]
[4.99, -106.6, 9.19, -24.66, 4.99, -100.74, 2.78, -22.09, -18.62, -68.74, 2.63, -4.22, 4.99, -95.15, 1.3, 18.34]
[4.98, -106.69, 9.44, -25.09, 4.96, -100.61, 2.72, -22.64, -20.15, -66.96, 2.9, -4.17, 4.97, -95.04, 1.29, 18.84]
[4.98, -106.69, 9.44, -25.09, 4.96, -100.61, 2.72, -22.64, -20.04, -67.63, 2.33, -4.43, 4.97, -95.04, 1.29, 18.84]
[4.98, -106.69, 9.44, -25.09, 4.96, -100.61, 2.72, -22.64, -19.95, -68.28, 1.77, -4.68, 4.97, -95.04, 1.29, 18.84]
[4.98, -106.69, 9.44, -25.09, 4.96, -100.61, 2.72, -22.64, -19.88, -68.91, 1.21, -4.94, 4.97, -95.04, 1.29, 18.84]
[4.98, -106.69, 9.44, -25.09, 4.96, -100.61, 2.72, -22.64, -19.82, -69.52, 0.65, -5.2, 4.97, -95.04, 1.29, 18.84]
[4.98, -106.69, 9.44, -25.09, 4.96, -100.61, 2.72, -22.64, -19.78, -70.12, 0.1, -5.46, 4.97, -95.04, 1.29, 18.84]
[4.98, -106.69, 9.44, -25.09, 4.96, -100.61, 2.72, -22.64, -19.75, -70.69, -0.45, -5.72, 4.97, -95.04, 1.29, 18.84]
[4.98, -106.69, 9.44, -25.09, 4.96, -100.61, 2.72, -22.64, -19.74, -71.25, -1.0, -5.98, 4.97, -95.04, 1.29, 18.84]
[4.98, -106.69, 9.44, -25.09, 4.96, -100.61, 2.72, -22.64, -19.75, -71.8, -1.54, -6.23, 4.97, -95.04, 1.29, 18.84]
[4.98, -106.69, 9.44, -25.09, 4.96, -100.61, 2.72, -22.64, -19.76, -72.32, -2.08, -6.49, 4.97, -95.04, 1.29, 18.84]
[4.98, -106.69, 9.44, -25.09, 4.96, -100.61, 2.72, -22.64, -19.79, -72.83, -2.63, -6.75, 4.97, -95.04, 1.29, 18.84]
[4.98, -106.69, 9.44, -25.09, 4.96, -100.61, 2.72, -22.64, -19.84, -73.32, -3.16, -7.01, 4.97, -95.04, 1.29, 18.84]
[4.98, -106.69, 9.44, -25.09, 4.96, -100.61, 2.72, -22.64, -19.9, -73.8, -3.7, -7.27, 4.97, -95.04, 1.29, 18.84]
[4.98, -106.69, 9.44, -25.09, 4.96, -100.61, 2.72, -22.64, -19.98, -74.26, -4.23, -7.53, 4.97, -95.04, 1.29, 18.84]
[4.98, -106.69, 9.44, -25.09, 4.96, -100.61, 2.72, -22.64, -20.06, -74.7, -4.77, -7.79, 4.97, -95.04, 1.29, 18.84]
[4.98, -106.69, 9.44, -25.09, 4.96, -100.61, 2.72, -22.64, -20.17, -75.13, -5.29, -8.05, 4.97, -95.04, 1.29, 18.84]
[4.98, -106.69, 9.44, -25.09, 4.96, -100.61, 2.72, -22.64, -20.28, -75.54, -5.82, -8.3, 4.97, -95.04, 1.29, 18.84]
[4.98, -106.69, 9.44, -25.09, 4.96, -100.61, 2.72, -22.64, -20.41, -75.93, -6.35, -8.56, 4.97, -95.04, 1.29, 18.84]
[4.98, -106.69, 9.44, -25.09, 4.96, -100.61, 2.72, -22.64, -20.56, -76.31, -6.87, -8.82, 4.97, -95.04, 1.29, 18.84]
[4.98, -106.69, 9.44, -25.09, 4.96, -100.61, 2.72, -22.64, -20.71, -76.68, -7.39, -9.08, 4.97, -95.04, 1.29, 18.84]
[4.98, -106.69, 9.44, -25.09, 4.96, -100.61, 2.72, -22.64, -20.88, -77.03, -7.91, -9.34, 4.97, -95.04, 1.29, 18.84]
[4.98, -106.69, 9.44, -25.09, 4.96, -100.61, 2.72, -22.64, -21.07, -77.36, -8.43, -9.6, 4.97, -95.04, 1.29, 18.84]
[4.98, -106.69, 9.44, -25.09, 4.96, -100.61, 2.72, -22.64, -21.27, -77.68, -8.94, -9.86, 4.97, -95.04, 1.29, 18.84]
[4.98, -106.69, 9.44, -25.09, 4.96, -100.61, 2.72, -22.64, -21.48, -77.98, -9.46, -10.11, 4.97, -95.04, 1.29, 18.84]
[4.98, -106.69, 9.44, -25.09, 4.96, -100.61, 2.72, -22.64, -21.7, -78.27, -9.97, -10.37, 4.97, -95.04, 1.29, 18.84]
[4.98, -106.69, 9.44, -25.09, 4.96, -100.61, 2.72, -22.64, -21.94, -78.54, -10.48, -10.63, 4.97, -95.04, 1.29, 18.84]
[4.98, -106.69, 9.44, -25.09, 4.96, -100.61, 2.72, -22.64, -22.19, -78.8, -10.98, -10.89, 4.97, -95.04, 1.29, 18.84]
[4.98, -106.69, 9.44, -25.09, 4.96, -100.61, 2.72, -22.64, -22.45, -79.04, -11.49, -11.15, 4.97, -95.04, 1.29, 18.84]
[4.98, -106.69, 9.44, -25.09, 4.96, -100.61, 2.72, -22.64, -22.72, -79.26, -11.99, -11.4, 4.97, -95.04, 1.29, 18.84]
[4.98, -106.69, 9.44, -25.09, 4.96, -100.61, 2.72, -22.64, -23.01, -79.47, -12.49, -11.66, 4.97, -95.04, 1.29, 18.84]
[4.98, -106.69, 9.44, -25.09, 4.96, -100.61, 2.72, -22.64, -23.31, -79.67, -12.98, -11.92, 4.97, -95.04, 1.29, 18.84]
[4.98, -106.69, 9.44, -25.09, 4.96, -100.61, 2.72, -22.64, -23.63, -79.85, -13.48, -12.18, 4.97, -95.04, 1.29, 18.84]
[4.98, -106.69, 9.44, -25.09, 4.96, -100.61, 2.72, -22.64, -23.95, -80.02, -13.97, -12.43, 4.97, -95.04, 1.29, 18.84]
[4.98, -106.69, 9.44, -25.09, 4.96, -100.61, 2.72, -22.64, -24.29, -80.17, -14.46, -12.69, 4.97, -95.04, 1.29, 18.84]
[4.98, -106.69, 9.44, -25.09, 4.96, -100.61, 2.72, -22.64, -24.64, -80.31, -14.95, -12.95, 4.97, -95.04, 1.29, 18.84]
[4.98, -106.69, 9.44, -25.09, 4.96, -100.61, 2.72, -22.64, -25.0, -80.43, -15.43, -13.2, 4.97, -95.04, 1.29, 18.84]
[4.98, -106.69, 9.44, -25.09, 4.96, -100.61, 2.72, -22.64, -25.38, -80.54, -15.91, -13.46, 4.97, -95.04, 1.29, 18.84]
[4.98, -106.69, 9.44, -25.09, 4.96, -100.61, 2.72, -22.64, -25.76, -80.63, -16.39, -13.72, 4.97, -95.04, 1.29, 18.84]
[4.98, -106.69, 9.44, -25.09, 4.96, -100.61, 2.72, -22.64, -26.16, -80.71, -16.87, -13.97, 4.97, -95.04, 1.29, 18.84]
[4.98, -106.69, 9.44, -25.09, 4.96, -100.61, 2.72, -22.64, -26.57, -80.77, -17.34, -14.23, 4.97, -95.04, 1.29, 18.84]
[4.98, -106.69, 9.44, -25.09, 4.96, -100.61, 2.72, -22.64, -26.99, -80.82, -17.81, -14.48, 4.97, -95.04, 1.29, 18.84]
[4.98, -106.69, 9.44, -25.09, 4.96, -100.61, 2.72, -22.64, -27.43, -80.85, -18.28, -14.74, 4.97, -95.04, 1.29, 18.84]
[4.98, -106.69, 9.44, -25.09, 4.96, -100.61, 2.72, -22.64, -27.87, -80.87, -18.74, -14.99, 4.97, -95.04, 1.29, 18.84]
[4.98, -106.69, 9.44, -25.09, 4.96, -100.61, 2.72, -22.64, -28.33, -80.87, -19.2, -15.25, 4.97, -95.04, 1.29, 18.84]
[4.98, -106.69, 9.44, -25.09, 4.96, -100.61, 2.72, -22.64, -28.8, -80.86, -19.66, -15.5, 4.97, -95.04, 1.29, 18.84]
[4.98, -106.69, 9.44, -25.09, 4.96, -100.61, 2.72, -22.64, -29.28, -80.83, -20.11, -15.75, 4.97, -95.04, 1.29, 18.84]
[4.98, -106.69, 9.44, -25.09, 4.96, -100.61, 2.72, -22.64, -29.77, -80.79, -20.56, -16.01, 4.97, -95.04, 1.29, 18.84]
[4.98, -106.69, 9.44, -25.09, 4.96, -100.61, 2.72, -22.64, -30.27, -80.73, -21.0, -16.26, 4.97, -95.04, 1.29, 18.84]
[4.98, -106.69, 9.44, -25.09, 4.96, -100.61, 2.72, -22.64, -30.78, -80.66, -21.45, -16.51, 4.97, -95.04, 1.29, 18.84]
[4.98, -106.69, 9.44, -25.09, 4.96, -100.61, 2.72, -22.64, -31.31, -80.58, -21.88, -16.76, 4.97, -95.04, 1.29, 18.84]
[4.98, -106.69, 9.44, -25.09, 4.96, -100.61, 2.72, -22.64, -31.84, -80.47, -22.32, -17.02, 4.97, -95.04, 1.29, 18.84]
[4.98, -106.69, 9.44, -25.09, 4.96, -100.61, 2.72, -22.64, -32.39, -80.36, -22.75, -17.27, 4.97, -95.04, 1.29, 18.84]
[4.98, -106.69, 9.44, -25.09, 4.96, -100.61, 2.72, -22.64, -32.94, -80.23, -23.17, -17.52, 4.97, -95.04, 1.29, 18.84]
[4.98, -106.69, 9.44, -25.09, 4.96, -100.61, 2.72, -22.64, -33.51, -80.08, -23.59, -17.77, 4.97, -95.04, 1.29, 18.84]
[4.98, -106.69, 9.44, -25.09, 4.96, -100.61, 2.72, -22.64, -34.09, -79.92, -24.01, -18.02, 4.97, -95.04, 1.29, 18.84]
[4.98, -106.69, 9.44, -25.09, 4.96, -100.61, 2.72, -22.64, -34.68, -79.74, -24.42, -18.27, 4.97, -95.04, 1.29, 18.84]
[4.98, -106.69, 9.44, -25.09, 4.96, -100.61, 2.72, -22.64, -35.27, -79.55, -24.83, -18.52, 4.97, -95.04, 1.29, 18.84]
[4.98, -106.69, 9.44, -25.09, 4.96, -100.61, 2.72, -22.64, -35.88, -79.35, -25.23, -18.77, 4.97, -95.04, 1.29, 18.84]
[4.98, -106.69, 9.44, -25.09, 4.96, -100.61, 2.72, -22.64, -36.5, -79.13, -25.62, -19.02, 4.97, -95.04, 1.29, 18.84]
[4.98, -106.69, 9.44, -25.09, 4.96, -100.61, 2.72, -22.64, -37.13, -78.89, -26.02, -19.27, 4.97, -95.04, 1.29, 18.84]
[4.98, -106.69, 9.44, -25.09, 4.96, -100.61, 2.72, -22.64, -37.76, -78.64, -26.4, -19.51, 4.97, -95.04, 1.29, 18.84]
[5.0, -106.7, 9.44, -25.06, 4.97, -100.62, 2.73, -22.65, -37.77, -78.63, -26.4, -19.53, 4.96, -95.02, 1.29, 18.83]
[5.0, -106.7, 9.44, -25.06, 4.97, -100.62, 2.73, -22.65, -37.3, -78.66, -25.96, -19.53, 4.96, -95.02, 1.29, 18.83]
[5.0, -106.7, 9.44, -25.06, 4.97, -100.62, 2.73, -22.65, -36.83, -78.69, -25.51, -19.53, 4.96, -95.02, 1.29, 18.83]
[5.0, -106.7, 9.44, -25.06, 4.97, -100.62, 2.73, -22.65, -36.36, -78.7, -25.07, -19.53, 4.96, -95.02, 1.29, 18.83]
[5.0, -106.7, 9.44, -25.06, 4.97, -100.62, 2.73, -22.65, -35.91, -78.71, -24.62, -19.53, 4.96, -95.02, 1.29, 18.83]
[5.0, -106.7, 9.44, -25.06, 4.97, -100.62, 2.73, -22.65, -35.46, -78.7, -24.16, -19.53, 4.96, -95.02, 1.29, 18.83]
[5.0, -106.7, 9.44, -25.06, 4.97, -100.62, 2.73, -22.65, -35.02, -78.69, -23.71, -19.53, 4.96, -95.02, 1.29, 18.83]
[5.0, -106.7, 9.44, -25.06, 4.97, -100.62, 2.73, -22.65, -34.59, -78.66, -23.25, -19.53, 4.96, -95.02, 1.29, 18.83]
[5.0, -106.7, 9.44, -25.06, 4.97, -100.62, 2.73, -22.65, -34.17, -78.63, -22.79, -19.53, 4.96, -95.02, 1.29, 18.83]
[5.0, -106.7, 9.44, -25.06, 4.97, -100.62, 2.73, -22.65, -33.75, -78.58, -22.33, -19.53, 4.96, -95.02, 1.29, 18.83]
[5.0, -106.7, 9.44, -25.06, 4.97, -100.62, 2.73, -22.65, -33.35, -78.52, -21.87, -19.53, 4.96, -95.02, 1.29, 18.83]
[5.0, -106.7, 9.44, -25.06, 4.97, -100.62, 2.73, -22.65, -32.95, -78.46, -21.4, -19.53, 4.96, -95.02, 1.29, 18.83]
[5.0, -106.7, 9.44, -25.06, 4.97, -100.62, 2.73, -22.65, -32.56, -78.38, -20.93, -19.53, 4.96, -95.02, 1.29, 18.83]
[5.0, -106.7, 9.44, -25.06, 4.97, -100.62, 2.73, -22.65, -32.17, -78.29, -20.46, -19.53, 4.96, -95.02, 1.29, 18.83]
[5.0, -106.7, 9.44, -25.06, 4.97, -100.62, 2.73, -22.65, -31.8, -78.19, -19.99, -19.53, 4.96, -95.02, 1.29, 18.83]
[5.0, -106.7, 9.44, -25.06, 4.97, -100.62, 2.73, -22.65, -31.43, -78.08, -19.52, -19.53, 4.96, -95.02, 1.29, 18.83]
[5.0, -106.7, 9.44, -25.06, 4.97, -100.62, 2.73, -22.65, -31.07, -77.97, -19.04, -19.53, 4.96, -95.02, 1.29, 18.83]
[5.0, -106.7, 9.44, -25.06, 4.97, -100.62, 2.73, -22.65, -30.72, -77.84, -18.56, -19.53, 4.96, -95.02, 1.29, 18.83]
[5.0, -106.7, 9.44, -25.06, 4.97, -100.62, 2.73, -22.65, -30.38, -77.7, -18.08, -19.53, 4.96, -95.02, 1.29, 18.83]
[5.0, -106.7, 9.44, -25.06, 4.97, -100.62, 2.73, -22.65, -30.05, -77.55, -17.6, -19.53, 4.96, -95.02, 1.29, 18.83]
[5.0, -106.7, 9.44, -25.06, 4.97, -100.62, 2.73, -22.65, -29.73, -77.39, -17.11, -19.53, 4.96, -95.02, 1.29, 18.83]
[5.0, -106.7, 9.44, -25.06, 4.97, -100.62, 2.73, -22.65, -29.41, -77.22, -16.62, -19.53, 4.96, -95.02, 1.29, 18.83]
[5.0, -106.7, 9.44, -25.06, 4.97, -100.62, 2.73, -22.65, -29.1, -77.03, -16.14, -19.53, 4.96, -95.02, 1.29, 18.83]
[5.0, -106.7, 9.44, -25.06, 4.97, -100.62, 2.73, -22.65, -28.8, -76.84, -15.65, -19.53, 4.96, -95.02, 1.29, 18.83]
[5.0, -106.7, 9.44, -25.06, 4.97, -100.62, 2.73, -22.65, -28.52, -76.64, -15.15, -19.53, 4.96, -95.02, 1.29, 18.83]
[5.0, -106.7, 9.44, -25.06, 4.97, -100.62, 2.73, -22.65, -28.23, -76.43, -14.66, -19.53, 4.96, -95.02, 1.29, 18.83]
[5.0, -106.7, 9.44, -25.06, 4.97, -100.62, 2.73, -22.65, -27.96, -76.2, -14.17, -19.53, 4.96, -95.02, 1.29, 18.83]
[5.0, -106.7, 9.44, -25.06, 4.97, -100.62, 2.73, -22.65, -27.7, -75.97, -13.67, -19.53, 4.96, -95.02, 1.29, 18.83]
[5.0, -106.7, 9.44, -25.06, 4.97, -100.62, 2.73, -22.65, -27.45, -75.72, -13.17, -19.53, 4.96, -95.02, 1.29, 18.83]
[5.0, -106.7, 9.44, -25.06, 4.97, -100.62, 2.73, -22.65, -27.2, -75.47, -12.67, -19.53, 4.96, -95.02, 1.29, 18.83]
[5.0, -106.7, 9.44, -25.06, 4.97, -100.62, 2.73, -22.65, -26.96, -75.2, -12.17, -19.53, 4.96, -95.02, 1.29, 18.83]
[5.0, -106.7, 9.44, -25.06, 4.97, -100.62, 2.73, -22.65, -26.74, -74.92, -11.66, -19.53, 4.96, -95.02, 1.29, 18.83]
[5.0, -106.7, 9.44, -25.06, 4.97, -100.62, 2.73, -22.65, -26.52, -74.64, -11.16, -19.53, 4.96, -95.02, 1.29, 18.83]
[5.0, -106.7, 9.44, -25.06, 4.97, -100.62, 2.73, -22.65, -26.31, -74.34, -10.65, -19.53, 4.96, -95.02, 1.29, 18.83]
[5.0, -106.7, 9.44, -25.06, 4.97, -100.62, 2.73, -22.65, -26.11, -74.03, -10.14, -19.53, 4.96, -95.02, 1.29, 18.83]
[5.0, -106.7, 9.44, -25.06, 4.97, -100.62, 2.73, -22.65, -25.92, -73.71, -9.63, -19.53, 4.96, -95.02, 1.29, 18.83]
[5.0, -106.7, 9.44, -25.06, 4.97, -100.62, 2.73, -22.65, -25.74, -73.38, -9.12, -19.53, 4.96, -95.02, 1.29, 18.83]
[5.0, -106.7, 9.44, -25.06, 4.97, -100.62, 2.73, -22.65, -25.57, -73.03, -8.6, -19.53, 4.96, -95.02, 1.29, 18.83]
[5.0, -106.7, 9.44, -25.06, 4.97, -100.62, 2.73, -22.65, -25.41, -72.68, -8.09, -19.53, 4.96, -95.02, 1.29, 18.83]
[5.0, -106.7, 9.44, -25.06, 4.97, -100.62, 2.73, -22.65, -25.26, -72.31, -7.57, -19.53, 4.96, -95.02, 1.29, 18.83]
[5.0, -106.7, 9.44, -25.06, 4.97, -100.62, 2.73, -22.65, -25.12, -71.94, -7.05, -19.53, 4.96, -95.02, 1.29, 18.83]
[5.0, -106.7, 9.44, -25.06, 4.97, -100.62, 2.73, -22.65, -24.99, -71.55, -6.53, -19.53, 4.96, -95.02, 1.29, 18.83]
[5.0, -106.7, 9.44, -25.06, 4.97, -100.62, 2.73, -22.65, -24.86, -71.15, -6.01, -19.53, 4.96, -95.02, 1.29, 18.83]
[5.0, -106.7, 9.44, -25.06, 4.97, -100.62, 2.73, -22.65, -24.75, -70.74, -5.49, -19.53, 4.96, -95.02, 1.29, 18.83]
[5.0, -106.7, 9.44, -25.06, 4.97, -100.62, 2.73, -22.65, -24.65, -70.31, -4.96, -19.53, 4.96, -95.02, 1.29, 18.83]
[5.0, -106.7, 9.44, -25.06, 4.97, -100.62, 2.73, -22.65, -24.56, -69.88, -4.43, -19.53, 4.96, -95.02, 1.29, 18.83]
[5.0, -106.7, 9.44, -25.06, 4.97, -100.62, 2.73, -22.65, -24.47, -69.43, -3.9, -19.53, 4.96, -95.02, 1.29, 18.83]
[5.0, -106.7, 9.44, -25.06, 4.97, -100.62, 2.73, -22.65, -24.4, -68.97, -3.37, -19.53, 4.96, -95.02, 1.29, 18.83]
[5.0, -106.7, 9.44, -25.06, 4.97, -100.62, 2.73, -22.65, -24.34, -68.5, -2.84, -19.53, 4.96, -95.02, 1.29, 18.83]
[5.0, -106.7, 9.44, -25.06, 4.97, -100.62, 2.73, -22.65, -24.29, -68.01, -2.3, -19.53, 4.96, -95.02, 1.29, 18.83]
[5.0, -106.7, 9.44, -25.06, 4.97, -100.62, 2.73, -22.65, -24.25, -67.52, -1.77, -19.53, 4.96, -95.02, 1.29, 18.83]
[5.0, -106.7, 9.44, -25.06, 4.97, -100.62, 2.73, -22.65, -24.22, -67.01, -1.23, -19.53, 4.96, -95.02, 1.29, 18.83]
[5.0, -106.7, 9.44, -25.06, 4.97, -100.62, 2.73, -22.65, -24.2, -66.49, -0.68, -19.53, 4.96, -95.02, 1.29, 18.83]
[5.0, -106.7, 9.44, -25.06, 4.97, -100.62, 2.73, -22.65, -24.19, -65.95, -0.14, -19.53, 4.96, -95.02, 1.29, 18.83]
[5.0, -106.7, 9.44, -25.06, 4.97, -100.62, 2.73, -22.65, -24.19, -65.4, 0.41, -19.53, 4.96, -95.02, 1.29, 18.83]
[5.0, -106.7, 9.44, -25.06, 4.97, -100.62, 2.73, -22.65, -24.21, -64.84, 0.95, -19.53, 4.96, -95.02, 1.29, 18.83]
[5.0, -106.7, 9.44, -25.06, 4.97, -100.62, 2.73, -22.65, -24.23, -64.26, 1.51, -19.53, 4.96, -95.02, 1.29, 18.83]
[5.0, -106.7, 9.44, -25.06, 4.97, -100.62, 2.73, -22.65, -24.27, -63.67, 2.06, -19.53, 4.96, -95.02, 1.29, 18.83]
[5.0, -106.7, 9.44, -25.06, 4.97, -100.62, 2.73, -22.65, -24.32, -63.07, 2.62, -19.53, 4.96, -95.02, 1.29, 18.83]
[5.0, -106.7, 9.44, -25.06, 4.97, -100.62, 2.73, -22.65, -24.38, -62.45, 3.17, -19.53, 4.96, -95.02, 1.29, 18.83]
[5.0, -106.7, 9.44, -25.06, 4.97, -100.62, 2.73, -22.65, -24.45, -61.81, 3.74, -19.53, 4.96, -95.02, 1.29, 18.83]
[4.99, -106.62, 9.24, -25.32, 4.98, -100.55, 2.69, -22.23, -23.39, -63.1, 3.51, -19.38, 4.97, -95.27, 1.32, 18.67]
[4.98, -106.54, 9.05, -25.56, 4.97, -100.46, 2.65, -21.82, -22.34, -64.35, 3.31, -19.24, 4.98, -95.51, 1.34, 18.51]
[4.96, -106.45, 8.85, -25.81, 4.97, -100.37, 2.61, -21.41, -21.31, -65.59, 3.11, -19.09, 4.99, -95.75, 1.37, 18.34]
[4.99, -106.38, 8.66, -26.04, 4.99, -100.3, 2.58, -21.0, -20.28, -66.8, 2.92, -18.94, 4.99, -95.98, 1.4, 18.18]
[4.97, -106.29, 8.47, -26.27, 5.0, -100.22, 2.54, -20.6, -19.27, -67.99, 2.74, -18.79, 5.0, -96.21, 1.44, 18.01]
[4.99, -106.21, 8.28, -26.5, 4.97, -100.11, 2.5, -20.2, -18.26, -69.16, 2.58, -18.64, 4.96, -96.41, 1.47, 17.84]
[4.97, -106.11, 8.1, -26.72, 4.97, -100.02, 2.46, -19.8, -17.27, -70.31, 2.42, -18.49, 4.97, -96.64, 1.51, 17.67]
[4.99, -106.03, 7.92, -26.94, 4.97, -99.92, 2.42, -19.4, -16.28, -71.44, 2.27, -18.33, 4.97, -96.86, 1.55, 17.49]
[4.96, -105.92, 7.73, -27.15, 4.99, -99.84, 2.39, -19.01, -15.3, -72.56, 2.14, -18.18, 4.97, -97.07, 1.59, 17.31]
[4.98, -105.83, 7.56, -27.36, 4.97, -99.73, 2.35, -18.62, -14.33, -73.66, 2.01, -18.02, 4.96, -97.29, 1.64, 17.14]
[4.99, -105.74, 7.38, -27.56, 4.98, -99.64, 2.31, -18.23, -13.37, -74.74, 1.89, -17.86, 5.0, -97.52, 1.68, 16.95]
[5.0, -105.64, 7.2, -27.76, 4.99, -99.54, 2.27, -17.85, -12.41, -75.81, 1.78, -17.7, 4.99, -97.73, 1.73, 16.77]
[4.97, -105.52, 7.03, -27.96, 4.99, -99.44, 2.24, -17.46, -11.46, -76.87, 1.68, -17.54, 4.99, -97.94, 1.78, 16.58]
[4.98, -105.42, 6.86, -28.15, 4.98, -99.33, 2.2, -17.08, -10.51, -77.91, 1.59, -17.37, 4.98, -98.14, 1.83, 16.4]
[4.99, -105.31, 6.69, -28.34, 4.97, -99.22, 2.16, -16.71, -9.57, -78.93, 1.5, -17.21, 4.97, -98.33, 1.89, 16.21]
[4.99, -105.2, 6.53, -28.52, 4.99, -99.12, 2.13, -16.34, -8.63, -79.95, 1.43, -17.04, 5.0, -98.55, 1.95, 16.01]
[5.0, -105.09, 6.37, -28.7, 5.0, -99.02, 2.09, -15.96, -7.7, -80.95, 1.36, -16.87, 4.99, -98.74, 2.01, 15.82]
[4.96, -104.95, 6.21, -28.88, 4.97, -98.88, 2.05, -15.6, -6.77, -81.94, 1.3, -16.7, 4.98, -98.93, 2.07, 15.62]
[4.97, -104.83, 6.05, -29.06, 4.97, -98.77, 2.02, -15.23, -5.84, -82.91, 1.24, -16.53, 5.0, -99.14, 2.13, 15.42]
[4.97, -104.71, 5.89, -29.23, 5.0, -98.68, 1.98, -14.87, -4.92, -83.88, 1.2, -16.35, 4.98, -99.32, 2.19, 15.21]
[4.97, -104.58, 5.74, -29.39, 4.99, -98.55, 1.95, -14.51, -4.0, -84.83, 1.16, -16.17, 4.97, -99.49, 2.26, 15.01]
[4.97, -104.45, 5.59, -29.56, 4.97, -98.42, 1.91, -14.15, -3.09, -85.78, 1.13, -16.0, 4.98, -99.69, 2.33, 14.8]
[4.97, -104.32, 5.44, -29.72, 4.99, -98.31, 1.88, -13.8, -2.18, -86.71, 1.11, -15.82, 5.0, -99.89, 2.4, 14.59]
[4.97, -104.19, 5.29, -29.88, 5.0, -98.19, 1.85, -13.45, -1.27, -87.64, 1.1, -15.63, 4.98, -100.05, 2.47, 14.37]
[4.97, -104.05, 5.15, -30.03, 4.96, -98.04, 1.81, -13.1, -0.36, -88.55, 1.09, -15.45, 4.99, -100.24, 2.55, 14.15]
[4.97, -103.91, 5.01, -30.19, 5.0, -97.94, 1.78, -12.75, 0.55, -89.45, 1.09, -15.26, 4.97, -100.4, 2.63, 13.93]
[4.96, -103.77, 4.87, -30.34, 4.99, -97.8, 1.75, -12.41, 1.45, -90.35, 1.1, -15.07, 4.97, -100.58, 2.71, 13.71]
[5.0, -103.65, 4.73, -30.48, 4.98, -97.66, 1.72, -12.07, 2.35, -91.23, 1.12, -14.88, 4.98, -100.76, 2.79, 13.48]
[5.0, -103.5, 4.6, -30.63, 4.96, -97.52, 1.69, -11.73, 3.25, -92.11, 1.14, -14.69, 4.99, -100.93, 2.87, 13.25]
[4.99, -103.34, 4.47, -30.77, 4.98, -97.39, 1.66, -11.4, 4.15, -92.98, 1.17, -14.5, 4.99, -101.1, 2.95, 13.02]
[4.99, -103.19, 4.34, -30.91, 4.99, -97.26, 1.63, -11.07, 4.97, -93.79, 1.2, -14.3, 4.99, -101.26, 3.04, 12.78]
[4.98, -103.03, 4.21, -31.05, 4.99, -97.13, 1.6, -10.74, 4.99, -94.03, 1.22, -14.1, 4.99, -101.42, 3.13, 12.54]
[4.98, -102.87, 4.09, -31.18, 5.0, -96.98, 1.57, -10.41, 4.96, -94.24, 1.23, -13.9, 4.99, -101.58, 3.22, 12.3]
[4.97, -102.71, 3.97, -31.32, 4.99, -96.84, 1.54, -10.09, 4.97, -94.48, 1.25, -13.7, 4.99, -101.74, 3.31, 12.05]
[4.97, -102.54, 3.85, -31.45, 4.98, -96.68, 1.52, -9.77, 4.98, -94.71, 1.26, -13.49, 4.98, -101.89, 3.41, 11.8]
[5.0, -102.4, 3.73, -31.57, 4.97, -96.53, 1.49, -9.45, 4.99, -94.94, 1.28, -13.28, 4.97, -102.03, 3.5, 11.54]
[4.99, -102.22, 3.62, -31.7, 4.99, -96.39, 1.47, -9.13, 4.99, -95.16, 1.3, -13.07, 5.0, -102.2, 3.6, 11.29]
[4.98, -102.05, 3.51, -31.83, 5.0, -96.25, 1.44, -8.82, 5.0, -95.38, 1.33, -12.86, 4.99, -102.34, 3.7, 11.02]
[4.98, -101.87, 3.4, -31.95, 4.97, -96.07, 1.42, -8.51, 5.0, -95.59, 1.35, -12.65, 4.97, -102.47, 3.8, 10.76]
[4.97, -101.69, 3.29, -32.07, 4.98, -95.92, 1.4, -8.2, 4.99, -95.8, 1.38, -12.43, 4.99, -102.63, 3.9, 10.49]
[5.0, -101.53, 3.19, -32.19, 4.98, -95.76, 1.38, -7.9, 4.99, -96.01, 1.41, -12.21, 4.97, -102.76, 4.0, 10.22]
[4.99, -101.34, 3.09, -32.3, 4.97, -95.6, 1.36, -7.59, 4.98, -96.22, 1.44, -11.99, 4.98, -102.9, 4.11, 9.94]
[4.98, -101.16, 2.99, -32.42, 4.97, -95.43, 1.34, -7.29, 4.98, -96.41, 1.47, -11.76, 4.99, -103.05, 4.22, 9.66]
[4.98, -100.96, 2.89, -32.53, 4.99, -95.28, 1.32, -7.0, 4.97, -96.61, 1.51, -11.54, 4.97, -103.16, 4.33, 9.37]
[4.97, -100.77, 2.8, -32.64, 4.97, -95.1, 1.3, -6.7, 4.99, -96.83, 1.54, -11.31, 4.97, -103.3, 4.44, 9.08]
[5.0, -100.6, 2.71, -32.75, 4.99, -94.95, 1.28, -6.41, 4.97, -97.01, 1.58, -11.07, 4.97, -103.43, 4.55, 8.79]
[4.99, -100.4, 2.62, -32.86, 4.96, -94.76, 1.27, -6.12, 4.99, -97.22, 1.62, -10.84, 4.97, -103.55, 4.66, 8.49]
[4.98, -100.19, 2.53, -32.96, 4.97, -94.59, 1.25, -5.83, 4.97, -97.4, 1.66, -10.6, 4.97, -103.67, 4.78, 8.18]
[4.97, -99.99, 2.45, -33.07, 4.98, -94.42, 1.24, -5.55, 4.99, -97.6, 1.7, -10.36, 4.96, -103.79, 4.89, 7.88]
[5.0, -99.81, 2.37, -33.17, 4.98, -94.24, 1.23, -5.26, 5.0, -97.8, 1.75, -10.12, 4.99, -103.93, 5.01, 7.56]
[4.99, -99.6, 2.29, -33.27, 4.97, -94.05, 1.22, -4.98, 4.97, -97.97, 1.79, -9.87, 4.98, -104.04, 5.13, 7.25]
[4.98, -99.38, 2.22, -33.37, 4.96, -93.87, 1.21, -4.71, 4.98, -98.16, 1.84, -9.62, 5.0, -104.17, 5.25, 6.92]
[4.97, -99.17, 2.14, -33.47, 4.66, -93.47, 1.19, -4.43, 4.98, -98.34, 1.89, -9.37, 4.98, -104.27, 5.37, 6.6]
[5.0, -98.97, 2.08, -33.57, 3.95, -92.78, 1.16, -4.16, 4.98, -98.52, 1.94, -9.11, 4.99, -104.39, 5.49, 6.27]
[4.99, -98.75, 2.01, -33.66, 3.23, -92.09, 1.14, -3.89, 4.98, -98.7, 1.99, -8.86, 4.97, -104.48, 5.62, 5.93]
[4.98, -98.53, 1.94, -33.76, 2.51, -91.39, 1.12, -3.62, 4.98, -98.87, 2.05, -8.59, 4.97, -104.59, 5.74, 5.59]
[4.97, -98.3, 1.88, -33.85, 1.79, -90.68, 1.11, -3.35, 4.97, -99.04, 2.1, -8.33, 4.97, -104.69, 5.87, 5.24]
[5.0, -98.1, 1.82, -33.94, 1.06, -89.97, 1.1, -3.09, 5.0, -99.23, 2.16, -8.06, 4.97, -104.79, 6.0, 4.88]
[4.99, -97.86, 1.76, -34.03, 0.33, -89.24, 1.09, -2.83, 4.99, -99.39, 2.22, -7.79, 4.97, -104.89, 6.13, 4.52]
[4.98, -97.63, 1.71, -34.12, -0.4, -88.51, 1.09, -2.57, 4.97, -99.54, 2.28, -7.52, 4.99, -105.01, 6.26, 4.16]
[4.97, -97.39, 1.66, -34.21, -1.14, -87.77, 1.1, -2.31, 4.99, -99.72, 2.34, -7.24, 4.98, -105.09, 6.39, 3.79]
[5.0, -97.18, 1.61, -34.3, -1.88, -87.02, 1.11, -2.06, 4.97, -99.87, 2.4, -6.96, 5.0, -105.2, 6.52, 3.41]
[4.99, -96.93, 1.56, -34.38, -2.62, -86.26, 1.12, -1.8, 4.98, -100.03, 2.47, -6.68, 4.97, -105.27, 6.65, 3.03]
[4.98, -96.69, 1.52, -34.46, -3.37, -85.49, 1.14, -1.55, 4.99, -100.2, 2.53, -6.39, 4.98, -105.37, 6.78, 2.64]
[4.97, -96.44, 1.48, -34.55, -4.12, -84.71, 1.17, -1.31, 4.99, -100.36, 2.6, -6.1, 4.99, -105.46, 6.92, 2.25]
[4.99, -96.21, 1.44, -34.63, -4.88, -83.92, 1.2, -1.06, 5.0, -100.51, 2.67, -5.81, 4.98, -105.54, 7.05, 1.85]
[4.98, -95.96, 1.4, -34.71, -5.64, -83.13, 1.23, -0.82, 5.0, -100.66, 2.74, -5.51, 4.98, -105.62, 7.19, 1.44]
[4.97, -95.7, 1.37, -34.79, -6.41, -82.32, 1.28, -0.57, 4.99, -100.8, 2.81, -5.21, 4.97, -105.69, 7.32, 1.03]
[5.0, -95.47, 1.34, -34.87, -7.18, -81.5, 1.32, -0.33, 4.98, -100.94, 2.88, -4.9, 4.99, -105.79, 7.46, 0.61]
[4.99, -95.21, 1.31, -34.95, -7.95, -80.67, 1.37, -0.1, 4.97, -101.08, 2.95, -4.59, 4.97, -105.85, 7.6, 0.18]
[4.98, -94.94, 1.28, -35.02, -8.73, -79.84, 1.43, 0.14, 4.99, -101.24, 3.03, -4.28, 4.97, -105.93, 7.74, -0.26]
[4.97, -94.68, 1.26, -35.1, -9.51, -78.99, 1.5, 0.37, 4.97, -101.36, 3.1, -3.96, 4.98, -106.0, 7.87, -0.7]
[4.99, -94.43, 1.24, -35.17, -10.3, -78.13, 1.57, 0.6, 4.99, -101.51, 3.18, -3.64, 4.98, -106.07, 8.01, -1.15]
[4.98, -94.16, 1.22, -35.25, -11.1, -77.26, 1.64, 0.83, 5.0, -101.65, 3.26, -3.32, 4.97, -106.14, 8.15, -1.6]
[4.97, -93.88, 1.21, -35.32, -11.9, -76.37, 1.72, 1.06, 4.97, -101.76, 3.34, -2.99, 4.99, -106.22, 8.29, -2.06]
[4.37, -93.19, 1.18, -35.39, -12.71, -75.48, 1.81, 1.29, 4.97, -101.89, 3.42, -2.66, 4.97, -106.27, 8.43, -2.53]
[3.33, -92.19, 1.14, -35.46, -13.52, -74.57, 1.91, 1.51, 4.97, -102.02, 3.5, -2.33, 4.98, -106.34, 8.57, -3.01]
[2.29, -91.18, 1.11, -35.53, -14.34, -73.65, 2.01, 1.73, 5.0, -102.17, 3.58, -1.99, 4.98, -106.4, 8.71, -3.5]
[1.25, -90.15, 1.1, -35.6, -15.17, -72.72, 2.12, 1.95, 4.99, -102.29, 3.66, -1.64, 4.98, -106.46, 8.85, -3.99]
[0.21, -89.12, 1.09, -35.67, -16.0, -71.77, 2.23, 2.17, 4.97, -102.4, 3.74, -1.29, 4.97, -106.51, 8.99, -4.49]
[-0.83, -88.08, 1.09, -35.74, -16.84, -70.8, 2.36, 2.38, 4.99, -102.53, 3.83, -0.94, 4.99, -106.58, 9.13, -5.0]
[-1.87, -87.03, 1.11, -35.8, -17.69, -69.83, 2.49, 2.6, 4.96, -102.63, 3.91, -0.58, 5.0, -106.64, 9.27, -5.52]
[-2.91, -85.96, 1.13, -35.87, -18.54, -68.83, 2.62, 2.81, 4.97, -102.75, 4.0, -0.22, 4.96, -106.67, 9.41, -6.04]
[-3.95, -84.89, 1.16, -35.94, -19.41, -67.82, 2.77, 3.02, 4.98, -102.87, 4.09, 0.14, 5.0, -106.74, 9.55, -6.58]
[-5.0, -83.8, 1.2, -36.0, -20.28, -66.8, 2.92, 3.23, 4.97, -102.98, 4.17, 0.51, 4.99, -106.78, 9.68, -7.12]
[-6.04, -82.7, 1.26, -36.06, -21.16, -65.76, 3.08, 3.44, 4.97, -103.08, 4.26, 0.89, 4.96, -106.82, 9.82, -7.67]
[-7.09, -81.59, 1.32, -36.13, -22.06, -64.69, 3.25, 3.64, 4.99, -103.21, 4.35, 1.27, 4.97, -106.87, 9.96, -8.23]
[-8.15, -80.46, 1.39, -36.19, -22.96, -63.61, 3.43, 3.85, 4.98, -103.3, 4.44, 1.65, 4.97, -106.91, 10.09, -8.8]
[-9.21, -79.32, 1.47, -36.25, -23.87, -62.51, 3.62, 4.05, 4.99, -103.42, 4.53, 2.04, 4.97, -106.95, 10.23, -9.38]
[-10.27, -78.17, 1.56, -36.31, -24.8, -61.39, 3.81, 4.25, 5.0, -103.53, 4.62, 2.43, 4.99, -107.0, 10.36, -9.97]
[-11.33, -77.0, 1.67, -36.37, -25.74, -60.24, 4.02, 4.45, 4.97, -103.6, 4.71, 2.83, 5.0, -107.05, 10.5, -10.56]
[-12.4, -75.82, 1.78, -36.43, -26.69, -59.07, 4.23, 4.64, 4.96, -103.7, 4.8, 3.23, 5.0, -107.09, 10.63, -11.17]
[-13.48, -74.62, 1.9, -36.49, -27.66, -57.88, 4.46, 4.84, 4.99, -103.82, 4.9, 3.64, 4.99, -107.12, 10.76, -11.78]
[-14.56, -73.4, 2.04, -36.55, -28.64, -56.66, 4.7, 5.03, 4.98, -103.9, 4.99, 4.05, 4.97, -107.14, 10.89, -12.4]
[-15.65, -72.16, 2.18, -36.6, -29.64, -55.41, 4.95, 5.22, 5.0, -104.01, 5.08, 4.47, 4.98, -107.18, 11.02, -13.03]
[-15.65, -72.16, 2.18, -36.6, -29.31, -56.37, 4.32, 4.98, 5.0, -104.01, 5.08, 4.47, 4.98, -107.18, 11.02, -13.03]
[-15.65, -72.16, 2.18, -36.6, -29.0, -57.3, 3.7, 4.74, 5.0, -104.01, 5.08, 4.47, 4.98, -107.18, 11.02, -13.03]
[-15.65, -72.16, 2.18, -36.6, -28.72, -58.2, 3.08, 4.5, 5.0, -104.01, 5.08, 4.47, 4.98, -107.18, 11.02, -13.03]
[-15.65, -72.16, 2.18, -36.6, -28.45, -59.08, 2.47, 4.25, 5.0, -104.01, 5.08, 4.47, 4.98, -107.18, 11.02, -13.03]
[-15.65, -72.16, 2.18, -36.6, -28.21, -59.93, 1.86, 4.01, 5.0, -104.01, 5.08, 4.47, 4.98, -107.18, 11.02, -13.03]
[-15.65, -72.16, 2.18, -36.6, -27.98, -60.76, 1.26, 3.77, 5.0, -104.01, 5.08, 4.47, 4.98, -107.18, 11.02, -13.03]
[-15.65, -72.16, 2.18, -36.6, -27.77, -61.56, 0.67, 3.52, 5.0, -104.01, 5.08, 4.47, 4.98, -107.18, 11.02, -13.03]
[-15.65, -72.16, 2.18, -36.6, -27.58, -62.34, 0.08, 3.28, 5.0, -104.01, 5.08, 4.47, 4.98, -107.18, 11.02, -13.03]
[-15.65, -72.16, 2.18, -36.6, -27.41, -63.1, -0.51, 3.03, 5.0, -104.01, 5.08, 4.47, 4.98, -107.18, 11.02, -13.03]
[-15.65, -72.16, 2.18, -36.6, -27.26, -63.84, -1.09, 2.79, 5.0, -104.01, 5.08, 4.47, 4.98, -107.18, 11.02, -13.03]
[-15.65, -72.16, 2.18, -36.6, -27.12, -64.55, -1.67, 2.54, 5.0, -104.01, 5.08, 4.47, 4.98, -107.18, 11.02, -13.03]
[-15.65, -72.16, 2.18, -36.6, -27.0, -65.25, -2.25, 2.29, 5.0, -104.01, 5.08, 4.47, 4.98, -107.18, 11.02, -13.03]
[-15.65, -72.16, 2.18, -36.6, -26.89, -65.93, -2.82, 2.05, 5.0, -104.01, 5.08, 4.47, 4.98, -107.18, 11.02, -13.03]
[-15.65, -72.16, 2.18, -36.6, -26.8, -66.58, -3.38, 1.8, 5.0, -104.01, 5.08, 4.47, 4.98, -107.18, 11.02, -13.03]
[-15.65, -72.16, 2.18, -36.6, -26.73, -67.22, -3.95, 1.55, 5.0, -104.01, 5.08, 4.47, 4.98, -107.18, 11.02, -13.03]
[-15.65, -72.16, 2.18, -36.6, -26.67, -67.84, -4.51, 1.31, 5.0, -104.01, 5.08, 4.47, 4.98, -107.18, 11.02, -13.03]
[-15.65, -72.16, 2.18, -36.6, -26.63, -68.44, -5.07, 1.06, 5.0, -104.01, 5.08, 4.47, 4.98, -107.18, 11.02, -13.03]
[-15.65, -72.16, 2.18, -36.6, -26.6, -69.02, -5.62, 0.81, 5.0, -104.01, 5.08, 4.47, 4.98, -107.18, 11.02, -13.03]
[-15.65, -72.16, 2.18, -36.6, -26.59, -69.58, -6.17, 0.56, 5.0, -104.01, 5.08, 4.47, 4.98, -107.18, 11.02, -13.03]
[-15.65, -72.16, 2.18, -36.6, -26.59, -70.13, -6.72, 0.31, 5.0, -104.01, 5.08, 4.47, 4.98, -107.18, 11.02, -13.03]
[-15.65, -72.16, 2.18, -36.6, -26.61, -70.66, -7.27, 0.06, 5.0, -104.01, 5.08, 4.47, 4.98, -107.18, 11.02, -13.03]
[-15.65, -72.16, 2.18, -36.6, -26.64, -71.17, -7.81, -0.19, 5.0, -104.01, 5.08, 4.47, 4.98, -107.18, 11.02, -13.03]
[-15.65, -72.16, 2.18, -36.6, -26.69, -71.66, -8.35, -0.44, 5.0, -104.01, 5.08, 4.47, 4.98, -107.18, 11.02, -13.03]
[-15.65, -72.16, 2.18, -36.6, -26.75, -72.14, -8.89, -0.69, 5.0, -104.01, 5.08, 4.47, 4.98, -107.18, 11.02, -13.03]
[-15.65, -72.16, 2.18, -36.6, -26.82, -72.6, -9.42, -0.94, 5.0, -104.01, 5.08, 4.47, 4.98, -107.18, 11.02, -13.03]
[-15.65, -72.16, 2.18, -36.6, -26.91, -73.05, -9.96, -1.19, 5.0, -104.01, 5.08, 4.47, 4.98, -107.18, 11.02, -13.03]
[-15.65, -72.16, 2.18, -36.6, -27.01, -73.47, -10.49, -1.44, 5.0, -104.01, 5.08, 4.47, 4.98, -107.18, 11.02, -13.03]
[-15.65, -72.16, 2.18, -36.6, -27.13, -73.89, -11.01, -1.69, 5.0, -104.01, 5.08, 4.47, 4.98, -107.18, 11.02, -13.03]
[-15.65, -72.16, 2.18, -36.6, -27.26, -74.28, -11.54, -1.94, 5.0, -104.01, 5.08, 4.47, 4.98, -107.18, 11.02, -13.03]
[-15.65, -72.16, 2.18, -36.6, -27.4, -74.66, -12.06, -2.19, 5.0, -104.01, 5.08, 4.47, 4.98, -107.18, 11.02, -13.03]
[-15.65, -72.16, 2.18, -36.6, -27.56, -75.02, -12.58, -2.44, 5.0, -104.01, 5.08, 4.47, 4.98, -107.18, 11.02, -13.03]
[-15.65, -72.16, 2.18, -36.6, -27.73, -75.37, -13.1, -2.69, 5.0, -104.01, 5.08, 4.47, 4.98, -107.18, 11.02, -13.03]
[-15.65, -72.16, 2.18, -36.6, -27.91, -75.7, -13.62, -2.95, 5.0, -104.01, 5.08, 4.47, 4.98, -107.18, 11.02, -13.03]
[-15.65, -72.16, 2.18, -36.6, -28.11, -76.02, -14.13, -3.2, 5.0, -104.01, 5.08, 4.47, 4.98, -107.18, 11.02, -13.03]
[-15.65, -72.16, 2.18, -36.6, -28.32, -76.32, -14.64, -3.45, 5.0, -104.01, 5.08, 4.47, 4.98, -107.18, 11.02, -13.03]
[-15.65, -72.16, 2.18, -36.6, -28.54, -76.61, -15.15, -3.7, 5.0, -104.01, 5.08, 4.47, 4.98, -107.18, 11.02, -13.03]
[-15.65, -72.16, 2.18, -36.6, -28.78, -76.88, -15.65, -3.95, 5.0, -104.01, 5.08, 4.47, 4.98, -107.18, 11.02, -13.03]
[-15.65, -72.16, 2.18, -36.6, -29.02, -77.13, -16.16, -4.21, 5.0, -104.01, 5.08, 4.47, 4.98, -107.18, 11.02, -13.03]
[-15.65, -72.16, 2.18, -36.6, -29.28, -77.37, -16.66, -4.46, 5.0, -104.01, 5.08, 4.47, 4.98, -107.18, 11.02, -13.03]
[-15.65, -72.16, 2.18, -36.6, -29.56, -77.6, -17.16, -4.71, 5.0, -104.01, 5.08, 4.47, 4.98, -107.18, 11.02, -13.03]
[-15.65, -72.16, 2.18, -36.6, -29.84, -77.81, -17.65, -4.97, 5.0, -104.01, 5.08, 4.47, 4.98, -107.18, 11.02, -13.03]
[-15.65, -72.16, 2.18, -36.6, -30.14, -78.0, -18.14, -5.22, 5.0, -104.01, 5.08, 4.47, 4.98, -107.18, 11.02, -13.03]
[-15.65, -72.16, 2.18, -36.6, -30.45, -78.18, -18.63, -5.47, 5.0, -104.01, 5.08, 4.47, 4.98, -107.18, 11.02, -13.03]
[-15.65, -72.16, 2.18, -36.6, -30.78, -78.34, -19.12, -5.73, 5.0, -104.01, 5.08, 4.47, 4.98, -107.18, 11.02, -13.03]
[-15.65, -72.16, 2.18, -36.6, -31.11, -78.49, -19.61, -5.98, 5.0, -104.01, 5.08, 4.47, 4.98, -107.18, 11.02, -13.03]
[-15.65, -72.16, 2.18, -36.6, -31.46, -78.63, -20.09, -6.23, 5.0, -104.01, 5.08, 4.47, 4.98, -107.18, 11.02, -13.03]
[-15.65, -72.16, 2.18, -36.6, -31.82, -78.75, -20.57, -6.49, 5.0, -104.01, 5.08, 4.47, 4.98, -107.18, 11.02, -13.03]
[-15.65, -72.16, 2.18, -36.6, -32.19, -78.85, -21.04, -6.74, 5.0, -104.01, 5.08, 4.47, 4.98, -107.18, 11.02, -13.03]
[-15.65, -72.16, 2.18, -36.6, -32.57, -78.94, -21.51, -6.99, 5.0, -104.01, 5.08, 4.47, 4.98, -107.18, 11.02, -13.03]
[-15.65, -72.16, 2.18, -36.6, -32.97, -79.01, -21.98, -7.25, 5.0, -104.01, 5.08, 4.47, 4.98, -107.18, 11.02, -13.03]
[-15.65, -72.16, 2.18, -36.6, -33.38, -79.07, -22.45, -7.5, 5.0, -104.01, 5.08, 4.47, 4.98, -107.18, 11.02, -13.03]
[-15.65, -72.16, 2.18, -36.6, -33.79, -79.12, -22.91, -7.76, 5.0, -104.01, 5.08, 4.47, 4.98, -107.18, 11.02, -13.03]
[-15.65, -72.16, 2.18, -36.6, -34.22, -79.15, -23.37, -8.01, 5.0, -104.01, 5.08, 4.47, 4.98, -107.18, 11.02, -13.03]
[-15.65, -72.16, 2.18, -36.6, -34.66, -79.16, -23.83, -8.26, 5.0, -104.01, 5.08, 4.47, 4.98, -107.18, 11.02, -13.03]
[-15.65, -72.16, 2.18, -36.6, -35.12, -79.16, -24.28, -8.52, 5.0, -104.01, 5.08, 4.47, 4.98, -107.18, 11.02, -13.03]
[-15.65, -72.16, 2.18, -36.6, -35.58, -79.14, -24.73, -8.77, 5.0, -104.01, 5.08, 4.47, 4.98, -107.18, 11.02, -13.03]
[-15.65, -72.16, 2.18, -36.6, -36.06, -79.11, -25.17, -9.02, 5.0, -104.01, 5.08, 4.47, 4.98, -107.18, 11.02, -13.03]
[-15.65, -72.16, 2.18, -36.6, -36.54, -79.07, -25.61, -9.28, 5.0, -104.01, 5.08, 4.47, 4.98, -107.18, 11.02, -13.03]
[-15.65, -72.16, 2.18, -36.6, -37.04, -79.01, -26.05, -9.53, 5.0, -104.01, 5.08, 4.47, 4.98, -107.18, 11.02, -13.03]
[-15.65, -72.16, 2.18, -36.6, -37.54, -78.93, -26.48, -9.78, 5.0, -104.01, 5.08, 4.47, 4.98, -107.18, 11.02, -13.03]
[-15.63, -72.19, 2.18, -36.61, -37.56, -78.91, -26.47, -9.79, 5.0, -104.0, 5.08, 4.47, 4.97, -107.17, 11.03, -13.01]
[-15.63, -72.19, 2.18, -36.61, -37.09, -78.94, -26.03, -9.79, 5.0, -104.0, 5.08, 4.47, 4.97, -107.17, 11.03, -13.01]
[-15.63, -72.19, 2.18, -36.61, -36.62, -78.97, -25.58, -9.79, 5.0, -104.0, 5.08, 4.47, 4.97, -107.17, 11.03, -13.01]
[-15.63, -72.19, 2.18, -36.61, -36.15, -78.98, -25.14, -9.79, 5.0, -104.0, 5.08, 4.47, 4.97, -107.17, 11.03, -13.01]
[-15.63, -72.19, 2.18, -36.61, -35.7, -78.99, -24.69, -9.79, 5.0, -104.0, 5.08, 4.47, 4.97, -107.17, 11.03, -13.01]
[-15.63, -72.19, 2.18, -36.61, -35.25, -78.98, -24.23, -9.79, 5.0, -104.0, 5.08, 4.47, 4.97, -107.17, 11.03, -13.01]
[-15.63, -72.19, 2.18, -36.61, -34.81, -78.97, -23.78, -9.79, 5.0, -104.0, 5.08, 4.47, 4.97, -107.17, 11.03, -13.01]
[-15.63, -72.19, 2.18, -36.61, -34.38, -78.94, -23.32, -9.79, 5.0, -104.0, 5.08, 4.47, 4.97, -107.17, 11.03, -13.01]
[-15.63, -72.19, 2.18, -36.61, -33.95, -78.91, -22.86, -9.79, 5.0, -104.0, 5.08, 4.47, 4.97, -107.17, 11.03, -13.01]
[-15.63, -72.19, 2.18, -36.61, -33.54, -78.86, -22.4, -9.79, 5.0, -104.0, 5.08, 4.47, 4.97, -107.17, 11.03, -13.01]
[-15.63, -72.19, 2.18, -36.61, -33.13, -78.8, -21.93, -9.79, 5.0, -104.0, 5.08, 4.47, 4.97, -107.17, 11.03, -13.01]
[-15.63, -72.19, 2.18, -36.61, -32.73, -78.74, -21.47, -9.79, 5.0, -104.0, 5.08, 4.47, 4.97, -107.17, 11.03, -13.01]
[-15.63, -72.19, 2.18, -36.61, -32.34, -78.66, -21.0, -9.79, 5.0, -104.0, 5.08, 4.47, 4.97, -107.17, 11.03, -13.01]
[-15.63, -72.19, 2.18, -36.61, -31.95, -78.57, -20.53, -9.79, 5.0, -104.0, 5.08, 4.47, 4.97, -107.17, 11.03, -13.01]
[-15.63, -72.19, 2.18, -36.61, -31.58, -78.47, -20.05, -9.79, 5.0, -104.0, 5.08, 4.47, 4.97, -107.17, 11.03, -13.01]
[-15.63, -72.19, 2.18, -36.61, -31.21, -78.37, -19.58, -9.79, 5.0, -104.0, 5.08, 4.47, 4.97, -107.17, 11.03, -13.01]
[-15.63, -72.19, 2.18, -36.61, -30.85, -78.25, -19.1, -9.79, 5.0, -104.0, 5.08, 4.47, 4.97, -107.17, 11.03, -13.01]
[-15.63, -72.19, 2.18, -36.61, -30.5, -78.12, -18.62, -9.79, 5.0, -104.0, 5.08, 4.47, 4.97, -107.17, 11.03, -13.01]
[-15.63, -72.19, 2.18, -36.61, -30.16, -77.98, -18.14, -9.79, 5.0, -104.0, 5.08, 4.47, 4.97, -107.17, 11.03, -13.01]
[-15.63, -72.19, 2.18, -36.61, -29.83, -77.83, -17.66, -9.79, 5.0, -104.0, 5.08, 4.47, 4.97, -107.17, 11.03, -13.01]
[-15.63, -72.19, 2.18, -36.61, -29.5, -77.67, -17.17, -9.79, 5.0, -104.0, 5.08, 4.47, 4.97, -107.17, 11.03, -13.01]
[-15.63, -72.19, 2.18, -36.61, -29.19, -77.5, -16.68, -9.79, 5.0, -104.0, 5.08, 4.47, 4.97, -107.17, 11.03, -13.01]
[-15.63, -72.19, 2.18, -36.61, -28.88, -77.32, -16.19, -9.79, 5.0, -104.0, 5.08, 4.47, 4.97, -107.17, 11.03, -13.01]
[-15.63, -72.19, 2.18, -36.61, -28.58, -77.13, -15.7, -9.79, 5.0, -104.0, 5.08, 4.47, 4.97, -107.17, 11.03, -13.01]
[-15.63, -72.19, 2.18, -36.61, -28.29, -76.92, -15.21, -9.79, 5.0, -104.0, 5.08, 4.47, 4.97, -107.17, 11.03, -13.01]
[-15.63, -72.19, 2.18, -36.61, -28.01, -76.71, -14.72, -9.79, 5.0, -104.0, 5.08, 4.47, 4.97, -107.17, 11.03, -13.01]
[-15.63, -72.19, 2.18, -36.61, -27.73, -76.49, -14.22, -9.79, 5.0, -104.0, 5.08, 4.47, 4.97, -107.17, 11.03, -13.01]
[-15.63, -72.19, 2.18, -36.61, -27.47, -76.25, -13.72, -9.79, 5.0, -104.0, 5.08, 4.47, 4.97, -107.17, 11.03, -13.01]
[-15.63, -72.19, 2.18, -36.61, -27.22, -76.01, -13.23, -9.79, 5.0, -104.0, 5.08, 4.47, 4.97, -107.17, 11.03, -13.01]
[-15.63, -72.19, 2.18, -36.61, -26.97, -75.75, -12.72, -9.79, 5.0, -104.0, 5.08, 4.47, 4.97, -107.17, 11.03, -13.01]
[-15.63, -72.19, 2.18, -36.61, -26.73, -75.49, -12.22, -9.79, 5.0, -104.0, 5.08, 4.47, 4.97, -107.17, 11.03, -13.01]
[-15.63, -72.19, 2.18, -36.61, -26.51, -75.21, -11.72, -9.79, 5.0, -104.0, 5.08, 4.47, 4.97, -107.17, 11.03, -13.01]
[-15.63, -72.19, 2.18, -36.61, -26.29, -74.92, -11.21, -9.79, 5.0, -104.0, 5.08, 4.47, 4.97, -107.17, 11.03, -13.01]
[-15.63, -72.19, 2.18, -36.61, -26.08, -74.62, -10.7, -9.79, 5.0, -104.0, 5.08, 4.47, 4.97, -107.17, 11.03, -13.01]
[-15.63, -72.19, 2.18, -36.61, -25.88, -74.32, -10.19, -9.79, 5.0, -104.0, 5.08, 4.47, 4.97, -107.17, 11.03, -13.01]
[-15.63, -72.19, 2.18, -36.61, -25.69, -73.99, -9.68, -9.79, 5.0, -104.0, 5.08, 4.47, 4.97, -107.17, 11.03, -13.01]
[-15.63, -72.19, 2.18, -36.61, -25.51, -73.66, -9.17, -9.79, 5.0, -104.0, 5.08, 4.47, 4.97, -107.17, 11.03, -13.01]
[-15.63, -72.19, 2.18, -36.61, -25.34, -73.32, -8.66, -9.79, 5.0, -104.0, 5.08, 4.47, 4.97, -107.17, 11.03, -13.01]
[-15.63, -72.19, 2.18, -36.61, -25.17, -72.97, -8.14, -9.79, 5.0, -104.0, 5.08, 4.47, 4.97, -107.17, 11.03, -13.01]
[-15.63, -72.19, 2.18, -36.61, -25.02, -72.6, -7.62, -9.79, 5.0, -104.0, 5.08, 4.47, 4.97, -107.17, 11.03, -13.01]
[-15.63, -72.19, 2.18, -36.61, -24.88, -72.23, -7.11, -9.79, 5.0, -104.0, 5.08, 4.47, 4.97, -107.17, 11.03, -13.01]
[-15.63, -72.19, 2.18, -36.61, -24.75, -71.84, -6.58, -9.79, 5.0, -104.0, 5.08, 4.47, 4.97, -107.17, 11.03, -13.01]
[-15.63, -72.19, 2.18, -36.61, -24.62, -71.44, -6.06, -9.79, 5.0, -104.0, 5.08, 4.47, 4.97, -107.17, 11.03, -13.01]
[-15.63, -72.19, 2.18, -36.61, -24.51, -71.03, -5.54, -9.79, 5.0, -104.0, 5.08, 4.47, 4.97, -107.17, 11.03, -13.01]
[-15.63, -72.19, 2.18, -36.61, -24.41, -70.61, -5.01, -9.79, 5.0, -104.0, 5.08, 4.47, 4.97, -107.17, 11.03, -13.01]
[-15.63, -72.19, 2.18, -36.61, -24.31, -70.17, -4.48, -9.79, 5.0, -104.0, 5.08, 4.47, 4.97, -107.17, 11.03, -13.01]
[-15.63, -72.19, 2.18, -36.61, -24.23, -69.72, -3.96, -9.79, 5.0, -104.0, 5.08, 4.47, 4.97, -107.17, 11.03, -13.01]
[-15.63, -72.19, 2.18, -36.61, -24.16, -69.27, -3.42, -9.79, 5.0, -104.0, 5.08, 4.47, 4.97, -107.17, 11.03, -13.01]
[-15.63, -72.19, 2.18, -36.61, -24.1, -68.8, -2.89, -9.79, 5.0, -104.0, 5.08, 4.47, 4.97, -107.17, 11.03, -13.01]
[-15.63, -72.19, 2.18, -36.61, -24.04, -68.31, -2.36, -9.79, 5.0, -104.0, 5.08, 4.47, 4.97, -107.17, 11.03, -13.01]
[-15.63, -72.19, 2.18, -36.61, -24.0, -67.82, -1.82, -9.79, 5.0, -104.0, 5.08, 4.47, 4.97, -107.17, 11.03, -13.01]
[-15.63, -72.19, 2.18, -36.61, -23.97, -67.31, -1.28, -9.79, 5.0, -104.0, 5.08, 4.47, 4.97, -107.17, 11.03, -13.01]
[-15.63, -72.19, 2.18, -36.61, -23.95, -66.79, -0.74, -9.79, 5.0, -104.0, 5.08, 4.47, 4.97, -107.17, 11.03, -13.01]
[-15.63, -72.19, 2.18, -36.61, -23.94, -66.25, -0.19, -9.79, 5.0, -104.0, 5.08, 4.47, 4.97, -107.17, 11.03, -13.01]
[-15.63, -72.19, 2.18, -36.61, -23.94, -65.7, 0.35, -9.79, 5.0, -104.0, 5.08, 4.47, 4.97, -107.17, 11.03, -13.01]
[-15.63, -72.19, 2.18, -36.61, -23.96, -65.14, 0.9, -9.79, 5.0, -104.0, 5.08, 4.47, 4.97, -107.17, 11.03, -13.01]
[-15.63, -72.19, 2.18, -36.61, -23.98, -64.57, 1.45, -9.79, 5.0, -104.0, 5.08, 4.47, 4.97, -107.17, 11.03, -13.01]
[-15.63, -72.19, 2.18, -36.61, -24.01, -63.98, 2.01, -9.79, 5.0, -104.0, 5.08, 4.47, 4.97, -107.17, 11.03, -13.01]
[-15.63, -72.19, 2.18, -36.61, -24.06, -63.38, 2.56, -9.79, 5.0, -104.0, 5.08, 4.47, 4.97, -107.17, 11.03, -13.01]
[-15.63, -72.19, 2.18, -36.61, -24.12, -62.76, 3.12, -9.79, 5.0, -104.0, 5.08, 4.47, 4.97, -107.17, 11.03, -13.01]
[-15.63, -72.19, 2.18, -36.61, -24.19, -62.13, 3.68, -9.79, 5.0, -104.0, 5.08, 4.47, 4.97, -107.17, 11.03, -13.01]
[-14.7, -73.25, 2.06, -36.26, -22.62, -64.02, 3.36, -9.88, 4.97, -103.99, 5.08, 3.74, 4.99, -107.11, 10.72, -12.74]
[-13.77, -74.29, 1.94, -35.91, -21.07, -65.87, 3.06, -9.97, 4.97, -103.99, 5.09, 3.01, 4.98, -107.02, 10.42, -12.49]
[-12.86, -75.31, 1.83, -35.55, -19.54, -67.66, 2.79, -10.07, 4.98, -104.0, 5.09, 2.28, 4.97, -106.92, 10.13, -12.24]
[-11.96, -76.31, 1.73, -35.19, -18.04, -69.42, 2.54, -10.16, 4.98, -104.0, 5.09, 1.54, 4.99, -106.84, 9.84, -12.0]
[-11.07, -77.29, 1.64, -34.83, -16.55, -71.14, 2.31, -10.25, 4.99, -104.0, 5.09, 0.81, 4.97, -106.73, 9.55, -11.77]
[-10.19, -78.26, 1.56, -34.46, -15.08, -72.82, 2.11, -10.35, 4.98, -103.99, 5.08, 0.08, 4.99, -106.63, 9.27, -11.54]
[-9.32, -79.2, 1.48, -34.09, -13.61, -74.47, 1.92, -10.45, 4.99, -103.99, 5.07, -0.65, 4.96, -106.51, 8.99, -11.32]
[-8.46, -80.13, 1.41, -33.71, -12.17, -76.08, 1.75, -10.55, 4.99, -103.98, 5.06, -1.39, 4.98, -106.4, 8.72, -11.11]
[-7.61, -81.04, 1.35, -33.33, -10.73, -77.67, 1.61, -10.65, 5.0, -103.97, 5.05, -2.11, 4.99, -106.29, 8.46, -10.9]
[-6.77, -81.93, 1.3, -32.95, -9.3, -79.22, 1.48, -10.75, 4.99, -103.95, 5.03, -2.84, 5.0, -106.18, 8.19, -10.71]
[-5.94, -82.81, 1.25, -32.57, -7.88, -80.75, 1.37, -10.85, 4.97, -103.92, 5.01, -3.57, 4.97, -106.03, 7.93, -10.51]
[-5.13, -83.67, 1.21, -32.18, -6.46, -82.26, 1.28, -10.96, 5.0, -103.92, 4.99, -4.29, 4.98, -105.9, 7.68, -10.33]
[-4.32, -84.51, 1.17, -31.78, -5.06, -83.74, 1.21, -11.07, 4.97, -103.87, 4.97, -5.02, 4.98, -105.76, 7.43, -10.14]
[-3.52, -85.34, 1.15, -31.39, -3.65, -85.2, 1.15, -11.17, 4.96, -103.84, 4.94, -5.74, 4.99, -105.62, 7.18, -9.97]
[-2.72, -86.15, 1.12, -30.99, -2.25, -86.64, 1.11, -11.29, 4.98, -103.82, 4.91, -6.46, 4.99, -105.48, 6.94, -9.79]
[-1.94, -86.95, 1.11, -30.58, -0.85, -88.05, 1.09, -11.4, 4.97, -103.79, 4.88, -7.17, 4.99, -105.33, 6.71, -9.63]
[-1.17, -87.73, 1.1, -30.18, 0.54, -89.45, 1.09, -11.51, 4.98, -103.76, 4.85, -7.88, 5.0, -105.17, 6.48, -9.46]
[-0.41, -88.5, 1.09, -29.76, 1.94, -90.83, 1.11, -11.63, 4.98, -103.72, 4.82, -8.59, 5.0, -105.01, 6.25, -9.31]
[0.35, -89.26, 1.09, -29.35, 3.33, -92.19, 1.14, -11.75, 4.99, -103.69, 4.78, -9.3, 5.0, -104.84, 6.03, -9.15]
[1.09, -90.0, 1.1, -28.93, 4.73, -93.54, 1.19, -11.87, 4.99, -103.65, 4.74, -10.0, 4.96, -104.64, 5.81, -9.0]
[1.83, -90.72, 1.11, -28.51, 4.99, -94.08, 1.22, -11.99, 4.97, -103.59, 4.7, -10.7, 4.96, -104.46, 5.6, -8.86]
[2.56, -91.44, 1.12, -28.08, 4.99, -94.44, 1.24, -12.11, 4.97, -103.54, 4.66, -11.39, 4.96, -104.28, 5.39, -8.71]
[3.27, -92.13, 1.14, -27.65, 4.99, -94.79, 1.27, -12.24, 4.99, -103.5, 4.61, -12.08, 4.96, -104.09, 5.19, -8.58]
[3.98, -92.82, 1.16, -27.22, 4.99, -95.13, 1.3, -12.37, 4.99, -103.45, 4.56, -12.77, 4.96, -103.9, 5.0, -8.44]
[4.68, -93.49, 1.19, -26.78, 4.98, -95.47, 1.34, -12.5, 4.97, -103.39, 4.51, -13.45, 5.0, -103.72, 4.81, -8.31]
[4.97, -93.87, 1.21, -26.34, 4.98, -95.81, 1.38, -12.63, 4.98, -103.33, 4.46, -14.13, 5.0, -103.52, 4.62, -8.18]
[4.99, -94.06, 1.22, -25.9, 4.98, -96.14, 1.43, -12.77, 4.96, -103.26, 4.41, -14.8, 5.0, -103.31, 4.44, -8.05]
[4.96, -94.22, 1.23, -25.45, 4.97, -96.46, 1.48, -12.91, 4.97, -103.2, 4.36, -15.47, 5.0, -103.1, 4.26, -7.93]
[4.96, -94.39, 1.24, -24.99, 4.97, -96.78, 1.54, -13.05, 4.96, -103.13, 4.3, -16.14, 5.0, -102.88, 4.09, -7.81]
[4.99, -94.57, 1.25, -24.54, 4.97, -97.1, 1.6, -13.19, 4.98, -103.07, 4.25, -16.79, 5.0, -102.66, 3.92, -7.69]
[4.97, -94.72, 1.26, -24.08, 5.0, -97.43, 1.66, -13.34, 4.98, -103.0, 4.19, -17.45, 5.0, -102.43, 3.76, -7.58]
[4.98, -94.88, 1.28, -23.62, 4.99, -97.74, 1.73, -13.49, 4.99, -102.94, 4.13, -18.1, 4.99, -102.2, 3.6, -7.47]
[4.97, -95.03, 1.29, -23.15, 4.98, -98.04, 1.81, -13.64, 5.0, -102.86, 4.07, -18.74, 4.99, -101.96, 3.45, -7.36]
[4.99, -95.2, 1.31, -22.68, 4.98, -98.33, 1.89, -13.8, 4.99, -102.77, 4.01, -19.38, 4.99, -101.72, 3.3, -7.25]
[4.97, -95.32, 1.32, -22.2, 4.97, -98.62, 1.97, -13.95, 5.0, -102.69, 3.94, -20.01, 4.99, -101.47, 3.15, -7.15]
[4.97, -95.47, 1.34, -21.73, 5.0, -98.93, 2.06, -14.11, 4.99, -102.6, 3.88, -20.63, 4.99, -101.22, 3.02, -7.05]
[4.99, -95.63, 1.36, -21.25, 4.99, -99.21, 2.15, -14.28, 4.97, -102.5, 3.81, -21.25, 5.0, -100.96, 2.88, -6.95]
[4.97, -95.75, 1.37, -20.76, 4.98, -99.48, 2.25, -14.44, 4.98, -102.41, 3.75, -21.87, 5.0, -100.7, 2.76, -6.85]
[4.98, -95.88, 1.39, -20.27, 4.97, -99.75, 2.35, -14.62, 4.97, -102.3, 3.68, -22.48, 5.0, -100.43, 2.63, -6.75]
[4.97, -96.01, 1.41, -19.78, 5.0, -100.03, 2.46, -14.79, 4.98, -102.21, 3.62, -23.08, 5.0, -100.16, 2.52, -6.66]
[4.99, -96.15, 1.43, -19.29, 4.99, -100.29, 2.57, -14.97, 4.98, -102.11, 3.55, -23.68, 4.96, -99.86, 2.4, -6.57]
[4.99, -96.27, 1.45, -18.79, 4.97, -100.54, 2.69, -15.15, 4.96, -101.99, 3.48, -24.27, 4.97, -99.58, 2.29, -6.48]
[4.99, -96.39, 1.47, -18.29, 5.0, -100.82, 2.81, -15.33, 4.97, -101.89, 3.41, -24.85, 4.97, -99.3, 2.19, -6.39]
[4.97, -96.49, 1.49, -17.78, 4.98, -101.06, 2.94, -15.52, 4.97, -101.78, 3.34, -25.43, 4.97, -99.01, 2.09, -6.3]
[4.98, -96.61, 1.5, -17.27, 4.97, -101.29, 3.07, -15.71, 4.99, -101.67, 3.27, -26.01, 4.97, -98.71, 2.0, -6.22]
[4.97, -96.72, 1.52, -16.76, 4.99, -101.55, 3.2, -15.91, 4.99, -101.56, 3.21, -26.57, 4.98, -98.42, 1.91, -6.14]
[4.99, -96.84, 1.54, -16.25, 4.98, -101.78, 3.34, -16.11, 4.99, -101.43, 3.14, -27.13, 4.98, -98.11, 1.83, -6.05]
[5.0, -96.94, 1.56, -15.73, 5.0, -102.02, 3.48, -16.32, 4.97, -101.3, 3.07, -27.69, 4.98, -97.8, 1.75, -5.98]
[4.99, -97.04, 1.58, -15.21, 4.98, -102.24, 3.63, -16.53, 4.98, -101.17, 3.0, -28.24, 4.99, -97.49, 1.68, -5.9]
[4.98, -97.12, 1.6, -14.68, 4.99, -102.47, 3.78, -16.74, 4.98, -101.04, 2.93, -28.78, 4.99, -97.17, 1.61, -5.82]
[4.98, -97.22, 1.62, -14.16, 4.97, -102.67, 3.94, -16.96, 5.0, -100.92, 2.86, -29.32, 5.0, -96.85, 1.55, -5.75]
[4.98, -97.31, 1.64, -13.63, 4.99, -102.9, 4.1, -17.19, 4.97, -100.76, 2.79, -29.85, 4.97, -96.5, 1.49, -5.67]
[4.99, -97.41, 1.66, -13.09, 4.97, -103.09, 4.27, -17.42, 4.97, -100.61, 2.72, -30.37, 4.97, -96.17, 1.43, -5.6]
[5.0, -97.49, 1.68, -12.56, 4.98, -103.3, 4.44, -17.65, 4.99, -100.48, 2.66, -30.89, 4.97, -95.83, 1.38, -5.53]
[4.99, -97.57, 1.69, -12.02, 4.99, -103.51, 4.61, -17.89, 4.97, -100.32, 2.59, -31.4, 4.98, -95.49, 1.34, -5.46]
[4.97, -97.63, 1.71, -11.48, 5.0, -103.71, 4.79, -18.14, 4.97, -100.17, 2.52, -31.91, 4.98, -95.14, 1.3, -5.39]
[4.97, -97.7, 1.73, -10.94, 4.97, -103.88, 4.97, -18.39, 4.96, -100.0, 2.46, -32.41, 4.99, -94.79, 1.27, -5.32]
[5.0, -97.79, 1.75, -10.39, 4.97, -104.06, 5.16, -18.65, 4.98, -99.86, 2.39, -32.9, 4.99, -94.43, 1.24, -5.26]
[4.97, -97.84, 1.76, -9.85, 4.98, -104.25, 5.35, -18.91, 4.99, -99.7, 2.33, -33.39, 5.0, -94.07, 1.22, -5.19]
[4.97, -97.9, 1.78, -9.3, 4.98, -104.42, 5.55, -19.18, 4.99, -99.53, 2.27, -33.87, 4.64, -93.45, 1.19, -5.13]
[4.99, -97.98, 1.79, -8.75, 4.98, -104.59, 5.74, -19.46, 4.98, -99.35, 2.21, -34.35, 3.21, -92.07, 1.14, -5.06]
[4.96, -98.02, 1.81, -8.19, 4.97, -104.76, 5.95, -19.74, 5.0, -99.19, 2.15, -34.82, 1.79, -90.68, 1.11, -5.0]
[5.0, -98.09, 1.82, -7.64, 4.97, -104.91, 6.15, -20.04, 4.97, -98.99, 2.09, -35.29, 0.36, -89.27, 1.09, -4.94]
[4.98, -98.13, 1.83, -7.08, 5.0, -105.09, 6.37, -20.34, 4.97, -98.81, 2.03, -35.75, -1.07, -87.84, 1.1, -4.88]
[4.98, -98.18, 1.85, -6.52, 4.98, -105.23, 6.58, -20.64, 5.0, -98.64, 1.97, -36.2, -2.49, -86.39, 1.12, -4.82]
[4.97, -98.22, 1.86, -5.96, 4.97, -105.37, 6.8, -20.96, 4.98, -98.44, 1.92, -36.65, -3.92, -84.92, 1.16, -4.77]
[4.98, -98.27, 1.87, -5.4, 4.99, -105.53, 7.02, -21.28, 4.99, -98.25, 1.86, -37.09, -5.36, -83.42, 1.22, -4.71]
[4.98, -98.31, 1.88, -4.83, 4.97, -105.65, 7.25, -21.61, 4.99, -98.06, 1.81, -37.53, -6.79, -81.91, 1.3, -4.65]
[4.96, -98.33, 1.89, -4.27, 4.98, -105.79, 7.48, -21.95, 4.98, -97.85, 1.76, -37.96, -8.24, -80.37, 1.4, -4.6]
[4.97, -98.37, 1.9, -3.7, 4.99, -105.93, 7.71, -22.3, 4.97, -97.63, 1.71, -38.39, -9.69, -78.8, 1.51, -4.54]
[4.96, -98.4, 1.91, -3.13, 5.0, -106.06, 7.95, -22.66, 4.98, -97.43, 1.67, -38.81, -11.14, -77.21, 1.65, -4.49]
[4.98, -98.43, 1.92, -2.56, 5.0, -106.18, 8.19, -23.03, 4.99, -97.23, 1.62, -39.22, -12.61, -75.59, 1.8, -4.44]
[4.98, -98.46, 1.92, -1.99, 4.99, -106.29, 8.44, -23.41, 4.98, -97.01, 1.58, -39.63, -14.09, -73.93, 1.98, -4.39]
[4.97, -98.47, 1.93, -1.42, 4.99, -106.39, 8.68, -23.81, 4.98, -96.78, 1.53, -40.04, -15.58, -72.25, 2.17, -4.34]
[4.97, -98.49, 1.93, -0.85, 4.97, -106.49, 8.93, -24.21, 5.0, -96.57, 1.5, -40.44, -17.08, -70.52, 2.39, -4.29]
[4.97, -98.5, 1.94, -0.28, 4.99, -106.61, 9.19, -24.62, 4.97, -96.33, 1.46, -40.83, -18.61, -68.76, 2.63, -4.24]
[4.99, -98.52, 1.94, 0.29, 4.97, -106.69, 9.44, -25.05, 4.98, -96.1, 1.42, -41.22, -20.15, -66.96, 2.9, -4.19]
[4.99, -98.52, 1.94, 0.29, 4.97, -106.69, 9.44, -25.05, 4.98, -96.1, 1.42, -41.22, -20.04, -67.63, 2.33, -4.45]
[4.99, -98.52, 1.94, 0.29, 4.97, -106.69, 9.44, -25.05, 4.98, -96.1, 1.42, -41.22, -19.95, -68.28, 1.77, -4.71]
[4.99, -98.52, 1.94, 0.29, 4.97, -106.69, 9.44, -25.05, 4.98, -96.1, 1.42, -41.22, -19.88, -68.91, 1.21, -4.96]
[4.99, -98.52, 1.94, 0.29, 4.97, -106.69, 9.44, -25.05, 4.98, -96.1, 1.42, -41.22, -19.82, -69.52, 0.65, -5.22]
[4.99, -98.52, 1.94, 0.29, 4.97, -106.69, 9.44, -25.05, 4.98, -96.1, 1.42, -41.22, -19.78, -70.12, 0.1, -5.48]
[4.99, -98.52, 1.94, 0.29, 4.97, -106.69, 9.44, -25.05, 4.98, -96.1, 1.42, -41.22, -19.76, -70.69, -0.45, -5.74]
[4.99, -98.52, 1.94, 0.29, 4.97, -106.69, 9.44, -25.05, 4.98, -96.1, 1.42, -41.22, -19.74, -71.25, -1.0, -6.0]
[4.99, -98.52, 1.94, 0.29, 4.97, -106.69, 9.44, -25.05, 4.98, -96.1, 1.42, -41.22, -19.75, -71.79, -1.54, -6.26]
[4.99, -98.52, 1.94, 0.29, 4.97, -106.69, 9.44, -25.05, 4.98, -96.1, 1.42, -41.22, -19.77, -72.32, -2.08, -6.51]
[4.99, -98.52, 1.94, 0.29, 4.97, -106.69, 9.44, -25.05, 4.98, -96.1, 1.42, -41.22, -19.8, -72.83, -2.62, -6.77]
[4.99, -98.52, 1.94, 0.29, 4.97, -106.69, 9.44, -25.05, 4.98, -96.1, 1.42, -41.22, -19.84, -73.32, -3.16, -7.03]
[4.99, -98.52, 1.94, 0.29, 4.97, -106.69, 9.44, -25.05, 4.98, -96.1, 1.42, -41.22, -19.91, -73.79, -3.7, -7.29]
[4.99, -98.52, 1.94, 0.29, 4.97, -106.69, 9.44, -25.05, 4.98, -96.1, 1.42, -41.22, -19.98, -74.25, -4.23, -7.55]
[4.99, -98.52, 1.94, 0.29, 4.97, -106.69, 9.44, -25.05, 4.98, -96.1, 1.42, -41.22, -20.07, -74.7, -4.76, -7.81]
[4.99, -98.52, 1.94, 0.29, 4.97, -106.69, 9.44, -25.05, 4.98, -96.1, 1.42, -41.22, -20.17, -75.12, -5.29, -8.07]
[4.99, -98.52, 1.94, 0.29, 4.97, -106.69, 9.44, -25.05, 4.98, -96.1, 1.42, -41.22, -20.29, -75.53, -5.82, -8.33]
[4.99, -98.52, 1.94, 0.29, 4.97, -106.69, 9.44, -25.05, 4.98, -96.1, 1.42, -41.22, -20.42, -75.93, -6.35, -8.58]
[4.99, -98.52, 1.94, 0.29, 4.97, -106.69, 9.44, -25.05, 4.98, -96.1, 1.42, -41.22, -20.56, -76.31, -6.87, -8.84]
[4.99, -98.52, 1.94, 0.29, 4.97, -106.69, 9.44, -25.05, 4.98, -96.1, 1.42, -41.22, -20.72, -76.67, -7.39, -9.1]
[4.99, -98.52, 1.94, 0.29, 4.97, -106.69, 9.44, -25.05, 4.98, -96.1, 1.42, -41.22, -20.89, -77.02, -7.91, -9.36]
[4.99, -98.52, 1.94, 0.29, 4.97, -106.69, 9.44, -25.05, 4.98, -96.1, 1.42, -41.22, -21.08, -77.35, -8.43, -9.62]
[4.99, -98.52, 1.94, 0.29, 4.97, -106.69, 9.44, -25.05, 4.98, -96.1, 1.42, -41.22, -21.27, -77.67, -8.94, -9.88]
[4.99, -98.52, 1.94, 0.29, 4.97, -106.69, 9.44, -25.05, 4.98, -96.1, 1.42, -41.22, -21.48, -77.97, -9.45, -10.14]
[4.99, -98.52, 1.94, 0.29, 4.97, -106.69, 9.44, -25.05, 4.98, -96.1, 1.42, -41.22, -21.71, -78.26, -9.97, -10.39]
[4.99, -98.52, 1.94, 0.29, 4.97, -106.69, 9.44, -25.05, 4.98, -96.1, 1.42, -41.22, -21.94, -78.53, -10.47, -10.65]
[4.99, -98.52, 1.94, 0.29, 4.97, -106.69, 9.44, -25.05, 4.98, -96.1, 1.42, -41.22, -22.19, -78.79, -10.98, -10.91]
[4.99, -98.52, 1.94, 0.29, 4.97, -106.69, 9.44, -25.05, 4.98, -96.1, 1.42, -41.22, -22.46, -79.03, -11.48, -11.17]
[4.99, -98.52, 1.94, 0.29, 4.97, -106.69, 9.44, -25.05, 4.98, -96.1, 1.42, -41.22, -22.73, -79.25, -11.99, -11.43]
[4.99, -98.52, 1.94, 0.29, 4.97, -106.69, 9.44, -25.05, 4.98, -96.1, 1.42, -41.22, -23.02, -79.46, -12.49, -11.68]
[4.99, -98.52, 1.94, 0.29, 4.97, -106.69, 9.44, -25.05, 4.98, -96.1, 1.42, -41.22, -23.32, -79.66, -12.98, -11.94]
[4.99, -98.52, 1.94, 0.29, 4.97, -106.69, 9.44, -25.05, 4.98, -96.1, 1.42, -41.22, -23.64, -79.84, -13.48, -12.2]
[4.99, -98.52, 1.94, 0.29, 4.97, -106.69, 9.44, -25.05, 4.98, -96.1, 1.42, -41.22, -23.96, -80.01, -13.97, -12.45]
[4.99, -98.52, 1.94, 0.29, 4.97, -106.69, 9.44, -25.05, 4.98, -96.1, 1.42, -41.22, -24.3, -80.16, -14.46, -12.71]
[4.99, -98.52, 1.94, 0.29, 4.97, -106.69, 9.44, -25.05, 4.98, -96.1, 1.42, -41.22, -24.65, -80.29, -14.95, -12.97]
[4.99, -98.52, 1.94, 0.29, 4.97, -106.69, 9.44, -25.05, 4.98, -96.1, 1.42, -41.22, -25.01, -80.42, -15.43, -13.22]
[4.99, -98.52, 1.94, 0.29, 4.97, -106.69, 9.44, -25.05, 4.98, -96.1, 1.42, -41.22, -25.39, -80.52, -15.91, -13.48]
[4.99, -98.52, 1.94, 0.29, 4.97, -106.69, 9.44, -25.05, 4.98, -96.1, 1.42, -41.22, -25.78, -80.61, -16.39, -13.74]
[4.99, -98.52, 1.94, 0.29, 4.97, -106.69, 9.44, -25.05, 4.98, -96.1, 1.42, -41.22, -26.17, -80.69, -16.87, -13.99]
[4.99, -98.52, 1.94, 0.29, 4.97, -106.69, 9.44, -25.05, 4.98, -96.1, 1.42, -41.22, -26.58, -80.75, -17.34, -14.25]
[4.99, -98.52, 1.94, 0.29, 4.97, -106.69, 9.44, -25.05, 4.98, -96.1, 1.42, -41.22, -27.01, -80.8, -17.81, -14.5]
[4.99, -98.52, 1.94, 0.29, 4.97, -106.69, 9.44, -25.05, 4.98, -96.1, 1.42, -41.22, -27.44, -80.83, -18.27, -14.76]
[4.99, -98.52, 1.94, 0.29, 4.97, -106.69, 9.44, -25.05, 4.98, -96.1, 1.42, -41.22, -27.89, -80.85, -18.74, -15.01]
[4.99, -98.52, 1.94, 0.29, 4.97, -106.69, 9.44, -25.05, 4.98, -96.1, 1.42, -41.22, -28.34, -80.85, -19.2, -15.27]
[4.99, -98.52, 1.94, 0.29, 4.97, -106.69, 9.44, -25.05, 4.98, -96.1, 1.42, -41.22, -28.81, -80.84, -19.65, -15.52]
[4.99, -98.52, 1.94, 0.29, 4.97, -106.69, 9.44, -25.05, 4.98, -96.1, 1.42, -41.22, -29.29, -80.81, -20.11, -15.77]
[4.99, -98.52, 1.94, 0.29, 4.97, -106.69, 9.44, -25.05, 4.98, -96.1, 1.42, -41.22, -29.78, -80.77, -20.56, -16.03]
[4.99, -98.52, 1.94, 0.29, 4.97, -106.69, 9.44, -25.05, 4.98, -96.1, 1.42, -41.22, -30.29, -80.71, -21.0, -16.28]
[4.99, -98.52, 1.94, 0.29, 4.97, -106.69, 9.44, -25.05, 4.98, -96.1, 1.42, -41.22, -30.8, -80.64, -21.44, -16.53]
[4.99, -98.52, 1.94, 0.29, 4.97, -106.69, 9.44, -25.05, 4.98, -96.1, 1.42, -41.22, -31.32, -80.56, -21.88, -16.78]
[4.99, -98.52, 1.94, 0.29, 4.97, -106.69, 9.44, -25.05, 4.98, -96.1, 1.42, -41.22, -31.86, -80.45, -22.31, -17.04]
[4.99, -98.52, 1.94, 0.29, 4.97, -106.69, 9.44, -25.05, 4.98, -96.1, 1.42, -41.22, -32.4, -80.34, -22.74, -17.29]
[4.99, -98.52, 1.94, 0.29, 4.97, -106.69, 9.44, -25.05, 4.98, -96.1, 1.42, -41.22, -32.96, -80.21, -23.17, -17.54]
[4.99, -98.52, 1.94, 0.29, 4.97, -106.69, 9.44, -25.05, 4.98, -96.1, 1.42, -41.22, -33.53, -80.06, -23.59, -17.79]
[4.99, -98.52, 1.94, 0.29, 4.97, -106.69, 9.44, -25.05, 4.98, -96.1, 1.42, -41.22, -34.1, -79.9, -24.0, -18.04]
[4.99, -98.52, 1.94, 0.29, 4.97, -106.69, 9.44, -25.05, 4.98, -96.1, 1.42, -41.22, -34.69, -79.72, -24.41, -18.29]
[4.99, -98.52, 1.94, 0.29, 4.97, -106.69, 9.44, -25.05, 4.98, -96.1, 1.42, -41.22, -35.29, -79.53, -24.82, -18.54]
[4.99, -98.52, 1.94, 0.29, 4.97, -106.69, 9.44, -25.05, 4.98, -96.1, 1.42, -41.22, -35.9, -79.33, -25.22, -18.79]
[4.99, -98.52, 1.94, 0.29, 4.97, -106.69, 9.44, -25.05, 4.98, -96.1, 1.42, -41.22, -36.52, -79.1, -25.62, -19.04]
[4.99, -98.52, 1.94, 0.29, 4.97, -106.69, 9.44, -25.05, 4.98, -96.1, 1.42, -41.22, -37.14, -78.87, -26.01, -19.29]
[4.99, -98.52, 1.94, 0.29, 4.97, -106.69, 9.44, -25.05, 4.98, -96.1, 1.42, -41.22, -37.78, -78.61, -26.4, -19.53]
[4.97, -98.52, 1.94, 0.29, 5.0, -106.7, 9.44, -25.06, 5.0, -96.11, 1.42, -41.22, -37.77, -78.63, -26.4, -19.53]
[4.97, -98.52, 1.94, 0.29, 5.0, -106.7, 9.44, -25.06, 5.0, -96.11, 1.42, -41.22, -37.3, -78.66, -25.96, -19.53]
[4.97, -98.52, 1.94, 0.29, 5.0, -106.7, 9.44, -25.06, 5.0, -96.11, 1.42, -41.22, -36.83, -78.69, -25.51, -19.53]
[4.97, -98.52, 1.94, 0.29, 5.0, -106.7, 9.44, -25.06, 5.0, -96.11, 1.42, -41.22, -36.36, -78.7, -25.07, -19.53]
[4.97, -98.52, 1.94, 0.29, 5.0, -106.7, 9.44, -25.06, 5.0, -96.11, 1.42, -41.22, -35.91, -78.71, -24.62, -19.53]
[4.97, -98.52, 1.94, 0.29, 5.0, -106.7, 9.44, -25.06, 5.0, -96.11, 1.42, -41.22, -35.46, -78.7, -24.16, -19.53]
[4.97, -98.52, 1.94, 0.29, 5.0, -106.7, 9.44, -25.06, 5.0, -96.11, 1.42, -41.22, -35.02, -78.69, -23.71, -19.53]
[4.97, -98.52, 1.94, 0.29, 5.0, -106.7, 9.44, -25.06, 5.0, -96.11, 1.42, -41.22, -34.59, -78.66, -23.25, -19.53]
[4.97, -98.52, 1.94, 0.29, 5.0, -106.7, 9.44, -25.06, 5.0, -96.11, 1.42, -41.22, -34.17, -78.63, -22.79, -19.53]
[4.97, -98.52, 1.94, 0.29, 5.0, -106.7, 9.44, -25.06, 5.0, -96.11, 1.42, -41.22, -33.75, -78.58, -22.33, -19.53]
[4.97, -98.52, 1.94, 0.29, 5.0, -106.7, 9.44, -25.06, 5.0, -96.11, 1.42, -41.22, -33.35, -78.52, -21.87, -19.53]
[4.97, -98.52, 1.94, 0.29, 5.0, -106.7, 9.44, -25.06, 5.0, -96.11, 1.42, -41.22, -32.95, -78.46, -21.4, -19.53]
[4.97, -98.52, 1.94, 0.29, 5.0, -106.7, 9.44, -25.06, 5.0, -96.11, 1.42, -41.22, -32.56, -78.38, -20.93, -19.53]
[4.97, -98.52, 1.94, 0.29, 5.0, -106.7, 9.44, -25.06, 5.0, -96.11, 1.42, -41.22, -32.17, -78.29, -20.46, -19.53]
[4.97, -98.52, 1.94, 0.29, 5.0, -106.7, 9.44, -25.06, 5.0, -96.11, 1.42, -41.22, -31.8, -78.19, -19.99, -19.53]
[4.97, -98.52, 1.94, 0.29, 5.0, -106.7, 9.44, -25.06, 5.0, -96.11, 1.42, -41.22, -31.43, -78.08, -19.52, -19.53]
[4.97, -98.52, 1.94, 0.29, 5.0, -106.7, 9.44, -25.06, 5.0, -96.11, 1.42, -41.22, -31.07, -77.97, -19.04, -19.53]
[4.97, -98.52, 1.94, 0.29, 5.0, -106.7, 9.44, -25.06, 5.0, -96.11, 1.42, -41.22, -30.72, -77.84, -18.56, -19.53]
[4.97, -98.52, 1.94, 0.29, 5.0, -106.7, 9.44, -25.06, 5.0, -96.11, 1.42, -41.22, -30.38, -77.7, -18.08, -19.53]
[4.97, -98.52, 1.94, 0.29, 5.0, -106.7, 9.44, -25.06, 5.0, -96.11, 1.42, -41.22, -30.05, -77.55, -17.6, -19.53]
[4.97, -98.52, 1.94, 0.29, 5.0, -106.7, 9.44, -25.06, 5.0, -96.11, 1.42, -41.22, -29.73, -77.39, -17.11, -19.53]
[4.97, -98.52, 1.94, 0.29, 5.0, -106.7, 9.44, -25.06, 5.0, -96.11, 1.42, -41.22, -29.41, -77.22, -16.62, -19.53]
[4.97, -98.52, 1.94, 0.29, 5.0, -106.7, 9.44, -25.06, 5.0, -96.11, 1.42, -41.22, -29.1, -77.03, -16.14, -19.53]
[4.97, -98.52, 1.94, 0.29, 5.0, -106.7, 9.44, -25.06, 5.0, -96.11, 1.42, -41.22, -28.8, -76.84, -15.65, -19.53]
[4.97, -98.52, 1.94, 0.29, 5.0, -106.7, 9.44, -25.06, 5.0, -96.11, 1.42, -41.22, -28.52, -76.64, -15.15, -19.53]
[4.97, -98.52, 1.94, 0.29, 5.0, -106.7, 9.44, -25.06, 5.0, -96.11, 1.42, -41.22, -28.23, -76.43, -14.66, -19.53]
[4.97, -98.52, 1.94, 0.29, 5.0, -106.7, 9.44, -25.06, 5.0, -96.11, 1.42, -41.22, -27.96, -76.2, -14.17, -19.53]
[4.97, -98.52, 1.94, 0.29, 5.0, -106.7, 9.44, -25.06, 5.0, -96.11, 1.42, -41.22, -27.7, -75.97, -13.67, -19.53]
[4.97, -98.52, 1.94, 0.29, 5.0, -106.7, 9.44, -25.06, 5.0, -96.11, 1.42, -41.22, -27.45, -75.72, -13.17, -19.53]
[4.97, -98.52, 1.94, 0.29, 5.0, -106.7, 9.44, -25.06, 5.0, -96.11, 1.42, -41.22, -27.2, -75.47, -12.67, -19.53]
[4.97, -98.52, 1.94, 0.29, 5.0, -106.7, 9.44, -25.06, 5.0, -96.11, 1.42, -41.22, -26.96, -75.2, -12.17, -19.53]
[4.97, -98.52, 1.94, 0.29, 5.0, -106.7, 9.44, -25.06, 5.0, -96.11, 1.42, -41.22, -26.74, -74.92, -11.66, -19.53]
[4.97, -98.52, 1.94, 0.29, 5.0, -106.7, 9.44, -25.06, 5.0, -96.11, 1.42, -41.22, -26.52, -74.64, -11.16, -19.53]
[4.97, -98.52, 1.94, 0.29, 5.0, -106.7, 9.44, -25.06, 5.0, -96.11, 1.42, -41.22, -26.31, -74.34, -10.65, -19.53]
[4.97, -98.52, 1.94, 0.29, 5.0, -106.7, 9.44, -25.06, 5.0, -96.11, 1.42, -41.22, -26.11, -74.03, -10.14, -19.53]
[4.97, -98.52, 1.94, 0.29, 5.0, -106.7, 9.44, -25.06, 5.0, -96.11, 1.42, -41.22, -25.92, -73.71, -9.63, -19.53]
[4.97, -98.52, 1.94, 0.29, 5.0, -106.7, 9.44, -25.06, 5.0, -96.11, 1.42, -41.22, -25.74, -73.38, -9.12, -19.53]
[4.97, -98.52, 1.94, 0.29, 5.0, -106.7, 9.44, -25.06, 5.0, -96.11, 1.42, -41.22, -25.57, -73.03, -8.6, -19.53]
[4.97, -98.52, 1.94, 0.29, 5.0, -106.7, 9.44, -25.06, 5.0, -96.11, 1.42, -41.22, -25.41, -72.68, -8.09, -19.53]
[4.97, -98.52, 1.94, 0.29, 5.0, -106.7, 9.44, -25.06, 5.0, -96.11, 1.42, -41.22, -25.26, -72.31, -7.57, -19.53]
[4.97, -98.52, 1.94, 0.29, 5.0, -106.7, 9.44, -25.06, 5.0, -96.11, 1.42, -41.22, -25.12, -71.94, -7.05, -19.53]
[4.97, -98.52, 1.94, 0.29, 5.0, -106.7, 9.44, -25.06, 5.0, -96.11, 1.42, -41.22, -24.99, -71.55, -6.53, -19.53]
[4.97, -98.52, 1.94, 0.29, 5.0, -106.7, 9.44, -25.06, 5.0, -96.11, 1.42, -41.22, -24.86, -71.15, -6.01, -19.53]
[4.97, -98.52, 1.94, 0.29, 5.0, -106.7, 9.44, -25.06, 5.0, -96.11, 1.42, -41.22, -24.75, -70.74, -5.49, -19.53]
[4.97, -98.52, 1.94, 0.29, 5.0, -106.7, 9.44, -25.06, 5.0, -96.11, 1.42, -41.22, -24.65, -70.31, -4.96, -19.53]
[4.97, -98.52, 1.94, 0.29, 5.0, -106.7, 9.44, -25.06, 5.0, -96.11, 1.42, -41.22, -24.56, -69.88, -4.43, -19.53]
[4.97, -98.52, 1.94, 0.29, 5.0, -106.7, 9.44, -25.06, 5.0, -96.11, 1.42, -41.22, -24.47, -69.43, -3.9, -19.53]
[4.97, -98.52, 1.94, 0.29, 5.0, -106.7, 9.44, -25.06, 5.0, -96.11, 1.42, -41.22, -24.4, -68.97, -3.37, -19.53]
[4.97, -98.52, 1.94, 0.29, 5.0, -106.7, 9.44, -25.06, 5.0, -96.11, 1.42, -41.22, -24.34, -68.5, -2.84, -19.53]
[4.97, -98.52, 1.94, 0.29, 5.0, -106.7, 9.44, -25.06, 5.0, -96.11, 1.42, -41.22, -24.29, -68.01, -2.3, -19.53]
[4.97, -98.52, 1.94, 0.29, 5.0, -106.7, 9.44, -25.06, 5.0, -96.11, 1.42, -41.22, -24.25, -67.52, -1.77, -19.53]
[4.97, -98.52, 1.94, 0.29, 5.0, -106.7, 9.44, -25.06, 5.0, -96.11, 1.42, -41.22, -24.22, -67.01, -1.23, -19.53]
[4.97, -98.52, 1.94, 0.29, 5.0, -106.7, 9.44, -25.06, 5.0, -96.11, 1.42, -41.22, -24.2, -66.49, -0.68, -19.53]
[4.97, -98.52, 1.94, 0.29, 5.0, -106.7, 9.44, -25.06, 5.0, -96.11, 1.42, -41.22, -24.19, -65.95, -0.14, -19.53]
[4.97, -98.52, 1.94, 0.29, 5.0, -106.7, 9.44, -25.06, 5.0, -96.11, 1.42, -41.22, -24.19, -65.4, 0.41, -19.53]
[4.97, -98.52, 1.94, 0.29, 5.0, -106.7, 9.44, -25.06, 5.0, -96.11, 1.42, -41.22, -24.21, -64.84, 0.95, -19.53]
[4.97, -98.52, 1.94, 0.29, 5.0, -106.7, 9.44, -25.06, 5.0, -96.11, 1.42, -41.22, -24.23, -64.26, 1.51, -19.53]
[4.97, -98.52, 1.94, 0.29, 5.0, -106.7, 9.44, -25.06, 5.0, -96.11, 1.42, -41.22, -24.27, -63.67, 2.06, -19.53]
[4.97, -98.52, 1.94, 0.29, 5.0, -106.7, 9.44, -25.06, 5.0, -96.11, 1.42, -41.22, -24.32, -63.07, 2.62, -19.53]
[4.97, -98.52, 1.94, 0.29, 5.0, -106.7, 9.44, -25.06, 5.0, -96.11, 1.42, -41.22, -24.38, -62.45, 3.17, -19.53]
[4.97, -98.52, 1.94, 0.29, 5.0, -106.7, 9.44, -25.06, 5.0, -96.11, 1.42, -41.22, -24.45, -61.81, 3.74, -19.53]
[4.99, -98.6, 1.96, -0.17, 4.97, -106.59, 9.2, -24.93, 4.98, -96.22, 1.44, -40.82, -23.1, -63.44, 3.46, -19.56]
[4.97, -98.65, 1.98, -0.64, 4.97, -106.5, 8.97, -24.79, 4.99, -96.35, 1.46, -40.41, -21.77, -65.04, 3.19, -19.58]
[4.97, -98.71, 2.0, -1.11, 4.98, -106.41, 8.74, -24.66, 4.99, -96.47, 1.48, -40.0, -20.45, -66.6, 2.95, -19.61]
[4.96, -98.77, 2.02, -1.58, 4.98, -106.31, 8.51, -24.54, 4.98, -96.58, 1.5, -39.59, -19.15, -68.12, 2.72, -19.64]
[4.98, -98.84, 2.04, -2.05, 4.99, -106.21, 8.28, -24.41, 4.96, -96.69, 1.52, -39.18, -17.87, -69.62, 2.51, -19.67]
[4.99, -98.9, 2.05, -2.53, 4.99, -106.11, 8.06, -24.29, 4.98, -96.81, 1.54, -38.76, -16.59, -71.09, 2.32, -19.7]
[4.99, -98.95, 2.07, -3.0, 4.99, -106.0, 7.84, -24.18, 4.98, -96.92, 1.56, -38.34, -15.33, -72.53, 2.14, -19.73]
[4.98, -99.0, 2.09, -3.48, 4.99, -105.88, 7.63, -24.06, 4.98, -97.03, 1.58, -37.92, -14.07, -73.95, 1.98, -19.77]
[4.96, -99.03, 2.1, -3.96, 4.99, -105.77, 7.42, -23.95, 4.97, -97.13, 1.6, -37.5, -12.83, -75.35, 1.83, -19.8]
[4.97, -99.08, 2.12, -4.44, 5.0, -105.65, 7.21, -23.84, 4.99, -97.25, 1.62, -37.07, -11.59, -76.72, 1.69, -19.83]
[4.97, -99.13, 2.13, -4.92, 5.0, -105.52, 7.01, -23.74, 5.0, -97.35, 1.65, -36.64, -10.36, -78.07, 1.57, -19.86]
[4.99, -99.19, 2.15, -5.41, 5.0, -105.39, 6.81, -23.63, 4.96, -97.43, 1.67, -36.21, -9.14, -79.4, 1.47, -19.89]
[4.97, -99.21, 2.16, -5.89, 5.0, -105.26, 6.61, -23.53, 4.99, -97.55, 1.69, -35.77, -7.92, -80.71, 1.37, -19.93]
[4.97, -99.25, 2.17, -6.38, 5.0, -105.12, 6.41, -23.43, 4.98, -97.63, 1.71, -35.34, -6.7, -82.01, 1.29, -19.96]
[4.97, -99.28, 2.19, -6.87, 5.0, -104.98, 6.22, -23.33, 4.99, -97.73, 1.73, -34.9, -5.49, -83.28, 1.23, -20.0]
[4.99, -99.33, 2.2, -7.36, 5.0, -104.84, 6.04, -23.24, 4.99, -97.82, 1.75, -34.45, -4.28, -84.54, 1.17, -20.03]
[5.0, -99.37, 2.21, -7.85, 5.0, -104.69, 5.85, -23.15, 4.99, -97.9, 1.77, -34.01, -3.08, -85.79, 1.13, -20.07]
[4.99, -99.4, 2.22, -8.34, 5.0, -104.54, 5.67, -23.06, 4.97, -97.98, 1.79, -33.56, -1.88, -87.02, 1.11, -20.1]
[4.98, -99.41, 2.23, -8.83, 4.99, -104.39, 5.5, -22.97, 4.99, -98.07, 1.82, -33.11, -0.67, -88.23, 1.09, -20.14]
[5.0, -99.45, 2.24, -9.32, 4.99, -104.23, 5.32, -22.88, 4.99, -98.16, 1.84, -32.66, 0.53, -89.43, 1.09, -20.17]
[4.97, -99.45, 2.25, -9.82, 4.99, -104.07, 5.15, -22.8, 4.99, -98.23, 1.86, -32.21, 1.73, -90.62, 1.1, -20.21]
[5.0, -99.49, 2.25, -10.31, 4.99, -103.91, 4.99, -22.71, 4.98, -98.3, 1.88, -31.75, 2.93, -91.8, 1.13, -20.25]
[4.98, -99.5, 2.26, -10.81, 4.99, -103.74, 4.82, -22.63, 4.99, -98.38, 1.9, -31.29, 4.13, -92.96, 1.17, -20.29]
[4.99, -99.53, 2.27, -11.3, 4.99, -103.57, 4.66, -22.55, 4.99, -98.45, 1.92, -30.83, 4.96, -93.86, 1.21, -20.33]
[4.99, -99.54, 2.27, -11.8, 4.99, -103.39, 4.51, -22.48, 4.99, -98.52, 1.94, -30.37, 4.99, -94.19, 1.22, -20.37]
[4.98, -99.54, 2.28, -12.3, 4.99, -103.22, 4.36, -22.4, 4.98, -98.58, 1.96, -29.91, 4.98, -94.49, 1.25, -20.41]
[5.0, -99.57, 2.28, -12.8, 4.99, -103.03, 4.21, -22.33, 4.99, -98.65, 1.98, -29.44, 4.97, -94.78, 1.27, -20.45]
[4.96, -99.55, 2.28, -13.29, 4.99, -102.85, 4.06, -22.25, 4.99, -98.72, 2.0, -28.97, 4.96, -95.08, 1.3, -20.49]
[4.99, -99.58, 2.29, -13.79, 4.99, -102.66, 3.92, -22.18, 4.99, -98.77, 2.01, -28.5, 4.99, -95.39, 1.33, -20.53]
[4.98, -99.57, 2.29, -14.29, 4.99, -102.47, 3.78, -22.11, 4.97, -98.82, 2.03, -28.03, 4.98, -95.68, 1.36, -20.57]
[4.99, -99.58, 2.29, -14.79, 5.0, -102.28, 3.65, -22.04, 4.98, -98.88, 2.05, -27.55, 4.97, -95.96, 1.4, -20.62]
[4.99, -99.58, 2.29, -15.29, 5.0, -102.08, 3.52, -21.97, 4.98, -98.94, 2.07, -27.08, 4.97, -96.24, 1.44, -20.66]
[4.98, -99.57, 2.29, -15.79, 5.0, -101.88, 3.39, -21.91, 4.97, -98.98, 2.08, -26.6, 4.99, -96.54, 1.49, -20.71]
[4.99, -99.58, 2.29, -16.28, 4.96, -101.65, 3.27, -21.84, 4.99, -99.04, 2.1, -26.12, 4.99, -96.81, 1.54, -20.75]
[5.0, -99.57, 2.28, -16.78, 4.97, -101.44, 3.15, -21.78, 4.96, -99.07, 2.11, -25.64, 4.98, -97.08, 1.59, -20.8]
[4.99, -99.56, 2.28, -17.28, 4.97, -101.23, 3.03, -21.72, 4.96, -99.11, 2.13, -25.16, 4.97, -97.35, 1.65, -20.84]
[4.97, -99.54, 2.28, -17.78, 4.97, -101.01, 2.92, -21.65, 4.99, -99.17, 2.14, -24.67, 5.0, -97.64, 1.71, -20.89]
[4.98, -99.53, 2.27, -18.28, 4.98, -100.8, 2.81, -21.59, 4.97, -99.2, 2.16, -24.19, 4.99, -97.9, 1.77, -20.94]
[4.98, -99.52, 2.27, -18.77, 4.98, -100.58, 2.7, -21.53, 4.97, -99.24, 2.17, -23.7, 4.98, -98.15, 1.84, -20.99]
[4.97, -99.49, 2.26, -19.27, 4.98, -100.35, 2.6, -21.48, 4.97, -99.27, 2.18, -23.21, 4.98, -98.41, 1.91, -21.04]
[4.98, -99.48, 2.25, -19.76, 4.99, -100.13, 2.5, -21.42, 4.99, -99.32, 2.2, -22.73, 4.97, -98.66, 1.98, -21.09]
[4.99, -99.46, 2.24, -20.26, 4.99, -99.9, 2.41, -21.36, 5.0, -99.36, 2.21, -22.24, 4.96, -98.9, 2.06, -21.14]
[4.98, -99.44, 2.24, -20.75, 5.0, -99.66, 2.32, -21.31, 5.0, -99.39, 2.22, -21.74, 4.99, -99.17, 2.14, -21.19]
[4.97, -99.4, 2.23, -21.25, 4.97, -99.4, 2.23, -21.25, 4.99, -99.41, 2.23, -21.25, 4.99, -99.41, 2.23, -21.25]
[5.0, -99.56, 2.28, -20.5, 5.0, -99.56, 2.28, -20.5, 4.97, -99.52, 2.27, -20.52, 4.97, -99.52, 2.27, -20.52]
[4.99, -99.67, 2.32, -19.76, 4.99, -99.67, 2.32, -19.76, 4.97, -99.63, 2.31, -19.78, 4.97, -99.63, 2.31, -19.78]
[4.98, -99.77, 2.36, -18.97, 4.98, -99.77, 2.36, -18.97, 5.0, -99.76, 2.35, -18.99, 5.0, -99.76, 2.35, -18.99]
[4.97, -99.83, 2.39, -18.2, 4.97, -99.83, 2.39, -18.2, 4.98, -99.82, 2.38, -18.22, 4.98, -99.82, 2.38, -18.22]
[5.0, -99.92, 2.42, -17.43, 5.0, -99.92, 2.42, -17.43, 4.98, -99.89, 2.41, -17.45, 4.98, -99.89, 2.41, -17.45]
[4.97, -99.94, 2.43, -16.63, 4.97, -99.94, 2.43, -16.63, 4.99, -99.93, 2.42, -16.65, 4.99, -99.93, 2.42, -16.65]
[4.99, -99.99, 2.44, -15.83, 4.99, -99.99, 2.44, -15.83, 4.97, -99.95, 2.44, -15.85, 4.97, -99.95, 2.44, -15.85]
[5.0, -100.0, 2.45, -15.05, 5.0, -100.0, 2.45, -15.05, 4.98, -99.97, 2.44, -15.07, 4.98, -99.97, 2.44, -15.07]