[-1.62, -121.0, -26.62, 0.0, -1.62, -121.0, -26.62, 0.0, -1.62, -121.0, -26.62, 0.0, -1.62, -121.0, -26.62, 0.0]
[-0.02, -122.0, -26.68, 0.31, -0.02, -122.34, -26.59, 0.31, -0.02, -122.34, -26.59, -0.31, -0.02, -122.0, -26.68, -0.31]
[-0.0, -121.85, -26.72, 0.61, -0.02, -122.51, -26.54, 0.62, -0.02, -122.51, -26.54, -0.62, -0.0, -121.85, -26.72, -0.61]
[-0.01, -121.67, -26.76, 0.91, -0.02, -122.67, -26.5, 0.94, -0.02, -122.67, -26.5, -0.94, -0.01, -121.67, -26.76, -0.91]
[-0.03, -121.49, -26.79, 1.2, -0.03, -122.82, -26.45, 1.26, -0.03, -122.82, -26.45, -1.26, -0.03, -121.49, -26.79, -1.2]
[-0.0, -121.33, -26.83, 1.5, -0.0, -123.0, -26.4, 1.58, -0.0, -123.0, -26.4, -1.58, -0.0, -121.33, -26.83, -1.5]
[-0.02, -121.14, -26.87, 1.79, -0.01, -123.15, -26.35, 1.9, -0.01, -123.15, -26.35, -1.9, -0.02, -121.14, -26.87, -1.79]
[-0.0, -120.97, -26.9, 2.07, -0.03, -123.29, -26.3, 2.23, -0.03, -123.29, -26.3, -2.23, -0.0, -120.97, -26.9, -2.07]
[-0.02, -120.77, -26.93, 2.36, -0.01, -123.46, -26.24, 2.57, -0.01, -123.46, -26.24, -2.57, -0.02, -120.77, -26.93, -2.36]
[-0.01, -120.6, -26.96, 2.64, -0.03, -123.59, -26.19, 2.9, -0.03, -123.59, -26.19, -2.9, -0.01, -120.6, -26.96, -2.64]
[-0.03, -120.39, -26.99, 2.91, -0.01, -123.75, -26.13, 3.24, -0.01, -123.75, -26.13, -3.24, -0.03, -120.39, -26.99, -2.91]
[-0.02, -120.21, -27.01, 3.19, -0.0, -123.9, -26.08, 3.59, -0.0, -123.9, -26.08, -3.59, -0.02, -120.21, -27.01, -3.19]
[-0.01, -120.02, -27.04, 3.46, -0.0, -124.05, -26.02, 3.93, -0.0, -124.05, -26.02, -3.93, -0.01, -120.02, -27.04, -3.46]
[-0.0, -119.84, -27.06, 3.73, -0.0, -124.2, -25.96, 4.29, -0.0, -124.2, -25.96, -4.29, -0.0, -119.84, -27.06, -3.73]
[-0.0, -119.64, -27.08, 4.0, -0.0, -124.33, -25.9, 4.64, -0.0, -124.33, -25.9, -4.64, -0.0, -119.64, -27.08, -4.0]
[-0.0, -119.45, -27.1, 4.26, -0.01, -124.47, -25.84, 5.0, -0.01, -124.47, -25.84, -5.0, -0.0, -119.45, -27.1, -4.26]
[-0.0, -119.25, -27.12, 4.52, -0.02, -124.6, -25.77, 5.36, -0.02, -124.6, -25.77, -5.36, -0.0, -119.25, -27.12, -4.52]
[-0.0, -119.05, -27.14, 4.78, -0.03, -124.72, -25.71, 5.73, -0.03, -124.72, -25.71, -5.73, -0.0, -119.05, -27.14, -4.78]
[-0.0, -118.85, -27.15, 5.03, -0.01, -124.86, -25.64, 6.1, -0.01, -124.86, -25.64, -6.1, -0.0, -118.85, -27.15, -5.03]
[-0.0, -118.64, -27.17, 5.28, -0.03, -124.98, -25.58, 6.47, -0.03, -124.98, -25.58, -6.47, -0.0, -118.64, -27.17, -5.28]
[-0.0, -118.43, -27.18, 5.53, -0.2, -124.98, -25.51, 6.85, -0.2, -124.98, -25.51, -6.85, -0.0, -118.43, -27.18, -5.53]
[-0.0, -118.21, -27.19, 5.78, -0.38, -124.97, -25.44, 7.23, -0.38, -124.97, -25.44, -7.23, -0.0, -118.21, -27.19, -5.78]
[-0.01, -118.0, -27.19, 6.03, -0.52, -124.99, -25.37, 7.62, -0.52, -124.99, -25.37, -7.62, -0.01, -118.0, -27.19, -6.03]
[-0.01, -117.78, -27.2, 6.27, -0.71, -124.98, -25.3, 8.01, -0.71, -124.98, -25.3, -8.01, -0.01, -117.78, -27.2, -6.27]
[-0.02, -117.56, -27.2, 6.51, -0.86, -124.98, -25.23, 8.4, -0.86, -124.98, -25.23, -8.4, -0.02, -117.56, -27.2, -6.51]
[-0.03, -117.33, -27.21, 6.74, -1.02, -124.98, -25.16, 8.8, -1.02, -124.98, -25.16, -8.8, -0.03, -117.33, -27.21, -6.74]
[-0.29, -116.92, -27.21, 6.98, -1.18, -124.98, -25.09, 9.2, -1.18, -124.98, -25.09, -9.2, -0.29, -116.92, -27.21, -6.98]
[-1.1, -116.1, -27.2, 7.21, -1.31, -124.99, -25.02, 9.61, -1.31, -124.99, -25.02, -9.61, -1.1, -116.1, -27.2, -7.21]
[-1.91, -115.28, -27.19, 7.44, -1.48, -124.98, -24.94, 10.02, -1.48, -124.98, -24.94, -10.02, -1.91, -115.28, -27.19, -7.44]
[-2.72, -114.45, -27.17, 7.67, -1.62, -124.98, -24.87, 10.44, -1.62, -124.98, -24.87, -10.44, -2.72, -114.45, -27.17, -7.67]
[-3.52, -113.62, -27.14, 7.89, -1.77, -124.98, -24.79, 10.85, -1.77, -124.98, -24.79, -10.85, -3.52, -113.62, -27.14, -7.89]
[-4.32, -112.79, -27.11, 8.12, -1.89, -125.0, -24.71, 11.28, -1.89, -125.0, -24.71, -11.28, -4.32, -112.79, -27.11, -8.12]
[-5.12, -111.96, -27.07, 8.34, -2.04, -124.98, -24.64, 11.71, -2.04, -124.98, -24.64, -11.71, -5.12, -111.96, -27.07, -8.34]
[-5.92, -111.11, -27.03, 8.55, -2.17, -124.99, -24.56, 12.14, -2.17, -124.99, -24.56, -12.14, -5.92, -111.11, -27.03, -8.55]
[-6.71, -110.27, -26.98, 8.77, -2.31, -124.99, -24.48, 12.57, -2.31, -124.99, -24.48, -12.57, -6.71, -110.27, -26.98, -8.77]
[-7.5, -109.42, -26.92, 8.98, -2.45, -124.98, -24.41, 13.01, -2.45, -124.98, -24.41, -13.01, -7.5, -109.42, -26.92, -8.98]
[-8.3, -108.57, -26.86, 9.19, -2.56, -124.99, -24.33, 13.46, -2.56, -124.99, -24.33, -13.46, -8.3, -108.57, -26.86, -9.19]
[-9.09, -107.71, -26.79, 9.4, -2.67, -124.99, -24.25, 13.91, -2.67, -124.99, -24.25, -13.91, -9.09, -107.71, -26.79, -9.4]
[-9.87, -106.85, -26.72, 9.61, -2.8, -124.99, -24.17, 14.36, -2.8, -124.99, -24.17, -14.36, -9.87, -106.85, -26.72, -9.61]
[-10.66, -105.98, -26.64, 9.82, -2.93, -124.98, -24.09, 14.82, -2.93, -124.98, -24.09, -14.82, -10.66, -105.98, -26.64, -9.82]
[-11.45, -105.1, -26.55, 10.02, -3.03, -124.99, -24.01, 15.28, -3.03, -124.99, -24.01, -15.28, -11.45, -105.1, -26.55, -10.02]
[-12.23, -104.23, -26.46, 10.22, -3.14, -125.0, -23.94, 15.74, -3.14, -125.0, -23.94, -15.74, -12.23, -104.23, -26.46, -10.22]
[-12.73, -104.28, -27.01, 10.22, -2.44, -125.0, -23.29, 15.74, -2.44, -125.0, -23.29, -15.74, -12.73, -104.28, -27.01, -10.22]
[-13.23, -104.33, -27.55, 10.22, -1.75, -124.98, -22.64, 15.74, -1.75, -124.98, -22.64, -15.74, -13.23, -104.33, -27.55, -10.22]
[-13.74, -104.37, -28.1, 10.22, -1.05, -124.98, -21.99, 15.74, -1.05, -124.98, -21.99, -15.74, -13.74, -104.37, -28.1, -10.22]
[-14.26, -104.39, -28.65, 10.22, -0.35, -124.97, -21.34, 15.74, -0.35, -124.97, -21.34, -15.74, -14.26, -104.39, -28.65, -10.22]
[-14.79, -104.41, -29.19, 10.22, -0.03, -124.69, -20.7, 15.74, -0.03, -124.69, -20.7, -15.74, -14.79, -104.41, -29.19, -10.22]
[-15.33, -104.41, -29.74, 10.22, -0.02, -124.17, -20.06, 15.74, -0.02, -124.17, -20.06, -15.74, -15.33, -104.41, -29.74, -10.22]
[-15.88, -104.41, -30.28, 10.22, -0.03, -123.65, -19.42, 15.74, -0.03, -123.65, -19.42, -15.74, -15.88, -104.41, -30.28, -10.22]
[-16.43, -104.39, -30.82, 10.22, -0.02, -123.14, -18.79, 15.74, -0.02, -123.14, -18.79, -15.74, -16.43, -104.39, -30.82, -10.22]
[-17.0, -104.37, -31.36, 10.22, -0.02, -122.61, -18.16, 15.74, -0.02, -122.61, -18.16, -15.74, -17.0, -104.37, -31.36, -10.22]
[-17.57, -104.33, -31.9, 10.22, -0.0, -122.11, -17.53, 15.74, -0.0, -122.11, -17.53, -15.74, -17.57, -104.33, -31.9, -10.22]
[-18.16, -104.28, -32.44, 10.22, -0.0, -121.59, -16.91, 15.74, -0.0, -121.59, -16.91, -15.74, -18.16, -104.28, -32.44, -10.22]
[-18.75, -104.22, -32.97, 10.22, -0.01, -121.06, -16.29, 15.74, -0.01, -121.06, -16.29, -15.74, -18.75, -104.22, -32.97, -10.22]
[-19.35, -104.16, -33.5, 10.22, -0.0, -120.54, -15.68, 15.74, -0.0, -120.54, -15.68, -15.74, -19.35, -104.16, -33.5, -10.22]
[-19.96, -104.08, -34.03, 10.22, -0.01, -120.02, -15.07, 15.74, -0.01, -120.02, -15.07, -15.74, -19.96, -104.08, -34.03, -10.22]
[-20.57, -103.99, -34.56, 10.22, -0.02, -119.48, -14.46, 15.74, -0.02, -119.48, -14.46, -15.74, -20.57, -103.99, -34.56, -10.22]
[-21.2, -103.89, -35.08, 10.22, -0.02, -118.96, -13.86, 15.74, -0.02, -118.96, -13.86, -15.74, -21.2, -103.89, -35.08, -10.22]
[-21.83, -103.78, -35.61, 10.22, -0.03, -118.43, -13.26, 15.74, -0.03, -118.43, -13.26, -15.74, -21.83, -103.78, -35.61, -10.22]
[-22.47, -103.66, -36.13, 10.22, -0.02, -117.92, -12.66, 15.74, -0.02, -117.92, -12.66, -15.74, -22.47, -103.66, -36.13, -10.22]
[-23.12, -103.53, -36.65, 10.22, -0.02, -117.4, -12.06, 15.74, -0.02, -117.4, -12.06, -15.74, -23.12, -103.53, -36.65, -10.22]
[-23.77, -103.39, -37.16, 10.22, -0.03, -116.86, -11.47, 15.74, -0.03, -116.86, -11.47, -15.74, -23.77, -103.39, -37.16, -10.22]
[-24.43, -103.24, -37.67, 10.22, -0.02, -116.34, -10.88, 15.74, -0.02, -116.34, -10.88, -15.74, -24.43, -103.24, -37.67, -10.22]
[-25.1, -103.08, -38.18, 10.22, -0.02, -115.81, -10.3, 15.74, -0.02, -115.81, -10.3, -15.74, -25.1, -103.08, -38.18, -10.22]
[-25.78, -102.91, -38.69, 10.22, -0.0, -115.3, -9.72, 15.74, -0.0, -115.3, -9.72, -15.74, -25.78, -102.91, -38.69, -10.22]
[-26.46, -102.73, -39.19, 10.22, -0.03, -114.75, -9.14, 15.74, -0.03, -114.75, -9.14, -15.74, -26.46, -102.73, -39.19, -10.22]
[-27.15, -102.54, -39.69, 10.22, -0.0, -114.25, -8.56, 15.74, -0.0, -114.25, -8.56, -15.74, -27.15, -102.54, -39.69, -10.22]
[-27.85, -102.33, -40.18, 10.22, -0.02, -113.71, -7.98, 15.74, -0.02, -113.71, -7.98, -15.74, -27.85, -102.33, -40.18, -10.22]
[-28.56, -102.12, -40.68, 10.22, -0.01, -113.18, -7.41, 15.74, -0.01, -113.18, -7.41, -15.74, -28.56, -102.12, -40.68, -10.22]
[-29.27, -101.9, -41.16, 10.22, -0.01, -112.65, -6.84, 15.74, -0.01, -112.65, -6.84, -15.74, -29.27, -101.9, -41.16, -10.22]
[-29.98, -101.67, -41.65, 10.22, -0.03, -112.11, -6.27, 15.74, -0.03, -112.11, -6.27, -15.74, -29.98, -101.67, -41.65, -10.22]
[-30.71, -101.43, -42.13, 10.22, -0.02, -111.58, -5.71, 15.74, -0.02, -111.58, -5.71, -15.74, -30.71, -101.43, -42.13, -10.22]
[-31.44, -101.17, -42.61, 10.22, -0.02, -111.04, -5.14, 15.74, -0.02, -111.04, -5.14, -15.74, -31.44, -101.17, -42.61, -10.22]
[-32.17, -100.91, -43.08, 10.22, -0.0, -110.53, -4.58, 15.74, -0.0, -110.53, -4.58, -15.74, -32.17, -100.91, -43.08, -10.22]
[-32.91, -100.64, -43.55, 10.22, -0.03, -109.97, -4.02, 15.74, -0.03, -109.97, -4.02, -15.74, -32.91, -100.64, -43.55, -10.22]
[-33.66, -100.35, -44.01, 10.22, -0.03, -109.43, -3.47, 15.74, -0.03, -109.43, -3.47, -15.74, -33.66, -100.35, -44.01, -10.22]
[-34.41, -100.06, -44.47, 10.22, -0.0, -108.92, -2.91, 15.74, -0.0, -108.92, -2.91, -15.74, -34.41, -100.06, -44.47, -10.22]
[-35.17, -99.76, -44.93, 10.22, -0.02, -108.36, -2.36, 15.74, -0.02, -108.36, -2.36, -15.74, -35.17, -99.76, -44.93, -10.22]
[-35.93, -99.45, -45.38, 10.22, -0.02, -107.82, -1.81, 15.74, -0.02, -107.82, -1.81, -15.74, -35.93, -99.45, -45.38, -10.22]
[-36.7, -99.12, -45.82, 10.22, -0.03, -107.27, -1.26, 15.74, -0.03, -107.27, -1.26, -15.74, -36.7, -99.12, -45.82, -10.22]
[-37.47, -98.79, -46.26, 10.22, -0.01, -106.75, -0.71, 15.74, -0.01, -106.75, -0.71, -15.74, -37.47, -98.79, -46.26, -10.22]
[-38.25, -98.45, -46.7, 10.22, -0.0, -106.21, -0.16, 15.74, -0.0, -106.21, -0.16, -15.74, -38.25, -98.45, -46.7, -10.22]
[-39.03, -98.1, -47.13, 10.22, -0.0, -105.66, 0.39, 15.74, -0.0, -105.66, 0.39, -15.74, -39.03, -98.1, -47.13, -10.22]
[-39.82, -97.73, -47.55, 10.22, -0.02, -105.1, 0.93, 15.74, -0.02, -105.1, 0.93, -15.74, -39.82, -97.73, -47.55, -10.22]
[-40.61, -97.36, -47.97, 10.22, -0.0, -104.56, 1.47, 15.74, -0.0, -104.56, 1.47, -15.74, -40.61, -97.36, -47.97, -10.22]
[-41.41, -96.98, -48.39, 10.22, -0.0, -104.02, 2.01, 15.74, -0.0, -104.02, 2.01, -15.74, -41.41, -96.98, -48.39, -10.22]
[-42.21, -96.59, -48.8, 10.22, -0.01, -103.46, 2.55, 15.74, -0.01, -103.46, 2.55, -15.74, -42.21, -96.59, -48.8, -10.22]
[-43.02, -96.19, -49.2, 10.22, -0.02, -102.89, 3.09, 15.74, -0.02, -102.89, 3.09, -15.74, -43.02, -96.19, -49.2, -10.22]
[-43.83, -95.78, -49.6, 10.22, -0.01, -102.35, 3.63, 15.74, -0.01, -102.35, 3.63, -15.74, -43.83, -95.78, -49.6, -10.22]
[-44.64, -95.35, -49.99, 10.22, -0.01, -101.79, 4.17, 15.74, -0.01, -101.79, 4.17, -15.74, -44.64, -95.35, -49.99, -10.22]
[-45.46, -94.92, -50.38, 10.22, -0.03, -101.22, 4.7, 15.74, -0.03, -101.22, 4.7, -15.74, -45.46, -94.92, -50.38, -10.22]
[-46.28, -94.48, -50.76, 10.22, -0.01, -100.67, 5.24, 15.74, -0.01, -100.67, 5.24, -15.74, -46.28, -94.48, -50.76, -10.22]
[-46.28, -94.48, -50.76, 10.22, -0.01, -100.67, 5.24, 15.74, -0.01, -100.67, 5.24, -15.74, -46.28, -94.48, -50.76, -10.22]
[-46.28, -94.48, -50.76, 10.22, -0.01, -100.67, 5.24, 15.74, -0.01, -100.67, 5.24, -15.74, -46.28, -94.48, -50.76, -10.22]
[-46.28, -94.48, -50.76, 10.22, -0.01, -100.67, 5.24, 15.74, -0.01, -100.67, 5.24, -15.74, -46.28, -94.48, -50.76, -10.22]
[-46.28, -94.48, -50.76, 10.22, -0.01, -100.67, 5.24, 15.74, -0.01, -100.67, 5.24, -15.74, -46.28, -94.48, -50.76, -10.22]
[-46.28, -94.48, -50.76, 10.22, -0.01, -100.67, 5.24, 15.74, -0.01, -100.67, 5.24, -15.74, -46.28, -94.48, -50.76, -10.22]
[-46.28, -94.48, -50.76, 10.22, -0.01, -100.67, 5.24, 15.74, -0.01, -100.67, 5.24, -15.74, -46.28, -94.48, -50.76, -10.22]
[-46.28, -94.48, -50.76, 10.22, -0.01, -100.67, 5.24, 15.74, -0.01, -100.67, 5.24, -15.74, -46.28, -94.48, -50.76, -10.22]
[-46.28, -94.48, -50.76, 10.22, -0.01, -100.67, 5.24, 15.74, -0.01, -100.67, 5.24, -15.74, -46.28, -94.48, -50.76, -10.22]
[-46.28, -94.48, -50.76, 10.22, -0.01, -100.67, 5.24, 15.74, -0.01, -100.67, 5.24, -15.74, -46.28, -94.48, -50.76, -10.22]
[-46.28, -94.48, -50.76, 10.22, -0.01, -100.67, 5.24, 15.74, -0.01, -100.67, 5.24, -15.74, -46.28, -94.48, -50.76, -10.22]
[-46.28, -94.48, -50.76, 10.22, -0.01, -100.67, 5.24, 15.74, -0.01, -100.67, 5.24, -15.74, -46.28, -94.48, -50.76, -10.22]
[-46.28, -94.48, -50.76, 10.22, -0.01, -100.67, 5.24, 15.74, -0.01, -100.67, 5.24, -15.74, -46.28, -94.48, -50.76, -10.22]
[-46.28, -94.48, -50.76, 10.22, -0.01, -100.67, 5.24, 15.74, -0.01, -100.67, 5.24, -15.74, -46.28, -94.48, -50.76, -10.22]
[-46.28, -94.48, -50.76, 10.22, -0.01, -100.67, 5.24, 15.74, -0.01, -100.67, 5.24, -15.74, -46.28, -94.48, -50.76, -10.22]
[-46.28, -94.48, -50.76, 10.22, -0.01, -100.67, 5.24, 15.74, -0.01, -100.67, 5.24, -15.74, -46.28, -94.48, -50.76, -10.22]
[-46.28, -94.48, -50.76, 10.22, -0.01, -100.67, 5.24, 15.74, -0.01, -100.67, 5.24, -15.74, -46.28, -94.48, -50.76, -10.22]
[-46.28, -94.48, -50.76, 10.22, -0.01, -100.67, 5.24, 15.74, -0.01, -100.67, 5.24, -15.74, -46.28, -94.48, -50.76, -10.22]
[-46.28, -94.48, -50.76, 10.22, -0.01, -100.67, 5.24, 15.74, -0.01, -100.67, 5.24, -15.74, -46.28, -94.48, -50.76, -10.22]
[-46.28, -94.48, -50.76, 10.22, -0.01, -100.67, 5.24, 15.74, -0.01, -100.67, 5.24, -15.74, -46.28, -94.48, -50.76, -10.22]
[-46.28, -94.48, -50.76, 10.22, -0.01, -100.67, 5.24, 15.74, -0.01, -100.67, 5.24, -15.74, -46.28, -94.48, -50.76, -10.22]
[-46.28, -94.48, -50.76, 10.22, -0.01, -100.67, 5.24, 15.74, -0.01, -100.67, 5.24, -15.74, -46.28, -94.48, -50.76, -10.22]
[-46.28, -94.48, -50.76, 10.22, -0.01, -100.67, 5.24, 15.74, -0.01, -100.67, 5.24, -15.74, -46.28, -94.48, -50.76, -10.22]
[-46.28, -94.48, -50.76, 10.22, -0.01, -100.67, 5.24, 15.74, -0.01, -100.67, 5.24, -15.74, -46.28, -94.48, -50.76, -10.22]
[-46.28, -94.48, -50.76, 10.22, -0.01, -100.67, 5.24, 15.74, -0.01, -100.67, 5.24, -15.74, -46.28, -94.48, -50.76, -10.22]
[-46.28, -94.48, -50.76, 10.22, -0.01, -100.67, 5.24, 15.74, -0.01, -100.67, 5.24, -15.74, -46.28, -94.48, -50.76, -10.22]
[-46.28, -94.48, -50.76, 10.22, -0.01, -100.67, 5.24, 15.74, -0.01, -100.67, 5.24, -15.74, -46.28, -94.48, -50.76, -10.22]
[-46.28, -94.48, -50.76, 10.22, -0.01, -100.67, 5.24, 15.74, -0.01, -100.67, 5.24, -15.74, -46.28, -94.48, -50.76, -10.22]
[-46.28, -94.48, -50.76, 10.22, -0.01, -100.67, 5.24, 15.74, -0.01, -100.67, 5.24, -15.74, -46.28, -94.48, -50.76, -10.22]
[-46.28, -94.48, -50.76, 10.22, -0.01, -100.67, 5.24, 15.74, -0.01, -100.67, 5.24, -15.74, -46.28, -94.48, -50.76, -10.22]
[-46.28, -94.48, -50.76, 10.22, -0.01, -100.67, 5.24, 15.74, -0.01, -100.67, 5.24, -15.74, -46.28, -94.48, -50.76, -10.22]
[-46.28, -94.48, -50.76, 10.22, -0.01, -100.67, 5.24, 15.74, -0.01, -100.67, 5.24, -15.74, -46.28, -94.48, -50.76, -10.22]
[-46.28, -94.48, -50.76, 10.22, -0.01, -100.67, 5.24, 15.74, -0.01, -100.67, 5.24, -15.74, -46.28, -94.48, -50.76, -10.22]
[-46.28, -94.48, -50.76, 10.22, -0.01, -100.67, 5.24, 15.74, -0.01, -100.67, 5.24, -15.74, -46.28, -94.48, -50.76, -10.22]
[-46.28, -94.48, -50.76, 10.22, -0.01, -100.67, 5.24, 15.74, -0.01, -100.67, 5.24, -15.74, -46.28, -94.48, -50.76, -10.22]
[-46.28, -94.48, -50.76, 10.22, -0.01, -100.67, 5.24, 15.74, -0.01, -100.67, 5.24, -15.74, -46.28, -94.48, -50.76, -10.22]
[-46.28, -94.48, -50.76, 10.22, -0.01, -100.67, 5.24, 15.74, -0.01, -100.67, 5.24, -15.74, -46.28, -94.48, -50.76, -10.22]
[-46.28, -94.48, -50.76, 10.22, -0.01, -100.67, 5.24, 15.74, -0.01, -100.67, 5.24, -15.74, -46.28, -94.48, -50.76, -10.22]
[-46.28, -94.48, -50.76, 10.22, -0.01, -100.67, 5.24, 15.74, -0.01, -100.67, 5.24, -15.74, -46.28, -94.48, -50.76, -10.22]
[-46.28, -94.48, -50.76, 10.22, -0.01, -100.67, 5.24, 15.74, -0.01, -100.67, 5.24, -15.74, -46.28, -94.48, -50.76, -10.22]
[-46.28, -94.48, -50.76, 10.22, -0.01, -100.67, 5.24, 15.74, -0.01, -100.67, 5.24, -15.74, -46.28, -94.48, -50.76, -10.22]
[-45.46, -94.92, -50.38, 10.22, -0.03, -101.22, 4.7, 15.74, -0.03, -101.22, 4.7, -15.74, -45.46, -94.92, -50.38, -10.22]
[-44.64, -95.35, -49.99, 10.22, -0.01, -101.79, 4.17, 15.74, -0.01, -101.79, 4.17, -15.74, -44.64, -95.35, -49.99, -10.22]
[-43.83, -95.78, -49.6, 10.22, -0.01, -102.35, 3.63, 15.74, -0.01, -102.35, 3.63, -15.74, -43.83, -95.78, -49.6, -10.22]
[-43.02, -96.19, -49.2, 10.22, -0.02, -102.89, 3.09, 15.74, -0.02, -102.89, 3.09, -15.74, -43.02, -96.19, -49.2, -10.22]
[-42.21, -96.59, -48.8, 10.22, -0.01, -103.46, 2.55, 15.74, -0.01, -103.46, 2.55, -15.74, -42.21, -96.59, -48.8, -10.22]
[-41.41, -96.98, -48.39, 10.22, -0.0, -104.02, 2.01, 15.74, -0.0, -104.02, 2.01, -15.74, -41.41, -96.98, -48.39, -10.22]
[-40.61, -97.36, -47.97, 10.22, -0.0, -104.56, 1.47, 15.74, -0.0, -104.56, 1.47, -15.74, -40.61, -97.36, -47.97, -10.22]
[-39.82, -97.73, -47.55, 10.22, -0.02, -105.1, 0.93, 15.74, -0.02, -105.1, 0.93, -15.74, -39.82, -97.73, -47.55, -10.22]
[-39.03, -98.1, -47.13, 10.22, -0.0, -105.66, 0.39, 15.74, -0.0, -105.66, 0.39, -15.74, -39.03, -98.1, -47.13, -10.22]
[-38.25, -98.45, -46.7, 10.22, -0.0, -106.21, -0.16, 15.74, -0.0, -106.21, -0.16, -15.74, -38.25, -98.45, -46.7, -10.22]
[-37.47, -98.79, -46.26, 10.22, -0.01, -106.75, -0.71, 15.74, -0.01, -106.75, -0.71, -15.74, -37.47, -98.79, -46.26, -10.22]
[-36.7, -99.12, -45.82, 10.22, -0.03, -107.27, -1.26, 15.74, -0.03, -107.27, -1.26, -15.74, -36.7, -99.12, -45.82, -10.22]
[-35.93, -99.45, -45.38, 10.22, -0.02, -107.82, -1.81, 15.74, -0.02, -107.82, -1.81, -15.74, -35.93, -99.45, -45.38, -10.22]
[-35.17, -99.76, -44.93, 10.22, -0.03, -108.36, -2.36, 15.74, -0.03, -108.36, -2.36, -15.74, -35.17, -99.76, -44.93, -10.22]
[-34.41, -100.06, -44.47, 10.22, -0.0, -108.92, -2.91, 15.74, -0.0, -108.92, -2.91, -15.74, -34.41, -100.06, -44.47, -10.22]
[-33.66, -100.35, -44.01, 10.22, -0.03, -109.43, -3.47, 15.74, -0.03, -109.43, -3.47, -15.74, -33.66, -100.35, -44.01, -10.22]
[-32.91, -100.64, -43.55, 10.22, -0.03, -109.97, -4.02, 15.74, -0.03, -109.97, -4.02, -15.74, -32.91, -100.64, -43.55, -10.22]
[-32.17, -100.91, -43.08, 10.22, -0.01, -110.53, -4.58, 15.74, -0.01, -110.53, -4.58, -15.74, -32.17, -100.91, -43.08, -10.22]
[-31.44, -101.17, -42.61, 10.22, -0.03, -111.04, -5.14, 15.74, -0.03, -111.04, -5.14, -15.74, -31.44, -101.17, -42.61, -10.22]
[-30.71, -101.43, -42.13, 10.22, -0.03, -111.58, -5.71, 15.74, -0.03, -111.58, -5.71, -15.74, -30.71, -101.43, -42.13, -10.22]
[-29.98, -101.67, -41.65, 10.22, -0.0, -112.13, -6.27, 15.74, -0.0, -112.13, -6.27, -15.74, -29.98, -101.67, -41.65, -10.22]
[-29.27, -101.9, -41.16, 10.22, -0.02, -112.65, -6.84, 15.74, -0.02, -112.65, -6.84, -15.74, -29.27, -101.9, -41.16, -10.22]
[-28.56, -102.12, -40.68, 10.22, -0.02, -113.18, -7.41, 15.74, -0.02, -113.18, -7.41, -15.74, -28.56, -102.12, -40.68, -10.22]
[-27.85, -102.33, -40.18, 10.22, -0.03, -113.71, -7.98, 15.74, -0.03, -113.71, -7.98, -15.74, -27.85, -102.33, -40.18, -10.22]
[-27.15, -102.54, -39.69, 10.22, -0.01, -114.25, -8.56, 15.74, -0.01, -114.25, -8.56, -15.74, -27.15, -102.54, -39.69, -10.22]
[-26.46, -102.73, -39.19, 10.22, -0.01, -114.78, -9.14, 15.74, -0.01, -114.78, -9.14, -15.74, -26.46, -102.73, -39.19, -10.22]
[-25.78, -102.91, -38.69, 10.22, -0.01, -115.3, -9.72, 15.74, -0.01, -115.3, -9.72, -15.74, -25.78, -102.91, -38.69, -10.22]
[-25.1, -103.08, -38.18, 10.22, -0.0, -115.84, -10.3, 15.74, -0.0, -115.84, -10.3, -15.74, -25.1, -103.08, -38.18, -10.22]
[-24.43, -103.24, -37.67, 10.22, -0.0, -116.37, -10.88, 15.74, -0.0, -116.37, -10.88, -15.74, -24.43, -103.24, -37.67, -10.22]
[-23.77, -103.39, -37.16, 10.22, -0.01, -116.89, -11.47, 15.74, -0.01, -116.89, -11.47, -15.74, -23.77, -103.39, -37.16, -10.22]
[-23.12, -103.53, -36.65, 10.22, -0.0, -117.42, -12.06, 15.74, -0.0, -117.42, -12.06, -15.74, -23.12, -103.53, -36.65, -10.22]
[-22.47, -103.66, -36.13, 10.22, -0.0, -117.95, -12.66, 15.74, -0.0, -117.95, -12.66, -15.74, -22.47, -103.66, -36.13, -10.22]
[-21.83, -103.78, -35.61, 10.22, -0.01, -118.46, -13.26, 15.74, -0.01, -118.46, -13.26, -15.74, -21.83, -103.78, -35.61, -10.22]
[-21.2, -103.89, -35.08, 10.22, -0.0, -118.99, -13.86, 15.74, -0.0, -118.99, -13.86, -15.74, -21.2, -103.89, -35.08, -10.22]
[-20.57, -103.99, -34.56, 10.22, -0.01, -119.51, -14.46, 15.74, -0.01, -119.51, -14.46, -15.74, -20.57, -103.99, -34.56, -10.22]
[-19.96, -104.08, -34.03, 10.22, -0.03, -120.02, -15.07, 15.74, -0.03, -120.02, -15.07, -15.74, -19.96, -104.08, -34.03, -10.22]
[-19.35, -104.16, -33.5, 10.22, -0.02, -120.54, -15.68, 15.74, -0.02, -120.54, -15.68, -15.74, -19.35, -104.16, -33.5, -10.22]
[-18.75, -104.22, -32.97, 10.22, -0.0, -121.08, -16.29, 15.74, -0.0, -121.08, -16.29, -15.74, -18.75, -104.22, -32.97, -10.22]
[-18.16, -104.28, -32.44, 10.22, -0.03, -121.59, -16.91, 15.74, -0.03, -121.59, -16.91, -15.74, -18.16, -104.28, -32.44, -10.22]
[-17.57, -104.33, -31.9, 10.22, -0.03, -122.11, -17.53, 15.74, -0.03, -122.11, -17.53, -15.74, -17.57, -104.33, -31.9, -10.22]
[-17.0, -104.37, -31.36, 10.22, -0.01, -122.64, -18.16, 15.74, -0.01, -122.64, -18.16, -15.74, -17.0, -104.37, -31.36, -10.22]
[-16.43, -104.39, -30.82, 10.22, -0.01, -123.16, -18.79, 15.74, -0.01, -123.16, -18.79, -15.74, -16.43, -104.39, -30.82, -10.22]
[-15.88, -104.41, -30.28, 10.22, -0.02, -123.67, -19.42, 15.74, -0.02, -123.67, -19.42, -15.74, -15.88, -104.41, -30.28, -10.22]
[-15.33, -104.41, -29.74, 10.22, -0.02, -124.2, -20.06, 15.74, -0.02, -124.2, -20.06, -15.74, -15.33, -104.41, -29.74, -10.22]
[-14.79, -104.41, -29.19, 10.22, -0.02, -124.71, -20.7, 15.74, -0.02, -124.71, -20.7, -15.74, -14.79, -104.41, -29.19, -10.22]
[-14.26, -104.39, -28.65, 10.22, -0.38, -124.97, -21.35, 15.74, -0.38, -124.97, -21.35, -15.74, -14.26, -104.39, -28.65, -10.22]
[-13.74, -104.37, -28.1, 10.22, -1.07, -124.98, -21.99, 15.74, -1.07, -124.98, -21.99, -15.74, -13.74, -104.37, -28.1, -10.22]
[-13.23, -104.33, -27.55, 10.22, -1.78, -124.98, -22.64, 15.74, -1.78, -124.98, -22.64, -15.74, -13.23, -104.33, -27.55, -10.22]
[-12.73, -104.28, -27.01, 10.22, -2.47, -125.0, -23.29, 15.74, -2.47, -125.0, -23.29, -15.74, -12.73, -104.28, -27.01, -10.22]
[-12.23, -104.23, -26.46, 10.22, -3.17, -125.0, -23.94, 15.74, -3.17, -125.0, -23.94, -15.74, -12.23, -104.23, -26.46, -10.22]
[-11.45, -105.1, -26.55, 10.02, -3.06, -124.99, -24.02, 15.28, -3.06, -124.99, -24.02, -15.28, -11.45, -105.1, -26.55, -10.02]
[-10.66, -105.98, -26.64, 9.82, -2.96, -124.98, -24.09, 14.81, -2.96, -124.98, -24.09, -14.81, -10.66, -105.98, -26.64, -9.82]
[-9.87, -106.85, -26.72, 9.61, -2.83, -124.99, -24.17, 14.36, -2.83, -124.99, -24.17, -14.36, -9.87, -106.85, -26.72, -9.61]
[-9.09, -107.71, -26.79, 9.4, -2.7, -124.99, -24.25, 13.9, -2.7, -124.99, -24.25, -13.9, -9.09, -107.71, -26.79, -9.4]
[-8.3, -108.57, -26.86, 9.19, -2.59, -124.99, -24.33, 13.46, -2.59, -124.99, -24.33, -13.46, -8.3, -108.57, -26.86, -9.19]
[-7.5, -109.42, -26.92, 8.98, -2.48, -124.98, -24.41, 13.01, -2.48, -124.98, -24.41, -13.01, -7.5, -109.42, -26.92, -8.98]
[-6.71, -110.27, -26.98, 8.77, -2.34, -124.98, -24.49, 12.57, -2.34, -124.98, -24.49, -12.57, -6.71, -110.27, -26.98, -8.77]
[-5.92, -111.11, -27.03, 8.55, -2.2, -124.99, -24.56, 12.13, -2.2, -124.99, -24.56, -12.13, -5.92, -111.11, -27.03, -8.55]
[-5.12, -111.96, -27.07, 8.34, -2.08, -124.98, -24.64, 11.7, -2.08, -124.98, -24.64, -11.7, -5.12, -111.96, -27.07, -8.34]
[-4.32, -112.79, -27.11, 8.12, -1.92, -125.0, -24.72, 11.28, -1.92, -125.0, -24.72, -11.28, -4.32, -112.79, -27.11, -8.12]
[-3.52, -113.62, -27.14, 7.89, -1.8, -124.98, -24.79, 10.85, -1.8, -124.98, -24.79, -10.85, -3.52, -113.62, -27.14, -7.89]
[-2.72, -114.45, -27.17, 7.67, -1.65, -124.98, -24.87, 10.43, -1.65, -124.98, -24.87, -10.43, -2.72, -114.45, -27.17, -7.67]
[-1.91, -115.28, -27.19, 7.44, -1.51, -124.98, -24.94, 10.02, -1.51, -124.98, -24.94, -10.02, -1.91, -115.28, -27.19, -7.44]
[-1.1, -116.1, -27.2, 7.21, -1.34, -124.99, -25.02, 9.61, -1.34, -124.99, -25.02, -9.61, -1.1, -116.1, -27.2, -7.21]
[-0.29, -116.92, -27.21, 6.98, -1.21, -124.98, -25.09, 9.2, -1.21, -124.98, -25.09, -9.2, -0.29, -116.92, -27.21, -6.98]
[-0.03, -117.33, -27.21, 6.74, -1.05, -124.98, -25.16, 8.8, -1.05, -124.98, -25.16, -8.8, -0.03, -117.33, -27.21, -6.74]
[-0.02, -117.56, -27.2, 6.51, -0.89, -124.98, -25.24, 8.4, -0.89, -124.98, -25.24, -8.4, -0.02, -117.56, -27.2, -6.51]
[-0.01, -117.78, -27.2, 6.27, -0.74, -124.98, -25.31, 8.01, -0.74, -124.98, -25.31, -8.01, -0.01, -117.78, -27.2, -6.27]
[-0.01, -118.0, -27.19, 6.03, -0.55, -124.99, -25.38, 7.61, -0.55, -124.99, -25.38, -7.61, -0.01, -118.0, -27.19, -6.03]
[-0.0, -118.21, -27.19, 5.78, -0.37, -125.0, -25.45, 7.23, -0.37, -125.0, -25.45, -7.23, -0.0, -118.21, -27.19, -5.78]
[-0.0, -118.43, -27.18, 5.53, -0.23, -124.98, -25.52, 6.85, -0.23, -124.98, -25.52, -6.85, -0.0, -118.43, -27.18, -5.53]
[-0.0, -118.64, -27.17, 5.28, -0.06, -124.98, -25.58, 6.47, -0.06, -124.98, -25.58, -6.47, -0.0, -118.64, -27.17, -5.28]
[-0.0, -118.85, -27.15, 5.03, -0.01, -124.89, -25.65, 6.09, -0.01, -124.89, -25.65, -6.09, -0.0, -118.85, -27.15, -5.03]
[-0.0, -119.05, -27.14, 4.78, -0.03, -124.74, -25.71, 5.72, -0.03, -124.74, -25.71, -5.72, -0.0, -119.05, -27.14, -4.78]
[-0.0, -119.25, -27.12, 4.52, -0.01, -124.62, -25.78, 5.36, -0.01, -124.62, -25.78, -5.36, -0.0, -119.25, -27.12, -4.52]
[-0.01, -119.45, -27.1, 4.26, -0.01, -124.49, -25.84, 4.99, -0.01, -124.49, -25.84, -4.99, -0.01, -119.45, -27.1, -4.26]
[-0.01, -119.64, -27.08, 4.0, -0.0, -124.36, -25.9, 4.63, -0.0, -124.36, -25.9, -4.63, -0.01, -119.64, -27.08, -4.0]
[-0.02, -119.84, -27.06, 3.73, -0.0, -124.22, -25.96, 4.28, -0.0, -124.22, -25.96, -4.28, -0.02, -119.84, -27.06, -3.73]
[-0.03, -120.02, -27.04, 3.46, -0.0, -124.08, -26.02, 3.93, -0.0, -124.08, -26.02, -3.93, -0.03, -120.02, -27.04, -3.46]
[-0.0, -120.24, -27.01, 3.19, -0.01, -123.93, -26.08, 3.58, -0.01, -123.93, -26.08, -3.58, -0.0, -120.24, -27.01, -3.19]
[-0.01, -120.42, -26.99, 2.91, -0.02, -123.78, -26.14, 3.24, -0.02, -123.78, -26.14, -3.24, -0.01, -120.42, -26.99, -2.91]
[-0.03, -120.6, -26.96, 2.64, -0.0, -123.64, -26.2, 2.9, -0.0, -123.64, -26.2, -2.9, -0.03, -120.6, -26.96, -2.64]
[-0.0, -120.8, -26.93, 2.36, -0.02, -123.48, -26.25, 2.56, -0.02, -123.48, -26.25, -2.56, -0.0, -120.8, -26.93, -2.36]
[-0.02, -120.97, -26.9, 2.07, -0.0, -123.34, -26.3, 2.23, -0.0, -123.34, -26.3, -2.23, -0.02, -120.97, -26.9, -2.07]
[-0.0, -121.16, -26.86, 1.78, -0.03, -123.17, -26.36, 1.9, -0.03, -123.17, -26.36, -1.9, -0.0, -121.16, -26.86, -1.78]
[-0.02, -121.33, -26.83, 1.49, -0.02, -123.03, -26.41, 1.57, -0.02, -123.03, -26.41, -1.57, -0.02, -121.33, -26.83, -1.49]
[-0.01, -121.51, -26.79, 1.2, -0.01, -122.87, -26.46, 1.25, -0.01, -122.87, -26.46, -1.25, -0.01, -121.51, -26.79, -1.2]
[-0.0, -121.7, -26.75, 0.91, -0.0, -122.72, -26.51, 0.93, -0.0, -122.72, -26.51, -0.93, -0.0, -121.7, -26.75, -0.91]
[-0.03, -121.85, -26.72, 0.61, -0.0, -122.56, -26.55, 0.61, -0.0, -122.56, -26.55, -0.61, -0.03, -121.85, -26.72, -0.61]
[-0.02, -122.03, -26.67, 0.3, -0.0, -122.39, -26.6, 0.3, -0.0, -122.39, -26.6, -0.3, -0.02, -122.03, -26.67, -0.3]
[-0.02, -122.2, -26.63, -0.0, -0.0, -122.22, -26.64, -0.01, -0.0, -122.22, -26.64, 0.01, -0.02, -122.2, -26.63, 0.0]