[-26.86, -124.52, -61.38, 0.0, -26.86, -124.52, -61.38, 0.0, -26.86, -124.52, -61.38, 0.0, -26.86, -124.52, -61.38, 0.0]
[-27.29, -123.88, -61.17, 0.31, -26.62, -124.99, -61.53, 0.31, -26.62, -124.99, -61.53, -0.31, -27.29, -123.88, -61.17, -0.31]
[-27.72, -123.24, -60.96, 0.61, -26.88, -124.99, -61.53, 0.62, -26.88, -124.99, -61.53, -0.62, -27.72, -123.24, -60.96, -0.61]
[-28.15, -122.6, -60.75, 0.91, -27.14, -125.0, -61.53, 0.94, -27.14, -125.0, -61.53, -0.94, -28.15, -122.6, -60.75, -0.91]
[-28.58, -121.95, -60.54, 1.2, -27.43, -124.98, -61.52, 1.26, -27.43, -124.98, -61.52, -1.26, -28.58, -121.95, -60.54, -1.2]
[-29.02, -121.3, -60.32, 1.5, -27.69, -124.98, -61.51, 1.58, -27.69, -124.98, -61.51, -1.58, -29.02, -121.3, -60.32, -1.5]
[-29.45, -120.64, -60.1, 1.79, -27.95, -124.98, -61.5, 1.9, -27.95, -124.98, -61.5, -1.9, -29.45, -120.64, -60.1, -1.79]
[-29.89, -119.98, -59.87, 2.07, -28.18, -125.0, -61.49, 2.23, -28.18, -125.0, -61.49, -2.23, -29.89, -119.98, -59.87, -2.07]
[-30.33, -119.32, -59.65, 2.36, -28.44, -125.0, -61.47, 2.57, -28.44, -125.0, -61.47, -2.57, -30.33, -119.32, -59.65, -2.36]
[-30.77, -118.65, -59.42, 2.64, -28.69, -124.99, -61.45, 2.9, -28.69, -124.99, -61.45, -2.9, -30.77, -118.65, -59.42, -2.64]
[-31.22, -117.97, -59.19, 2.91, -28.95, -124.98, -61.43, 3.24, -28.95, -124.98, -61.43, -3.24, -31.22, -117.97, -59.19, -2.91]
[-31.67, -117.29, -58.96, 3.19, -29.18, -124.99, -61.41, 3.59, -29.18, -124.99, -61.41, -3.59, -31.67, -117.29, -58.96, -3.19]
[-32.11, -116.61, -58.72, 3.46, -29.43, -124.98, -61.38, 3.93, -29.43, -124.98, -61.38, -3.93, -32.11, -116.61, -58.72, -3.46]
[-32.57, -115.92, -58.48, 3.73, -29.66, -124.99, -61.35, 4.29, -29.66, -124.99, -61.35, -4.29, -32.57, -115.92, -58.48, -3.73]
[-33.02, -115.22, -58.24, 3.99, -29.88, -124.99, -61.32, 4.64, -29.88, -124.99, -61.32, -4.64, -33.02, -115.22, -58.24, -3.99]
[-33.48, -114.52, -58.0, 4.26, -30.11, -124.99, -61.29, 5.0, -30.11, -124.99, -61.29, -5.0, -33.48, -114.52, -58.0, -4.26]
[-33.93, -113.82, -57.75, 4.52, -30.33, -124.99, -61.26, 5.36, -30.33, -124.99, -61.26, -5.36, -33.93, -113.82, -57.75, -4.52]
[-34.39, -113.11, -57.5, 4.78, -30.56, -124.99, -61.22, 5.73, -30.56, -124.99, -61.22, -5.73, -34.39, -113.11, -57.5, -4.78]
[-34.86, -112.4, -57.25, 5.03, -30.78, -124.98, -61.18, 6.1, -30.78, -124.98, -61.18, -6.1, -34.86, -112.4, -57.25, -5.03]
[-35.32, -111.68, -57.0, 5.28, -30.99, -125.0, -61.14, 6.47, -30.99, -125.0, -61.14, -6.47, -35.32, -111.68, -57.0, -5.28]
[-35.79, -110.95, -56.74, 5.53, -31.21, -124.99, -61.1, 6.85, -31.21, -124.99, -61.1, -6.85, -35.79, -110.95, -56.74, -5.53]
[-36.26, -110.22, -56.48, 5.78, -31.41, -124.99, -61.05, 7.23, -31.41, -124.99, -61.05, -7.23, -36.26, -110.22, -56.48, -5.78]
[-36.74, -109.49, -56.22, 6.02, -31.61, -125.0, -61.01, 7.62, -31.61, -125.0, -61.01, -7.62, -36.74, -109.49, -56.22, -6.02]
[-37.21, -108.75, -55.96, 6.27, -31.81, -125.0, -60.96, 8.01, -31.81, -125.0, -60.96, -8.01, -37.21, -108.75, -55.96, -6.27]
[-37.69, -108.0, -55.69, 6.51, -32.01, -125.0, -60.91, 8.4, -32.01, -125.0, -60.91, -8.4, -37.69, -108.0, -55.69, -6.51]
[-38.17, -107.25, -55.42, 6.74, -32.22, -124.99, -60.86, 8.8, -32.22, -124.99, -60.86, -8.8, -38.17, -107.25, -55.42, -6.74]
[-38.66, -106.49, -55.15, 6.98, -32.42, -124.98, -60.8, 9.2, -32.42, -124.98, -60.8, -9.2, -38.66, -106.49, -55.15, -6.98]
[-39.14, -105.73, -54.88, 7.21, -32.6, -124.99, -60.75, 9.61, -32.6, -124.99, -60.75, -9.61, -39.14, -105.73, -54.88, -7.21]
[-39.64, -104.96, -54.6, 7.44, -32.78, -124.99, -60.69, 10.02, -32.78, -124.99, -60.69, -10.02, -39.64, -104.96, -54.6, -7.44]
[-40.13, -104.19, -54.32, 7.67, -32.96, -125.0, -60.64, 10.43, -32.96, -125.0, -60.64, -10.43, -40.13, -104.19, -54.32, -7.67]
[-40.63, -103.41, -54.04, 7.89, -33.14, -124.99, -60.57, 10.85, -33.14, -124.99, -60.57, -10.85, -40.63, -103.41, -54.04, -7.89]
[-41.13, -102.62, -53.75, 8.11, -33.32, -124.99, -60.51, 11.28, -33.32, -124.99, -60.51, -11.28, -41.13, -102.62, -53.75, -8.11]
[-41.63, -101.83, -53.46, 8.33, -33.49, -125.0, -60.45, 11.7, -33.49, -125.0, -60.45, -11.7, -41.63, -101.83, -53.46, -8.33]
[-42.14, -101.03, -53.17, 8.55, -33.67, -124.98, -60.38, 12.13, -33.67, -124.98, -60.38, -12.13, -42.14, -101.03, -53.17, -8.55]
[-42.65, -100.23, -52.88, 8.77, -33.83, -124.99, -60.32, 12.57, -33.83, -124.99, -60.32, -12.57, -42.65, -100.23, -52.88, -8.77]
[-43.16, -99.42, -52.58, 8.98, -34.0, -124.98, -60.25, 13.01, -34.0, -124.98, -60.25, -13.01, -43.16, -99.42, -52.58, -8.98]
[-43.68, -98.6, -52.28, 9.19, -34.15, -125.0, -60.19, 13.45, -34.15, -125.0, -60.19, -13.45, -43.68, -98.6, -52.28, -9.19]
[-44.2, -97.77, -51.97, 9.4, -34.31, -124.99, -60.12, 13.9, -34.31, -124.99, -60.12, -13.9, -44.2, -97.77, -51.97, -9.4]
[-44.73, -96.94, -51.67, 9.61, -34.46, -124.99, -60.05, 14.36, -34.46, -124.99, -60.05, -14.36, -44.73, -96.94, -51.67, -9.61]
[-45.26, -96.1, -51.36, 9.81, -34.61, -124.99, -59.98, 14.81, -34.61, -124.99, -59.98, -14.81, -45.26, -96.1, -51.36, -9.81]
[-45.79, -95.26, -51.05, 10.02, -34.77, -124.99, -59.91, 15.27, -34.77, -124.99, -59.91, -15.27, -45.79, -95.26, -51.05, -10.02]
[-46.33, -94.4, -50.73, 10.22, -34.9, -125.0, -59.85, 15.74, -34.9, -125.0, -59.85, -15.74, -46.33, -94.4, -50.73, -10.22]
[-47.15, -93.95, -51.11, 10.22, -34.32, -124.98, -59.0, 15.74, -34.32, -124.98, -59.0, -15.74, -47.15, -93.95, -51.11, -10.22]
[-47.98, -93.49, -51.48, 10.22, -33.71, -124.99, -58.18, 15.74, -33.71, -124.99, -58.18, -15.74, -47.98, -93.49, -51.48, -10.22]
[-48.82, -93.02, -51.84, 10.22, -33.12, -124.99, -57.35, 15.74, -33.12, -124.99, -57.35, -15.74, -48.82, -93.02, -51.84, -10.22]
[-49.65, -92.54, -52.19, 10.22, -32.53, -124.99, -56.53, 15.74, -32.53, -124.99, -56.53, -15.74, -49.65, -92.54, -52.19, -10.22]
[-50.49, -92.05, -52.55, 10.22, -31.93, -124.99, -55.72, 15.74, -31.93, -124.99, -55.72, -15.74, -50.49, -92.05, -52.55, -10.22]
[-51.34, -91.55, -52.89, 10.22, -31.32, -124.99, -54.92, 15.74, -31.32, -124.99, -54.92, -15.74, -51.34, -91.55, -52.89, -10.22]
[-52.19, -91.04, -53.23, 10.22, -30.73, -124.98, -54.12, 15.74, -30.73, -124.98, -54.12, -15.74, -52.19, -91.04, -53.23, -10.22]
[-53.04, -90.52, -53.56, 10.22, -30.13, -124.98, -53.33, 15.74, -30.13, -124.98, -53.33, -15.74, -53.04, -90.52, -53.56, -10.22]
[-53.89, -89.99, -53.88, 10.22, -29.53, -124.98, -52.55, 15.74, -29.53, -124.98, -52.55, -15.74, -53.89, -89.99, -53.88, -10.22]
[-54.75, -89.45, -54.2, 10.22, -28.92, -124.99, -51.77, 15.74, -28.92, -124.99, -51.77, -15.74, -54.75, -89.45, -54.2, -10.22]
[-55.62, -88.9, -54.51, 10.22, -28.3, -125.0, -51.01, 15.74, -28.3, -125.0, -51.01, -15.74, -55.62, -88.9, -54.51, -10.22]
[-56.48, -88.34, -54.82, 10.22, -27.69, -125.0, -50.24, 15.74, -27.69, -125.0, -50.24, -15.74, -56.48, -88.34, -54.82, -10.22]
[-57.35, -87.77, -55.12, 10.22, -27.1, -124.98, -49.47, 15.74, -27.1, -124.98, -49.47, -15.74, -57.35, -87.77, -55.12, -10.22]
[-58.22, -87.18, -55.41, 10.22, -26.48, -124.99, -48.72, 15.74, -26.48, -124.99, -48.72, -15.74, -58.22, -87.18, -55.41, -10.22]
[-59.1, -86.59, -55.69, 10.22, -25.87, -124.99, -47.97, 15.74, -25.87, -124.99, -47.97, -15.74, -59.1, -86.59, -55.69, -10.22]
[-59.98, -85.99, -55.97, 10.22, -25.25, -124.99, -47.22, 15.74, -25.25, -124.99, -47.22, -15.74, -59.98, -85.99, -55.97, -10.22]
[-60.86, -85.38, -56.24, 10.22, -24.65, -124.98, -46.48, 15.74, -24.65, -124.98, -46.48, -15.74, -60.86, -85.38, -56.24, -10.22]
[-61.75, -84.75, -56.5, 10.22, -24.04, -124.98, -45.74, 15.74, -24.04, -124.98, -45.74, -15.74, -61.75, -84.75, -56.5, -10.22]
[-62.64, -84.12, -56.76, 10.22, -23.41, -124.98, -45.02, 15.74, -23.41, -124.98, -45.02, -15.74, -62.64, -84.12, -56.76, -10.22]
[-63.53, -83.47, -57.01, 10.22, -22.8, -124.98, -44.29, 15.74, -22.8, -124.98, -44.29, -15.74, -63.53, -83.47, -57.01, -10.22]
[-64.43, -82.82, -57.25, 10.22, -22.18, -124.98, -43.56, 15.74, -22.18, -124.98, -43.56, -15.74, -64.43, -82.82, -57.25, -10.22]
[-65.33, -82.15, -57.48, 10.22, -21.54, -124.99, -42.85, 15.74, -21.54, -124.99, -42.85, -15.74, -65.33, -82.15, -57.48, -10.22]
[-66.24, -81.47, -57.71, 10.22, -20.92, -124.99, -42.13, 15.74, -20.92, -124.99, -42.13, -15.74, -66.24, -81.47, -57.71, -10.22]
[-67.15, -80.78, -57.93, 10.22, -20.28, -124.99, -41.43, 15.74, -20.28, -124.99, -41.43, -15.74, -67.15, -80.78, -57.93, -10.22]
[-68.06, -80.08, -58.14, 10.22, -19.66, -124.99, -40.72, 15.74, -19.66, -124.99, -40.72, -15.74, -68.06, -80.08, -58.14, -10.22]
[-68.98, -79.36, -58.34, 10.22, -19.02, -124.99, -40.02, 15.74, -19.02, -124.99, -40.02, -15.74, -68.98, -79.36, -58.34, -10.22]
[-69.9, -78.64, -58.53, 10.22, -18.4, -124.98, -39.31, 15.74, -18.4, -124.98, -39.31, -15.74, -69.9, -78.64, -58.53, -10.22]
[-70.82, -77.9, -58.72, 10.22, -17.77, -124.98, -38.62, 15.74, -17.77, -124.98, -38.62, -15.74, -70.82, -77.9, -58.72, -10.22]
[-71.75, -77.15, -58.9, 10.22, -17.11, -125.0, -37.93, 15.74, -17.11, -125.0, -37.93, -15.74, -71.75, -77.15, -58.9, -10.22]
[-72.69, -76.39, -59.07, 10.22, -16.47, -125.0, -37.24, 15.74, -16.47, -125.0, -37.24, -15.74, -72.69, -76.39, -59.07, -10.22]
[-73.62, -75.61, -59.24, 10.22, -15.85, -124.98, -36.55, 15.74, -15.85, -124.98, -36.55, -15.74, -73.62, -75.61, -59.24, -10.22]
[-74.57, -74.82, -59.39, 10.22, -15.21, -124.98, -35.87, 15.74, -15.21, -124.98, -35.87, -15.74, -74.57, -74.82, -59.39, -10.22]
[-75.52, -74.02, -59.54, 10.22, -14.55, -124.99, -35.19, 15.74, -14.55, -124.99, -35.19, -15.74, -75.52, -74.02, -59.54, -10.22]
[-76.47, -73.2, -59.67, 10.22, -13.9, -124.99, -34.51, 15.74, -13.9, -124.99, -34.51, -15.74, -76.47, -73.2, -59.67, -10.22]
[-77.43, -72.37, -59.8, 10.22, -13.24, -125.0, -33.84, 15.74, -13.24, -125.0, -33.84, -15.74, -77.43, -72.37, -59.8, -10.22]
[-78.4, -71.53, -59.92, 10.22, -12.58, -125.0, -33.16, 15.74, -12.58, -125.0, -33.16, -15.74, -78.4, -71.53, -59.92, -10.22]
[-79.37, -70.67, -60.03, 10.22, -11.95, -124.98, -32.49, 15.74, -11.95, -124.98, -32.49, -15.74, -79.37, -70.67, -60.03, -10.22]
[-80.34, -69.79, -60.14, 10.22, -11.29, -124.98, -31.82, 15.74, -11.29, -124.98, -31.82, -15.74, -80.34, -69.79, -60.14, -10.22]
[-81.33, -68.9, -60.23, 10.22, -10.61, -124.99, -31.16, 15.74, -10.61, -124.99, -31.16, -15.74, -81.33, -68.9, -60.23, -10.22]
[-82.32, -67.99, -60.31, 10.22, -9.95, -124.99, -30.49, 15.74, -9.95, -124.99, -30.49, -15.74, -82.32, -67.99, -60.31, -10.22]
[-83.32, -67.07, -60.39, 10.22, -9.3, -124.98, -29.83, 15.74, -9.3, -124.98, -29.83, -15.74, -83.32, -67.07, -60.39, -10.22]
[-84.32, -66.13, -60.45, 10.22, -8.63, -124.98, -29.17, 15.74, -8.63, -124.98, -29.17, -15.74, -84.32, -66.13, -60.45, -10.22]
[-85.34, -65.17, -60.5, 10.22, -7.94, -124.99, -28.51, 15.74, -7.94, -124.99, -28.51, -15.74, -85.34, -65.17, -60.5, -10.22]
[-86.36, -64.19, -60.55, 10.22, -7.26, -125.0, -27.85, 15.74, -7.26, -125.0, -27.85, -15.74, -86.36, -64.19, -60.55, -10.22]
[-87.39, -63.19, -60.58, 10.22, -6.59, -124.99, -27.2, 15.74, -6.59, -124.99, -27.2, -15.74, -87.39, -63.19, -60.58, -10.22]
[-88.43, -62.18, -60.6, 10.22, -5.9, -124.99, -26.54, 15.74, -5.9, -124.99, -26.54, -15.74, -88.43, -62.18, -60.6, -10.22]
[-89.48, -61.14, -60.62, 10.22, -5.22, -124.99, -25.89, 15.74, -5.22, -124.99, -25.89, -15.74, -89.48, -61.14, -60.62, -10.22]
[-90.54, -60.07, -60.61, 10.22, -4.53, -124.99, -25.24, 15.74, -4.53, -124.99, -25.24, -15.74, -90.54, -60.07, -60.61, -10.22]
[-91.61, -58.99, -60.6, 10.22, -3.84, -124.99, -24.59, 15.74, -3.84, -124.99, -24.59, -15.74, -91.61, -58.99, -60.6, -10.22]
[-92.7, -57.88, -60.58, 10.22, -3.13, -125.0, -23.94, 15.74, -3.13, -125.0, -23.94, -15.74, -92.7, -57.88, -60.58, -10.22]
[-92.7, -57.88, -60.58, 10.22, -3.13, -125.0, -23.94, 15.74, -3.13, -125.0, -23.94, -15.74, -92.7, -57.88, -60.58, -10.22]
[-92.7, -57.88, -60.58, 10.22, -3.13, -125.0, -23.94, 15.74, -3.13, -125.0, -23.94, -15.74, -92.7, -57.88, -60.58, -10.22]
[-92.7, -57.88, -60.58, 10.22, -3.13, -125.0, -23.94, 15.74, -3.13, -125.0, -23.94, -15.74, -92.7, -57.88, -60.58, -10.22]
[-92.7, -57.88, -60.58, 10.22, -3.13, -125.0, -23.94, 15.74, -3.13, -125.0, -23.94, -15.74, -92.7, -57.88, -60.58, -10.22]
[-92.7, -57.88, -60.58, 10.22, -3.13, -125.0, -23.94, 15.74, -3.13, -125.0, -23.94, -15.74, -92.7, -57.88, -60.58, -10.22]
[-92.7, -57.88, -60.58, 10.22, -3.13, -125.0, -23.94, 15.74, -3.13, -125.0, -23.94, -15.74, -92.7, -57.88, -60.58, -10.22]
[-92.7, -57.88, -60.58, 10.22, -3.13, -125.0, -23.94, 15.74, -3.13, -125.0, -23.94, -15.74, -92.7, -57.88, -60.58, -10.22]
[-92.7, -57.88, -60.58, 10.22, -3.13, -125.0, -23.94, 15.74, -3.13, -125.0, -23.94, -15.74, -92.7, -57.88, -60.58, -10.22]
[-92.7, -57.88, -60.58, 10.22, -3.13, -125.0, -23.94, 15.74, -3.13, -125.0, -23.94, -15.74, -92.7, -57.88, -60.58, -10.22]
[-92.7, -57.88, -60.58, 10.22, -3.13, -125.0, -23.94, 15.74, -3.13, -125.0, -23.94, -15.74, -92.7, -57.88, -60.58, -10.22]
[-92.7, -57.88, -60.58, 10.22, -3.13, -125.0, -23.94, 15.74, -3.13, -125.0, -23.94, -15.74, -92.7, -57.88, -60.58, -10.22]
[-92.7, -57.88, -60.58, 10.22, -3.13, -125.0, -23.94, 15.74, -3.13, -125.0, -23.94, -15.74, -92.7, -57.88, -60.58, -10.22]
[-92.7, -57.88, -60.58, 10.22, -3.13, -125.0, -23.94, 15.74, -3.13, -125.0, -23.94, -15.74, -92.7, -57.88, -60.58, -10.22]
[-92.7, -57.88, -60.58, 10.22, -3.13, -125.0, -23.94, 15.74, -3.13, -125.0, -23.94, -15.74, -92.7, -57.88, -60.58, -10.22]
[-92.7, -57.88, -60.58, 10.22, -3.13, -125.0, -23.94, 15.74, -3.13, -125.0, -23.94, -15.74, -92.7, -57.88, -60.58, -10.22]
[-92.7, -57.88, -60.58, 10.22, -3.13, -125.0, -23.94, 15.74, -3.13, -125.0, -23.94, -15.74, -92.7, -57.88, -60.58, -10.22]
[-92.7, -57.88, -60.58, 10.22, -3.13, -125.0, -23.94, 15.74, -3.13, -125.0, -23.94, -15.74, -92.7, -57.88, -60.58, -10.22]
[-92.7, -57.88, -60.58, 10.22, -3.13, -125.0, -23.94, 15.74, -3.13, -125.0, -23.94, -15.74, -92.7, -57.88, -60.58, -10.22]
[-92.7, -57.88, -60.58, 10.22, -3.13, -125.0, -23.94, 15.74, -3.13, -125.0, -23.94, -15.74, -92.7, -57.88, -60.58, -10.22]
[-92.7, -57.88, -60.58, 10.22, -3.13, -125.0, -23.94, 15.74, -3.13, -125.0, -23.94, -15.74, -92.7, -57.88, -60.58, -10.22]
[-92.7, -57.88, -60.58, 10.22, -3.13, -125.0, -23.94, 15.74, -3.13, -125.0, -23.94, -15.74, -92.7, -57.88, -60.58, -10.22]
[-92.7, -57.88, -60.58, 10.22, -3.13, -125.0, -23.94, 15.74, -3.13, -125.0, -23.94, -15.74, -92.7, -57.88, -60.58, -10.22]
[-92.7, -57.88, -60.58, 10.22, -3.13, -125.0, -23.94, 15.74, -3.13, -125.0, -23.94, -15.74, -92.7, -57.88, -60.58, -10.22]
[-92.7, -57.88, -60.58, 10.22, -3.13, -125.0, -23.94, 15.74, -3.13, -125.0, -23.94, -15.74, -92.7, -57.88, -60.58, -10.22]
[-92.7, -57.88, -60.58, 10.22, -3.13, -125.0, -23.94, 15.74, -3.13, -125.0, -23.94, -15.74, -92.7, -57.88, -60.58, -10.22]
[-92.7, -57.88, -60.58, 10.22, -3.13, -125.0, -23.94, 15.74, -3.13, -125.0, -23.94, -15.74, -92.7, -57.88, -60.58, -10.22]
[-92.7, -57.88, -60.58, 10.22, -3.13, -125.0, -23.94, 15.74, -3.13, -125.0, -23.94, -15.74, -92.7, -57.88, -60.58, -10.22]
[-92.7, -57.88, -60.58, 10.22, -3.13, -125.0, -23.94, 15.74, -3.13, -125.0, -23.94, -15.74, -92.7, -57.88, -60.58, -10.22]
[-92.7, -57.88, -60.58, 10.22, -3.13, -125.0, -23.94, 15.74, -3.13, -125.0, -23.94, -15.74, -92.7, -57.88, -60.58, -10.22]
[-92.7, -57.88, -60.58, 10.22, -3.13, -125.0, -23.94, 15.74, -3.13, -125.0, -23.94, -15.74, -92.7, -57.88, -60.58, -10.22]
[-92.7, -57.88, -60.58, 10.22, -3.13, -125.0, -23.94, 15.74, -3.13, -125.0, -23.94, -15.74, -92.7, -57.88, -60.58, -10.22]
[-92.7, -57.88, -60.58, 10.22, -3.13, -125.0, -23.94, 15.74, -3.13, -125.0, -23.94, -15.74, -92.7, -57.88, -60.58, -10.22]
[-92.7, -57.88, -60.58, 10.22, -3.13, -125.0, -23.94, 15.74, -3.13, -125.0, -23.94, -15.74, -92.7, -57.88, -60.58, -10.22]
[-92.7, -57.88, -60.58, 10.22, -3.13, -125.0, -23.94, 15.74, -3.13, -125.0, -23.94, -15.74, -92.7, -57.88, -60.58, -10.22]
[-92.7, -57.88, -60.58, 10.22, -3.13, -125.0, -23.94, 15.74, -3.13, -125.0, -23.94, -15.74, -92.7, -57.88, -60.58, -10.22]
[-92.7, -57.88, -60.58, 10.22, -3.13, -125.0, -23.94, 15.74, -3.13, -125.0, -23.94, -15.74, -92.7, -57.88, -60.58, -10.22]
[-92.7, -57.88, -60.58, 10.22, -3.13, -125.0, -23.94, 15.74, -3.13, -125.0, -23.94, -15.74, -92.7, -57.88, -60.58, -10.22]
[-92.7, -57.88, -60.58, 10.22, -3.13, -125.0, -23.94, 15.74, -3.13, -125.0, -23.94, -15.74, -92.7, -57.88, -60.58, -10.22]
[-92.7, -57.88, -60.58, 10.22, -3.13, -125.0, -23.94, 15.74, -3.13, -125.0, -23.94, -15.74, -92.7, -57.88, -60.58, -10.22]
[-92.7, -57.88, -60.58, 10.22, -3.13, -125.0, -23.94, 15.74, -3.13, -125.0, -23.94, -15.74, -92.7, -57.88, -60.58, -10.22]
[-91.61, -58.99, -60.6, 10.22, -3.84, -124.99, -24.59, 15.74, -3.84, -124.99, -24.59, -15.74, -91.61, -58.99, -60.6, -10.22]
[-90.54, -60.07, -60.61, 10.22, -4.53, -124.99, -25.24, 15.74, -4.53, -124.99, -25.24, -15.74, -90.54, -60.07, -60.61, -10.22]
[-89.48, -61.14, -60.62, 10.22, -5.22, -124.99, -25.89, 15.74, -5.22, -124.99, -25.89, -15.74, -89.48, -61.14, -60.62, -10.22]
[-88.43, -62.18, -60.6, 10.22, -5.9, -124.99, -26.54, 15.74, -5.9, -124.99, -26.54, -15.74, -88.43, -62.18, -60.6, -10.22]
[-87.39, -63.19, -60.58, 10.22, -6.59, -124.99, -27.2, 15.74, -6.59, -124.99, -27.2, -15.74, -87.39, -63.19, -60.58, -10.22]
[-86.36, -64.19, -60.55, 10.22, -7.26, -125.0, -27.85, 15.74, -7.26, -125.0, -27.85, -15.74, -86.36, -64.19, -60.55, -10.22]
[-85.34, -65.17, -60.5, 10.22, -7.94, -124.99, -28.51, 15.74, -7.94, -124.99, -28.51, -15.74, -85.34, -65.17, -60.5, -10.22]
[-84.32, -66.13, -60.45, 10.22, -8.63, -124.98, -29.17, 15.74, -8.63, -124.98, -29.17, -15.74, -84.32, -66.13, -60.45, -10.22]
[-83.32, -67.07, -60.39, 10.22, -9.3, -124.98, -29.83, 15.74, -9.3, -124.98, -29.83, -15.74, -83.32, -67.07, -60.39, -10.22]
[-82.32, -67.99, -60.31, 10.22, -9.95, -124.99, -30.49, 15.74, -9.95, -124.99, -30.49, -15.74, -82.32, -67.99, -60.31, -10.22]
[-81.33, -68.9, -60.23, 10.22, -10.61, -124.99, -31.16, 15.74, -10.61, -124.99, -31.16, -15.74, -81.33, -68.9, -60.23, -10.22]
[-80.34, -69.79, -60.14, 10.22, -11.29, -124.98, -31.82, 15.74, -11.29, -124.98, -31.82, -15.74, -80.34, -69.79, -60.14, -10.22]
[-79.37, -70.67, -60.03, 10.22, -11.95, -124.98, -32.49, 15.74, -11.95, -124.98, -32.49, -15.74, -79.37, -70.67, -60.03, -10.22]
[-78.4, -71.53, -59.92, 10.22, -12.58, -125.0, -33.16, 15.74, -12.58, -125.0, -33.16, -15.74, -78.4, -71.53, -59.92, -10.22]
[-77.43, -72.37, -59.8, 10.22, -13.24, -125.0, -33.84, 15.74, -13.24, -125.0, -33.84, -15.74, -77.43, -72.37, -59.8, -10.22]
[-76.47, -73.2, -59.67, 10.22, -13.9, -124.99, -34.51, 15.74, -13.9, -124.99, -34.51, -15.74, -76.47, -73.2, -59.67, -10.22]
[-75.52, -74.02, -59.54, 10.22, -14.55, -124.99, -35.19, 15.74, -14.55, -124.99, -35.19, -15.74, -75.52, -74.02, -59.54, -10.22]
[-74.57, -74.82, -59.39, 10.22, -15.21, -124.98, -35.87, 15.74, -15.21, -124.98, -35.87, -15.74, -74.57, -74.82, -59.39, -10.22]
[-73.62, -75.61, -59.24, 10.22, -15.85, -124.98, -36.55, 15.74, -15.85, -124.98, -36.55, -15.74, -73.62, -75.61, -59.24, -10.22]
[-72.69, -76.39, -59.07, 10.22, -16.47, -125.0, -37.24, 15.74, -16.47, -125.0, -37.24, -15.74, -72.69, -76.39, -59.07, -10.22]
[-71.75, -77.15, -58.9, 10.22, -17.11, -125.0, -37.93, 15.74, -17.11, -125.0, -37.93, -15.74, -71.75, -77.15, -58.9, -10.22]
[-70.82, -77.9, -58.72, 10.22, -17.77, -124.98, -38.62, 15.74, -17.77, -124.98, -38.62, -15.74, -70.82, -77.9, -58.72, -10.22]
[-69.9, -78.64, -58.53, 10.22, -18.4, -124.98, -39.31, 15.74, -18.4, -124.98, -39.31, -15.74, -69.9, -78.64, -58.53, -10.22]
[-68.98, -79.36, -58.34, 10.22, -19.02, -124.99, -40.02, 15.74, -19.02, -124.99, -40.02, -15.74, -68.98, -79.36, -58.34, -10.22]
[-68.06, -80.08, -58.14, 10.22, -19.66, -124.99, -40.72, 15.74, -19.66, -124.99, -40.72, -15.74, -68.06, -80.08, -58.14, -10.22]
[-67.15, -80.78, -57.93, 10.22, -20.28, -124.99, -41.43, 15.74, -20.28, -124.99, -41.43, -15.74, -67.15, -80.78, -57.93, -10.22]
[-66.24, -81.47, -57.71, 10.22, -20.92, -124.99, -42.13, 15.74, -20.92, -124.99, -42.13, -15.74, -66.24, -81.47, -57.71, -10.22]
[-65.33, -82.15, -57.48, 10.22, -21.54, -124.99, -42.85, 15.74, -21.54, -124.99, -42.85, -15.74, -65.33, -82.15, -57.48, -10.22]
[-64.43, -82.82, -57.25, 10.22, -22.18, -124.98, -43.56, 15.74, -22.18, -124.98, -43.56, -15.74, -64.43, -82.82, -57.25, -10.22]
[-63.53, -83.47, -57.01, 10.22, -22.8, -124.98, -44.29, 15.74, -22.8, -124.98, -44.29, -15.74, -63.53, -83.47, -57.01, -10.22]
[-62.64, -84.12, -56.76, 10.22, -23.41, -124.98, -45.02, 15.74, -23.41, -124.98, -45.02, -15.74, -62.64, -84.12, -56.76, -10.22]
[-61.75, -84.75, -56.5, 10.22, -24.04, -124.98, -45.74, 15.74, -24.04, -124.98, -45.74, -15.74, -61.75, -84.75, -56.5, -10.22]
[-60.86, -85.38, -56.24, 10.22, -24.65, -124.98, -46.48, 15.74, -24.65, -124.98, -46.48, -15.74, -60.86, -85.38, -56.24, -10.22]
[-59.98, -85.99, -55.97, 10.22, -25.25, -124.99, -47.22, 15.74, -25.25, -124.99, -47.22, -15.74, -59.98, -85.99, -55.97, -10.22]
[-59.1, -86.59, -55.69, 10.22, -25.87, -124.99, -47.97, 15.74, -25.87, -124.99, -47.97, -15.74, -59.1, -86.59, -55.69, -10.22]
[-58.22, -87.18, -55.41, 10.22, -26.48, -124.99, -48.72, 15.74, -26.48, -124.99, -48.72, -15.74, -58.22, -87.18, -55.41, -10.22]
[-57.35, -87.77, -55.12, 10.22, -27.1, -124.98, -49.47, 15.74, -27.1, -124.98, -49.47, -15.74, -57.35, -87.77, -55.12, -10.22]
[-56.48, -88.34, -54.82, 10.22, -27.69, -125.0, -50.24, 15.74, -27.69, -125.0, -50.24, -15.74, -56.48, -88.34, -54.82, -10.22]
[-55.62, -88.9, -54.51, 10.22, -28.3, -125.0, -51.01, 15.74, -28.3, -125.0, -51.01, -15.74, -55.62, -88.9, -54.51, -10.22]
[-54.75, -89.45, -54.2, 10.22, -28.92, -124.99, -51.77, 15.74, -28.92, -124.99, -51.77, -15.74, -54.75, -89.45, -54.2, -10.22]
[-53.89, -89.99, -53.88, 10.22, -29.53, -124.98, -52.55, 15.74, -29.53, -124.98, -52.55, -15.74, -53.89, -89.99, -53.88, -10.22]
[-53.04, -90.52, -53.56, 10.22, -30.13, -124.98, -53.33, 15.74, -30.13, -124.98, -53.33, -15.74, -53.04, -90.52, -53.56, -10.22]
[-52.19, -91.04, -53.23, 10.22, -30.73, -124.98, -54.12, 15.74, -30.73, -124.98, -54.12, -15.74, -52.19, -91.04, -53.23, -10.22]
[-51.34, -91.55, -52.89, 10.22, -31.32, -124.99, -54.92, 15.74, -31.32, -124.99, -54.92, -15.74, -51.34, -91.55, -52.89, -10.22]
[-50.49, -92.05, -52.55, 10.22, -31.93, -124.99, -55.72, 15.74, -31.93, -124.99, -55.72, -15.74, -50.49, -92.05, -52.55, -10.22]
[-49.65, -92.54, -52.19, 10.22, -32.53, -124.99, -56.53, 15.74, -32.53, -124.99, -56.53, -15.74, -49.65, -92.54, -52.19, -10.22]
[-48.82, -93.02, -51.84, 10.22, -33.12, -124.99, -57.35, 15.74, -33.12, -124.99, -57.35, -15.74, -48.82, -93.02, -51.84, -10.22]
[-47.98, -93.49, -51.48, 10.22, -33.71, -124.99, -58.18, 15.74, -33.71, -124.99, -58.18, -15.74, -47.98, -93.49, -51.48, -10.22]
[-47.15, -93.95, -51.11, 10.22, -34.32, -124.98, -59.0, 15.74, -34.32, -124.98, -59.0, -15.74, -47.15, -93.95, -51.11, -10.22]
[-46.33, -94.4, -50.73, 10.22, -34.9, -125.0, -59.85, 15.74, -34.9, -125.0, -59.85, -15.74, -46.33, -94.4, -50.73, -10.22]
[-45.79, -95.26, -51.05, 10.02, -34.77, -124.99, -59.91, 15.27, -34.77, -124.99, -59.91, -15.27, -45.79, -95.26, -51.05, -10.02]
[-45.26, -96.1, -51.36, 9.81, -34.61, -124.99, -59.98, 14.81, -34.61, -124.99, -59.98, -14.81, -45.26, -96.1, -51.36, -9.81]
[-44.73, -96.94, -51.67, 9.61, -34.46, -124.99, -60.05, 14.36, -34.46, -124.99, -60.05, -14.36, -44.73, -96.94, -51.67, -9.61]
[-44.2, -97.77, -51.97, 9.4, -34.31, -124.99, -60.12, 13.9, -34.31, -124.99, -60.12, -13.9, -44.2, -97.77, -51.97, -9.4]
[-43.68, -98.6, -52.28, 9.19, -34.15, -125.0, -60.19, 13.45, -34.15, -125.0, -60.19, -13.45, -43.68, -98.6, -52.28, -9.19]
[-43.16, -99.42, -52.58, 8.98, -34.0, -124.98, -60.25, 13.01, -34.0, -124.98, -60.25, -13.01, -43.16, -99.42, -52.58, -8.98]
[-42.65, -100.23, -52.88, 8.77, -33.83, -124.99, -60.32, 12.57, -33.83, -124.99, -60.32, -12.57, -42.65, -100.23, -52.88, -8.77]
[-42.14, -101.03, -53.17, 8.55, -33.67, -124.98, -60.38, 12.13, -33.67, -124.98, -60.38, -12.13, -42.14, -101.03, -53.17, -8.55]
[-41.63, -101.83, -53.46, 8.33, -33.49, -125.0, -60.45, 11.7, -33.49, -125.0, -60.45, -11.7, -41.63, -101.83, -53.46, -8.33]
[-41.13, -102.62, -53.75, 8.11, -33.32, -124.99, -60.51, 11.28, -33.32, -124.99, -60.51, -11.28, -41.13, -102.62, -53.75, -8.11]
[-40.63, -103.41, -54.04, 7.89, -33.14, -124.99, -60.57, 10.85, -33.14, -124.99, -60.57, -10.85, -40.63, -103.41, -54.04, -7.89]
[-40.13, -104.19, -54.32, 7.67, -32.96, -125.0, -60.64, 10.43, -32.96, -125.0, -60.64, -10.43, -40.13, -104.19, -54.32, -7.67]
[-39.64, -104.96, -54.6, 7.44, -32.78, -124.99, -60.69, 10.02, -32.78, -124.99, -60.69, -10.02, -39.64, -104.96, -54.6, -7.44]
[-39.14, -105.73, -54.88, 7.21, -32.6, -124.99, -60.75, 9.61, -32.6, -124.99, -60.75, -9.61, -39.14, -105.73, -54.88, -7.21]
[-38.66, -106.49, -55.15, 6.98, -32.42, -124.98, -60.8, 9.2, -32.42, -124.98, -60.8, -9.2, -38.66, -106.49, -55.15, -6.98]
[-38.17, -107.25, -55.42, 6.74, -32.22, -124.99, -60.86, 8.8, -32.22, -124.99, -60.86, -8.8, -38.17, -107.25, -55.42, -6.74]
[-37.69, -108.0, -55.69, 6.51, -32.01, -125.0, -60.91, 8.4, -32.01, -125.0, -60.91, -8.4, -37.69, -108.0, -55.69, -6.51]
[-37.21, -108.75, -55.96, 6.27, -31.81, -125.0, -60.96, 8.01, -31.81, -125.0, -60.96, -8.01, -37.21, -108.75, -55.96, -6.27]
[-36.74, -109.49, -56.22, 6.02, -31.61, -125.0, -61.01, 7.62, -31.61, -125.0, -61.01, -7.62, -36.74, -109.49, -56.22, -6.02]
[-36.26, -110.22, -56.48, 5.78, -31.41, -124.99, -61.05, 7.23, -31.41, -124.99, -61.05, -7.23, -36.26, -110.22, -56.48, -5.78]
[-35.79, -110.95, -56.74, 5.53, -31.21, -124.99, -61.1, 6.85, -31.21, -124.99, -61.1, -6.85, -35.79, -110.95, -56.74, -5.53]
[-35.32, -111.68, -57.0, 5.28, -30.99, -125.0, -61.14, 6.47, -30.99, -125.0, -61.14, -6.47, -35.32, -111.68, -57.0, -5.28]
[-34.86, -112.4, -57.25, 5.03, -30.78, -124.98, -61.18, 6.1, -30.78, -124.98, -61.18, -6.1, -34.86, -112.4, -57.25, -5.03]
[-34.39, -113.11, -57.5, 4.78, -30.56, -124.99, -61.22, 5.73, -30.56, -124.99, -61.22, -5.73, -34.39, -113.11, -57.5, -4.78]
[-33.93, -113.82, -57.75, 4.52, -30.33, -124.99, -61.26, 5.36, -30.33, -124.99, -61.26, -5.36, -33.93, -113.82, -57.75, -4.52]
[-33.48, -114.52, -58.0, 4.26, -30.11, -124.99, -61.29, 5.0, -30.11, -124.99, -61.29, -5.0, -33.48, -114.52, -58.0, -4.26]
[-33.02, -115.22, -58.24, 3.99, -29.88, -124.99, -61.32, 4.64, -29.88, -124.99, -61.32, -4.64, -33.02, -115.22, -58.24, -3.99]
[-32.57, -115.92, -58.48, 3.73, -29.66, -124.99, -61.35, 4.29, -29.66, -124.99, -61.35, -4.29, -32.57, -115.92, -58.48, -3.73]
[-32.11, -116.61, -58.72, 3.46, -29.43, -124.98, -61.38, 3.93, -29.43, -124.98, -61.38, -3.93, -32.11, -116.61, -58.72, -3.46]
[-31.67, -117.29, -58.96, 3.19, -29.18, -124.99, -61.41, 3.59, -29.18, -124.99, -61.41, -3.59, -31.67, -117.29, -58.96, -3.19]
[-31.22, -117.97, -59.19, 2.91, -28.95, -124.98, -61.43, 3.24, -28.95, -124.98, -61.43, -3.24, -31.22, -117.97, -59.19, -2.91]
[-30.77, -118.65, -59.42, 2.64, -28.69, -124.99, -61.45, 2.9, -28.69, -124.99, -61.45, -2.9, -30.77, -118.65, -59.42, -2.64]
[-30.33, -119.32, -59.65, 2.36, -28.44, -125.0, -61.47, 2.57, -28.44, -125.0, -61.47, -2.57, -30.33, -119.32, -59.65, -2.36]
[-29.89, -119.98, -59.87, 2.07, -28.18, -125.0, -61.49, 2.23, -28.18, -125.0, -61.49, -2.23, -29.89, -119.98, -59.87, -2.07]
[-29.45, -120.64, -60.1, 1.79, -27.95, -124.98, -61.5, 1.9, -27.95, -124.98, -61.5, -1.9, -29.45, -120.64, -60.1, -1.79]
[-29.02, -121.3, -60.32, 1.5, -27.69, -124.98, -61.51, 1.58, -27.69, -124.98, -61.51, -1.58, -29.02, -121.3, -60.32, -1.5]
[-28.58, -121.95, -60.54, 1.2, -27.43, -124.98, -61.52, 1.26, -27.43, -124.98, -61.52, -1.26, -28.58, -121.95, -60.54, -1.2]
[-28.15, -122.6, -60.75, 0.91, -27.14, -125.0, -61.53, 0.94, -27.14, -125.0, -61.53, -0.94, -28.15, -122.6, -60.75, -0.91]
[-27.72, -123.24, -60.96, 0.61, -26.88, -124.99, -61.53, 0.62, -26.88, -124.99, -61.53, -0.62, -27.72, -123.24, -60.96, -0.61]
[-27.29, -123.88, -61.17, 0.31, -26.62, -124.99, -61.53, 0.31, -26.62, -124.99, -61.53, -0.31, -27.29, -123.88, -61.17, -0.31]
[-26.86, -124.52, -61.38, 0.0, -26.86, -124.52, -61.38, -0.0, -26.86, -124.52, -61.38, -0.0, -26.86, -124.52, -61.38, -0.0]