[-26.86, -124.52, -61.38, 0.0, -26.86, -124.52, -61.38, 0.0, -26.86, -124.52, -61.38, 0.0, -26.86, -124.52, -61.38, 0.0]
[-26.7, -124.99, -61.54, -0.82, -27.99, -122.84, -60.83, -0.41, -27.45, -123.65, -61.1, 0.8, -27.06, -124.99, -61.53, 0.42]
[-27.06, -124.99, -61.53, -1.64, -29.11, -121.15, -60.27, -0.81, -28.05, -122.75, -60.8, 1.6, -27.78, -124.98, -61.51, 0.86]
[-27.41, -124.98, -61.52, -2.48, -30.24, -119.45, -59.69, -1.2, -28.66, -121.83, -60.5, 2.38, -28.47, -124.98, -61.47, 1.3]
[-27.74, -124.98, -61.51, -3.33, -31.38, -117.73, -59.11, -1.58, -29.29, -120.89, -60.18, 3.15, -29.14, -124.98, -61.41, 1.76]
[-28.03, -125.0, -61.5, -4.2, -32.51, -116.0, -58.51, -1.94, -29.93, -119.92, -59.85, 3.9, -29.78, -125.0, -61.34, 2.24]
[-28.33, -124.99, -61.48, -5.07, -33.66, -114.24, -57.9, -2.3, -30.59, -118.93, -59.52, 4.65, -30.43, -124.99, -61.24, 2.73]
[-28.63, -124.99, -61.46, -5.95, -34.81, -112.47, -57.28, -2.65, -31.26, -117.91, -59.17, 5.38, -31.06, -124.99, -61.13, 3.23]
[-28.91, -124.98, -61.43, -6.85, -35.97, -110.68, -56.64, -2.99, -31.94, -116.87, -58.81, 6.1, -31.66, -125.0, -61.0, 3.75]
[-29.16, -124.99, -61.41, -7.76, -37.14, -108.86, -56.0, -3.32, -32.64, -115.8, -58.44, 6.81, -32.26, -124.99, -60.84, 4.28]
[-29.4, -125.0, -61.38, -8.67, -38.32, -107.03, -55.34, -3.64, -33.36, -114.71, -58.06, 7.51, -32.84, -124.99, -60.67, 4.84]
[-29.63, -125.0, -61.36, -9.6, -39.51, -105.17, -54.67, -3.96, -34.08, -113.59, -57.67, 8.2, -33.4, -124.99, -60.48, 5.41]
[-29.85, -125.0, -61.33, -10.53, -40.71, -103.28, -53.99, -4.26, -34.82, -112.45, -57.27, 8.87, -33.94, -124.99, -60.28, 5.99]
[-30.07, -124.99, -61.3, -11.48, -41.92, -101.37, -53.29, -4.56, -35.58, -111.28, -56.86, 9.54, -34.48, -124.98, -60.05, 6.6]
[-30.25, -125.0, -61.27, -12.43, -43.15, -99.43, -52.58, -4.85, -36.35, -110.09, -56.44, 10.19, -34.98, -125.0, -59.81, 7.23]
[-30.44, -125.0, -61.24, -13.39, -44.4, -97.47, -51.86, -5.14, -37.13, -108.88, -56.0, 10.83, -35.48, -124.99, -59.54, 7.87]
[-30.61, -124.99, -61.21, -14.36, -45.66, -95.47, -51.12, -5.41, -37.93, -107.63, -55.56, 11.46, -35.95, -124.99, -59.26, 8.54]
[-30.76, -124.99, -61.18, -15.34, -46.94, -93.43, -50.37, -5.69, -38.74, -106.37, -55.1, 12.08, -36.41, -124.99, -58.96, 9.23]
[-30.9, -124.99, -61.16, -16.32, -48.24, -91.36, -49.6, -5.95, -39.56, -105.07, -54.64, 12.69, -36.85, -125.0, -58.64, 9.95]
[-31.05, -124.98, -61.13, -17.31, -49.56, -89.25, -48.82, -6.21, -40.41, -103.75, -54.16, 13.29, -37.27, -125.0, -58.3, 10.69]
[-31.16, -124.98, -61.1, -18.31, -50.91, -87.1, -48.02, -6.46, -41.26, -102.41, -53.67, 13.87, -37.68, -125.0, -57.95, 11.45]
[-31.25, -124.99, -61.09, -19.31, -52.28, -84.91, -47.19, -6.71, -42.14, -101.03, -53.17, 14.45, -38.07, -125.0, -57.58, 12.24]
[-31.34, -124.99, -61.07, -20.32, -53.69, -82.67, -46.35, -6.95, -43.03, -99.63, -52.66, 15.02, -38.45, -124.99, -57.19, 13.06]
[-31.43, -124.99, -61.05, -21.33, -55.12, -80.37, -45.49, -7.18, -43.93, -98.2, -52.13, 15.57, -38.79, -125.0, -56.79, 13.91]
[-31.5, -124.99, -61.03, -22.35, -56.59, -78.02, -44.61, -7.42, -44.85, -96.74, -51.59, 16.12, -39.14, -124.98, -56.36, 14.78]
[-31.54, -125.0, -61.03, -23.37, -58.1, -75.6, -43.7, -7.64, -45.79, -95.25, -51.04, 16.66, -39.46, -124.98, -55.93, 15.69]
[-31.58, -125.0, -61.02, -24.39, -59.64, -73.12, -42.76, -7.86, -46.75, -93.73, -50.48, 17.19, -39.76, -124.99, -55.49, 16.63]
[-31.62, -124.99, -61.01, -25.41, -61.24, -70.56, -41.8, -8.08, -47.73, -92.17, -49.9, 17.71, -40.04, -124.98, -55.04, 17.6]
[-31.62, -124.99, -61.01, -25.41, -63.02, -68.43, -41.45, -7.57, -47.73, -92.17, -49.9, 17.71, -40.04, -124.98, -55.04, 17.6]
[-31.62, -124.99, -61.01, -25.41, -64.83, -66.23, -41.06, -7.07, -47.73, -92.17, -49.9, 17.71, -40.04, -124.98, -55.04, 17.6]
[-31.62, -124.99, -61.01, -25.41, -66.69, -63.94, -40.63, -6.58, -47.73, -92.17, -49.9, 17.71, -40.04, -124.98, -55.04, 17.6]
[-31.62, -124.99, -61.01, -25.41, -68.6, -61.55, -40.15, -6.09, -47.73, -92.17, -49.9, 17.71, -40.04, -124.98, -55.04, 17.6]
[-31.62, -124.99, -61.01, -25.41, -70.57, -59.06, -39.63, -5.61, -47.73, -92.17, -49.9, 17.71, -40.04, -124.98, -55.04, 17.6]
[-31.62, -124.99, -61.01, -25.41, -72.6, -56.45, -39.05, -5.14, -47.73, -92.17, -49.9, 17.71, -40.04, -124.98, -55.04, 17.6]
[-31.62, -124.99, -61.01, -25.41, -74.71, -53.7, -38.41, -4.67, -47.73, -92.17, -49.9, 17.71, -40.04, -124.98, -55.04, 17.6]
[-31.62, -124.99, -61.01, -25.41, -76.91, -50.8, -37.71, -4.21, -47.73, -92.17, -49.9, 17.71, -40.04, -124.98, -55.04, 17.6]
[-31.62, -124.99, -61.01, -25.41, -79.22, -47.71, -36.94, -3.76, -47.73, -92.17, -49.9, 17.71, -40.04, -124.98, -55.04, 17.6]
[-31.62, -124.99, -61.01, -25.41, -81.67, -44.4, -36.07, -3.31, -47.73, -92.17, -49.9, 17.71, -40.04, -124.98, -55.04, 17.6]
[-31.62, -124.99, -61.01, -25.41, -84.28, -40.82, -35.1, -2.87, -47.73, -92.17, -49.9, 17.71, -40.04, -124.98, -55.04, 17.6]
[-31.62, -124.99, -61.01, -25.41, -87.12, -36.88, -34.0, -2.43, -47.73, -92.17, -49.9, 17.71, -40.04, -124.98, -55.04, 17.6]
[-31.62, -124.99, -61.01, -25.41, -90.26, -32.46, -32.72, -2.0, -47.73, -92.17, -49.9, 17.71, -40.04, -124.98, -55.04, 17.6]
[-31.62, -124.99, -61.01, -25.41, -93.8, -27.39, -31.21, -1.58, -47.73, -92.17, -49.9, 17.71, -40.04, -124.98, -55.04, 17.6]
[-31.62, -124.99, -61.01, -25.41, -98.19, -21.04, -29.24, -1.16, -47.73, -92.17, -49.9, 17.71, -40.04, -124.98, -55.04, 17.6]
[-31.62, -124.99, -61.01, -25.41, -104.34, -11.97, -26.34, -0.75, -47.73, -92.17, -49.9, 17.71, -40.04, -124.98, -55.04, 17.6]
[-31.62, -124.99, -61.01, -25.41, -111.31, -1.26, -22.99, -0.34, -47.73, -92.17, -49.9, 17.71, -40.04, -124.98, -55.04, 17.6]
[-31.62, -124.99, -61.01, -25.41, -110.45, -2.03, -23.63, 0.06, -47.73, -92.17, -49.9, 17.71, -40.04, -124.98, -55.04, 17.6]
[-31.62, -124.99, -61.01, -25.41, -110.79, -1.0, -23.65, 0.46, -47.73, -92.17, -49.9, 17.71, -40.04, -124.98, -55.04, 17.6]
[-31.62, -124.99, -61.01, -25.41, -110.45, -0.95, -24.0, 0.85, -47.73, -92.17, -49.9, 17.71, -40.04, -124.98, -55.04, 17.6]
[-31.62, -124.99, -61.01, -25.41, -109.39, -1.99, -24.71, 1.23, -47.73, -92.17, -49.9, 17.71, -40.04, -124.98, -55.04, 17.6]
[-31.62, -124.99, -61.01, -25.41, -109.49, -1.24, -24.8, 1.61, -47.73, -92.17, -49.9, 17.71, -40.04, -124.98, -55.04, 17.6]
[-31.62, -124.99, -61.01, -25.41, -108.89, -1.56, -25.25, 1.98, -47.73, -92.17, -49.9, 17.71, -40.04, -124.98, -55.04, 17.6]
[-31.62, -124.99, -61.01, -25.41, -108.49, -1.53, -25.57, 2.35, -47.73, -92.17, -49.9, 17.71, -40.04, -124.98, -55.04, 17.6]
[-31.62, -124.99, -61.01, -25.41, -108.32, -1.15, -25.77, 2.72, -47.73, -92.17, -49.9, 17.71, -40.04, -124.98, -55.04, 17.6]
[-31.62, -124.99, -61.01, -25.41, -107.35, -1.96, -26.36, 3.08, -47.73, -92.17, -49.9, 17.71, -40.04, -124.98, -55.04, 17.6]
[-31.62, -124.99, -61.01, -25.41, -107.49, -1.09, -26.36, 3.43, -47.73, -92.17, -49.9, 17.71, -40.04, -124.98, -55.04, 17.6]
[-31.62, -124.99, -61.01, -25.41, -106.78, -1.48, -26.79, 3.78, -47.73, -92.17, -49.9, 17.71, -40.04, -124.98, -55.04, 17.6]
[-31.62, -124.99, -61.01, -25.41, -106.24, -1.59, -27.11, 4.12, -47.73, -92.17, -49.9, 17.71, -40.04, -124.98, -55.04, 17.6]
[-31.62, -124.99, -61.01, -25.41, -105.84, -1.48, -27.35, 4.46, -47.73, -92.17, -49.9, 17.71, -40.04, -124.98, -55.04, 17.6]
[-31.62, -124.99, -61.01, -25.41, -105.58, -1.14, -27.5, 4.8, -47.73, -92.17, -49.9, 17.71, -40.04, -124.98, -55.04, 17.6]
[-31.62, -124.99, -61.01, -25.41, -104.47, -2.07, -28.07, 5.13, -47.73, -92.17, -49.9, 17.71, -40.04, -124.98, -55.04, 17.6]
[-31.62, -124.99, -61.01, -25.41, -104.33, -1.51, -28.13, 5.45, -47.73, -92.17, -49.9, 17.71, -40.04, -124.98, -55.04, 17.6]
[-31.62, -124.99, -61.01, -25.41, -103.44, -2.07, -28.56, 5.77, -47.73, -92.17, -49.9, 17.71, -40.04, -124.98, -55.04, 17.6]
[-31.62, -124.99, -61.01, -25.41, -103.51, -1.17, -28.48, 6.09, -47.73, -92.17, -49.9, 17.71, -40.04, -124.98, -55.04, 17.6]
[-31.62, -124.99, -61.01, -25.41, -102.7, -1.58, -28.84, 6.4, -47.73, -92.17, -49.9, 17.71, -40.04, -124.98, -55.04, 17.6]
[-31.62, -124.99, -61.01, -25.41, -102.0, -1.8, -29.12, 6.71, -47.73, -92.17, -49.9, 17.71, -40.04, -124.98, -55.04, 17.6]
[-31.62, -124.99, -61.01, -25.41, -101.38, -1.89, -29.35, 7.02, -47.73, -92.17, -49.9, 17.71, -40.04, -124.98, -55.04, 17.6]
[-31.62, -124.99, -61.01, -25.41, -100.81, -1.89, -29.54, 7.32, -47.73, -92.17, -49.9, 17.71, -40.04, -124.98, -55.04, 17.6]
[-31.62, -124.99, -61.01, -25.41, -100.29, -1.79, -29.68, 7.61, -47.73, -92.17, -49.9, 17.71, -40.04, -124.98, -55.04, 17.6]
[-31.62, -124.99, -61.01, -25.41, -99.84, -1.58, -29.78, 7.9, -47.73, -92.17, -49.9, 17.71, -40.04, -124.98, -55.04, 17.6]
[-31.62, -124.99, -61.01, -25.41, -99.48, -1.21, -29.81, 8.19, -47.73, -92.17, -49.9, 17.71, -40.04, -124.98, -55.04, 17.6]
[-31.62, -124.99, -61.01, -25.41, -99.48, -0.28, -29.65, 8.48, -47.73, -92.17, -49.9, 17.71, -40.04, -124.98, -55.04, 17.6]
[-31.62, -124.99, -61.01, -25.41, -97.91, -1.71, -30.27, 8.76, -47.73, -92.17, -49.9, 17.71, -40.04, -124.98, -55.04, 17.6]
[-31.62, -124.99, -61.01, -25.41, -97.8, -0.93, -30.14, 9.04, -47.73, -92.17, -49.9, 17.71, -40.04, -124.98, -55.04, 17.6]
[-31.62, -124.99, -61.01, -25.41, -96.61, -1.74, -30.53, 9.31, -47.73, -92.17, -49.9, 17.71, -40.04, -124.98, -55.04, 17.6]
[-31.62, -124.99, -61.01, -25.41, -96.77, -0.51, -30.22, 9.58, -47.73, -92.17, -49.9, 17.71, -40.04, -124.98, -55.04, 17.6]
[-31.62, -124.99, -61.01, -25.41, -95.58, -1.3, -30.59, 9.85, -47.73, -92.17, -49.9, 17.71, -40.04, -124.98, -55.04, 17.6]
[-31.62, -124.99, -61.01, -25.41, -94.66, -1.66, -30.8, 10.11, -47.73, -92.17, -49.9, 17.71, -40.04, -124.98, -55.04, 17.6]
[-31.62, -124.99, -61.01, -25.41, -93.85, -1.84, -30.94, 10.37, -47.73, -92.17, -49.9, 17.71, -40.04, -124.98, -55.04, 17.6]
[-31.62, -124.99, -61.01, -25.41, -93.11, -1.89, -31.02, 10.62, -47.73, -92.17, -49.9, 17.71, -40.04, -124.98, -55.04, 17.6]
[-31.62, -124.99, -61.01, -25.41, -92.45, -1.82, -31.06, 10.88, -47.73, -92.17, -49.9, 17.71, -40.04, -124.98, -55.04, 17.6]
[-31.62, -124.99, -61.01, -25.41, -91.87, -1.6, -31.03, 11.13, -47.73, -92.17, -49.9, 17.71, -40.04, -124.98, -55.04, 17.6]
[-31.62, -124.99, -61.01, -25.41, -91.46, -1.12, -30.9, 11.37, -47.73, -92.17, -49.9, 17.71, -40.04, -124.98, -55.04, 17.6]
[-31.62, -124.99, -61.01, -25.41, -90.12, -2.0, -31.23, 11.62, -47.73, -92.17, -49.9, 17.71, -40.04, -124.98, -55.04, 17.6]
[-31.62, -124.99, -61.01, -25.41, -89.88, -1.22, -30.98, 11.86, -47.73, -92.17, -49.9, 17.71, -40.04, -124.98, -55.04, 17.6]
[-31.62, -124.99, -61.01, -25.41, -88.78, -1.72, -31.16, 12.09, -47.73, -92.17, -49.9, 17.71, -40.04, -124.98, -55.04, 17.6]
[-31.62, -124.99, -61.01, -25.41, -87.86, -1.92, -31.22, 12.33, -47.73, -92.17, -49.9, 17.71, -40.04, -124.98, -55.04, 17.6]
[-31.62, -124.99, -61.01, -25.41, -87.07, -1.92, -31.21, 12.56, -47.73, -92.17, -49.9, 17.71, -40.04, -124.98, -55.04, 17.6]
[-31.62, -124.99, -61.01, -25.41, -86.42, -1.68, -31.1, 12.79, -47.73, -92.17, -49.9, 17.71, -40.04, -124.98, -55.04, 17.6]
[-31.62, -124.99, -61.01, -25.41, -86.44, -1.66, -31.1, 12.78, -47.73, -92.17, -49.9, 17.71, -40.04, -124.98, -55.04, 17.61]
[-31.62, -124.99, -61.01, -25.41, -86.14, -1.8, -30.54, 12.78, -47.73, -92.17, -49.9, 17.71, -40.04, -124.98, -55.04, 17.61]
[-31.62, -124.99, -61.01, -25.41, -86.72, -0.6, -29.52, 12.78, -47.73, -92.17, -49.9, 17.71, -40.04, -124.98, -55.04, 17.61]
[-31.62, -124.99, -61.01, -25.41, -85.68, -1.83, -29.33, 12.78, -47.73, -92.17, -49.9, 17.71, -40.04, -124.98, -55.04, 17.61]
[-31.62, -124.99, -61.01, -25.41, -85.52, -1.71, -28.67, 12.78, -47.73, -92.17, -49.9, 17.71, -40.04, -124.98, -55.04, 17.61]
[-31.62, -124.99, -61.01, -25.41, -85.14, -1.91, -28.12, 12.78, -47.73, -92.17, -49.9, 17.71, -40.04, -124.98, -55.04, 17.61]
[-31.62, -124.99, -61.01, -25.41, -85.52, -0.95, -27.18, 12.78, -47.73, -92.17, -49.9, 17.71, -40.04, -124.98, -55.04, 17.61]
[-31.62, -124.99, -61.01, -25.41, -84.58, -1.97, -26.9, 12.78, -47.73, -92.17, -49.9, 17.71, -40.04, -124.98, -55.04, 17.61]
[-31.62, -124.99, -61.01, -25.41, -84.4, -1.82, -26.22, 12.78, -47.73, -92.17, -49.9, 17.71, -40.04, -124.98, -55.04, 17.61]
[-31.62, -124.99, -61.01, -25.41, -84.03, -1.95, -25.64, 12.78, -47.73, -92.17, -49.9, 17.71, -40.04, -124.98, -55.04, 17.61]
[-31.62, -124.99, -61.01, -25.41, -84.48, -0.83, -24.63, 12.78, -47.73, -92.17, -49.9, 17.71, -40.04, -124.98, -55.04, 17.61]
[-31.62, -124.99, -61.01, -25.41, -83.54, -1.78, -24.32, 12.78, -47.73, -92.17, -49.9, 17.71, -40.04, -124.98, -55.04, 17.61]
[-31.62, -124.99, -61.01, -25.41, -83.47, -1.42, -23.56, 12.78, -47.73, -92.17, -49.9, 17.71, -40.04, -124.98, -55.04, 17.61]
[-31.62, -124.99, -61.01, -25.41, -83.2, -1.33, -22.9, 12.78, -47.73, -92.17, -49.9, 17.71, -40.04, -124.98, -55.04, 17.61]
[-31.62, -124.99, -61.01, -25.41, -82.71, -1.56, -22.34, 12.78, -47.73, -92.17, -49.9, 17.71, -40.04, -124.98, -55.04, 17.61]
[-31.62, -124.99, -61.01, -25.41, -82.07, -1.99, -21.84, 12.78, -47.73, -92.17, -49.9, 17.71, -40.04, -124.98, -55.04, 17.61]
[-31.62, -124.99, -61.01, -25.41, -82.16, -1.32, -20.97, 12.78, -47.73, -92.17, -49.9, 17.71, -40.04, -124.98, -55.04, 17.61]
[-31.62, -124.99, -61.01, -25.41, -82.28, -0.59, -20.08, 12.78, -47.73, -92.17, -49.9, 17.71, -40.04, -124.98, -55.04, 17.61]
[-31.62, -124.99, -61.01, -25.41, -80.91, -2.08, -19.94, 12.78, -47.73, -92.17, -49.9, 17.71, -40.04, -124.98, -55.04, 17.61]
[-31.62, -124.99, -61.01, -25.41, -80.49, -2.11, -19.3, 12.78, -47.73, -92.17, -49.9, 17.71, -40.04, -124.98, -55.04, 17.61]
[-31.62, -124.99, -61.01, -25.41, -80.92, -0.88, -18.23, 12.78, -47.73, -92.17, -49.9, 17.71, -40.04, -124.98, -55.04, 17.61]
[-31.62, -124.99, -61.01, -25.41, -80.07, -1.54, -17.8, 12.78, -47.73, -92.17, -49.9, 17.71, -40.04, -124.98, -55.04, 17.61]
[-31.62, -124.99, -61.01, -25.41, -80.52, -0.24, -16.7, 12.78, -47.73, -92.17, -49.9, 17.71, -40.04, -124.98, -55.04, 17.61]
[-31.62, -124.99, -61.01, -25.41, -79.1, -1.72, -16.55, 12.78, -47.73, -92.17, -49.9, 17.71, -40.04, -124.98, -55.04, 17.61]
[-31.62, -124.99, -61.01, -25.41, -78.87, -1.39, -15.78, 12.78, -47.73, -92.17, -49.9, 17.71, -40.04, -124.98, -55.04, 17.61]
[-31.62, -124.99, -61.01, -25.41, -78.53, -1.23, -15.06, 12.78, -47.73, -92.17, -49.9, 17.71, -40.04, -124.98, -55.04, 17.61]
[-31.62, -124.99, -61.01, -25.41, -78.03, -1.28, -14.41, 12.78, -47.73, -92.17, -49.9, 17.71, -40.04, -124.98, -55.04, 17.61]
[-31.62, -124.99, -61.01, -25.41, -77.4, -1.52, -13.83, 12.78, -47.73, -92.17, -49.9, 17.71, -40.04, -124.98, -55.04, 17.61]
[-31.62, -124.99, -61.01, -25.41, -76.68, -1.86, -13.27, 12.78, -47.73, -92.17, -49.9, 17.71, -40.04, -124.98, -55.04, 17.61]
[-31.62, -124.99, -61.01, -25.41, -76.92, -0.76, -12.23, 12.78, -47.73, -92.17, -49.9, 17.71, -40.04, -124.98, -55.04, 17.61]
[-31.62, -124.99, -61.01, -25.41, -75.83, -1.63, -11.85, 12.78, -47.73, -92.17, -49.9, 17.71, -40.04, -124.98, -55.04, 17.61]
[-31.67, -124.99, -60.99, -24.33, -76.62, -1.92, -12.22, 13.04, -46.82, -93.62, -50.44, 17.11, -39.72, -124.98, -55.56, 16.7]
[-31.7, -124.99, -60.99, -23.26, -77.86, -1.5, -12.34, 13.3, -45.92, -95.04, -50.97, 16.5, -39.35, -125.0, -56.07, 15.82]
[-31.71, -124.99, -60.99, -22.18, -78.66, -1.73, -12.66, 13.57, -45.05, -96.43, -51.48, 15.88, -38.99, -124.99, -56.55, 14.98]
[-31.72, -124.99, -60.98, -21.1, -79.94, -1.22, -12.73, 13.84, -44.2, -97.78, -51.98, 15.25, -38.61, -124.98, -57.01, 14.18]
[-31.72, -124.99, -60.98, -20.02, -80.66, -1.53, -13.07, 14.11, -43.36, -99.1, -52.46, 14.61, -38.18, -125.0, -57.46, 13.4]
[-31.69, -124.99, -60.99, -18.94, -81.88, -1.06, -13.13, 14.39, -42.54, -100.39, -52.93, 13.96, -37.75, -124.99, -57.88, 12.65]
[-31.66, -124.98, -60.99, -17.86, -82.44, -1.57, -13.52, 14.67, -41.75, -101.65, -53.39, 13.3, -37.3, -124.99, -58.28, 11.93]
[-31.6, -125.0, -61.01, -16.78, -83.46, -1.37, -13.66, 14.95, -40.97, -102.87, -53.84, 12.63, -36.83, -125.0, -58.65, 11.24]
[-31.53, -125.0, -61.03, -15.71, -83.91, -2.01, -14.08, 15.24, -40.21, -104.07, -54.27, 11.94, -36.35, -124.99, -59.0, 10.57]
[-31.47, -124.98, -61.04, -14.64, -84.71, -2.1, -14.3, 15.53, -39.46, -105.23, -54.7, 11.25, -35.84, -124.98, -59.33, 9.93]
[-31.36, -125.0, -61.07, -13.58, -85.8, -1.73, -14.36, 15.82, -38.74, -106.37, -55.11, 10.55, -35.3, -124.98, -59.64, 9.31]
[-31.27, -124.98, -61.08, -12.52, -86.37, -2.14, -14.67, 16.12, -38.03, -107.48, -55.5, 9.83, -34.74, -124.99, -59.92, 8.71]
[-31.14, -124.99, -61.11, -11.47, -87.21, -2.12, -14.83, 16.43, -37.34, -108.55, -55.89, 9.11, -34.17, -124.99, -60.18, 8.14]
[-31.01, -124.98, -61.14, -10.42, -88.32, -1.68, -14.84, 16.73, -36.66, -109.6, -56.26, 8.37, -33.58, -124.99, -60.42, 7.58]
[-30.86, -124.99, -61.17, -9.38, -88.87, -2.07, -15.13, 17.05, -36.0, -110.62, -56.63, 7.62, -32.97, -124.99, -60.63, 7.04]
[-30.7, -124.98, -61.19, -8.35, -89.67, -2.06, -15.27, 17.36, -35.36, -111.61, -56.98, 6.86, -32.34, -124.99, -60.82, 6.52]
[-30.52, -124.99, -61.23, -7.33, -90.73, -1.65, -15.27, 17.68, -34.74, -112.57, -57.31, 6.09, -31.68, -125.0, -60.99, 6.02]
[-30.33, -124.98, -61.25, -6.32, -91.2, -2.11, -15.56, 18.01, -34.14, -113.5, -57.64, 5.31, -31.02, -125.0, -61.14, 5.53]
[-30.12, -124.98, -61.29, -5.31, -93.11, -0.39, -15.1, 18.34, -33.55, -114.41, -57.96, 4.52, -30.35, -124.99, -61.25, 5.06]
[-29.91, -124.98, -61.32, -4.32, -92.83, -1.94, -15.74, 18.67, -32.98, -115.28, -58.26, 3.72, -29.65, -124.98, -61.35, 4.61]
[-29.66, -124.99, -61.35, -3.34, -94.08, -1.19, -15.6, 19.01, -32.43, -116.12, -58.55, 2.91, -28.92, -124.99, -61.43, 4.17]
[-29.41, -124.99, -61.38, -2.36, -94.58, -1.54, -15.82, 19.36, -31.9, -116.94, -58.84, 2.08, -28.19, -124.98, -61.48, 3.74]
[-29.16, -124.98, -61.41, -1.4, -95.38, -1.43, -15.88, 19.71, -31.38, -117.73, -59.11, 1.25, -27.44, -124.98, -61.52, 3.33]
[-28.87, -124.99, -61.44, -0.45, -96.58, -0.69, -15.72, 20.06, -30.88, -118.48, -59.36, 0.41, -26.65, -124.99, -61.54, 2.92]
[-28.57, -124.99, -61.46, 0.49, -96.75, -1.5, -16.07, 20.42, -30.4, -119.21, -59.61, -0.44, -27.59, -123.44, -61.03, 2.54]
[-28.26, -124.99, -61.48, 1.41, -97.34, -1.66, -16.21, 20.78, -29.94, -119.91, -59.85, -1.31, -28.8, -121.63, -60.43, 2.16]
[-27.94, -124.99, -61.5, 2.33, -98.18, -1.44, -16.2, 21.15, -29.5, -120.57, -60.07, -2.18, -30.02, -119.79, -59.81, 1.79]
[-27.61, -124.98, -61.51, 3.23, -99.56, -0.39, -15.9, 21.53, -29.08, -121.21, -60.29, -3.06, -31.24, -117.94, -59.18, 1.44]
[-27.24, -124.99, -61.53, 4.12, -99.65, -1.25, -16.26, 21.91, -28.67, -121.82, -60.49, -3.95, -32.46, -116.07, -58.54, 1.09]
[-26.89, -124.98, -61.53, 4.99, -100.26, -1.33, -16.33, 22.29, -28.29, -122.39, -60.68, -4.85, -33.7, -114.18, -57.88, 0.76]
[-26.62, -124.88, -61.5, 5.86, -101.22, -0.86, -16.22, 22.68, -27.93, -122.93, -60.86, -5.76, -34.93, -112.28, -57.21, 0.43]
[-27.23, -123.97, -61.2, 6.7, -101.29, -1.74, -16.56, 23.08, -27.58, -123.45, -61.03, -6.68, -36.18, -110.35, -56.53, 0.11]
[-27.86, -123.03, -60.89, 7.54, -101.74, -2.02, -16.68, 23.48, -27.26, -123.93, -61.19, -7.6, -37.44, -108.39, -55.83, -0.19]
[-28.51, -122.06, -60.57, 8.36, -102.4, -1.96, -16.69, 23.89, -26.96, -124.38, -61.34, -8.53, -38.71, -106.42, -55.12, -0.49]
[-29.17, -121.07, -60.24, 9.17, -103.29, -1.54, -16.57, 24.31, -26.68, -124.8, -61.47, -9.47, -39.99, -104.41, -54.4, -0.79]
[-29.85, -120.04, -59.89, 9.97, -103.58, -2.03, -16.75, 24.73, -26.62, -125.0, -61.54, -10.41, -41.28, -102.38, -53.66, -1.07]
[-30.54, -118.99, -59.54, 10.76, -105.31, -0.32, -16.17, 25.15, -26.79, -124.99, -61.53, -11.36, -42.59, -100.32, -52.91, -1.35]
[-31.25, -117.92, -59.17, 11.53, -104.22, -2.85, -17.04, 25.58, -26.93, -124.99, -61.53, -12.32, -43.92, -98.22, -52.14, -1.62]
[-31.98, -116.81, -58.79, 12.28, -95.41, -16.38, -21.76, 26.02, -27.06, -124.98, -61.53, -13.28, -45.26, -96.1, -51.36, -1.88]
[-32.72, -115.68, -58.4, 13.03, -91.04, -23.16, -24.19, 26.47, -27.16, -124.98, -61.53, -14.24, -46.62, -93.93, -50.56, -2.13]
[-33.47, -114.52, -58.0, 13.76, -87.84, -28.18, -26.01, 26.92, -27.27, -124.98, -61.52, -15.21, -48.01, -91.73, -49.74, -2.38]
[-35.1, -113.04, -58.14, 13.06, -87.84, -28.18, -26.01, 26.92, -27.27, -124.98, -61.52, -15.21, -48.01, -91.73, -49.74, -2.38]
[-36.72, -111.53, -58.25, 12.37, -87.84, -28.18, -26.01, 26.92, -27.27, -124.98, -61.52, -15.21, -48.01, -91.73, -49.74, -2.38]
[-38.34, -109.99, -58.32, 11.7, -87.84, -28.18, -26.01, 26.92, -27.27, -124.98, -61.52, -15.21, -48.01, -91.73, -49.74, -2.38]
[-39.94, -108.42, -58.37, 11.03, -87.84, -28.18, -26.01, 26.92, -27.27, -124.98, -61.52, -15.21, -48.01, -91.73, -49.74, -2.38]
[-41.55, -106.83, -58.38, 10.38, -87.84, -28.18, -26.01, 26.92, -27.27, -124.98, -61.52, -15.21, -48.01, -91.73, -49.74, -2.38]
[-43.15, -105.21, -58.36, 9.73, -87.84, -28.18, -26.01, 26.92, -27.27, -124.98, -61.52, -15.21, -48.01, -91.73, -49.74, -2.38]
[-44.76, -103.56, -58.31, 9.09, -87.84, -28.18, -26.01, 26.92, -27.27, -124.98, -61.52, -15.21, -48.01, -91.73, -49.74, -2.38]
[-46.36, -101.87, -58.23, 8.47, -87.84, -28.18, -26.01, 26.92, -27.27, -124.98, -61.52, -15.21, -48.01, -91.73, -49.74, -2.38]
[-47.96, -100.16, -58.12, 7.85, -87.84, -28.18, -26.01, 26.92, -27.27, -124.98, -61.52, -15.21, -48.01, -91.73, -49.74, -2.38]
[-49.56, -98.42, -57.98, 7.25, -87.84, -28.18, -26.01, 26.92, -27.27, -124.98, -61.52, -15.21, -48.01, -91.73, -49.74, -2.38]
[-51.17, -96.64, -57.81, 6.65, -87.84, -28.18, -26.01, 26.92, -27.27, -124.98, -61.52, -15.21, -48.01, -91.73, -49.74, -2.38]
[-52.78, -94.82, -57.61, 6.06, -87.84, -28.18, -26.01, 26.92, -27.27, -124.98, -61.52, -15.21, -48.01, -91.73, -49.74, -2.38]
[-54.4, -92.97, -57.37, 5.49, -87.84, -28.18, -26.01, 26.92, -27.27, -124.98, -61.52, -15.21, -48.01, -91.73, -49.74, -2.38]
[-56.03, -91.08, -57.11, 4.92, -87.84, -28.18, -26.01, 26.92, -27.27, -124.98, -61.52, -15.21, -48.01, -91.73, -49.74, -2.38]
[-57.67, -89.15, -56.82, 4.36, -87.84, -28.18, -26.01, 26.92, -27.27, -124.98, -61.52, -15.21, -48.01, -91.73, -49.74, -2.38]
[-59.32, -87.17, -56.49, 3.81, -87.84, -28.18, -26.01, 26.92, -27.27, -124.98, -61.52, -15.21, -48.01, -91.73, -49.74, -2.38]
[-60.99, -85.15, -56.14, 3.27, -87.84, -28.18, -26.01, 26.92, -27.27, -124.98, -61.52, -15.21, -48.01, -91.73, -49.74, -2.38]
[-62.67, -83.08, -55.75, 2.74, -87.84, -28.18, -26.01, 26.92, -27.27, -124.98, -61.52, -15.21, -48.01, -91.73, -49.74, -2.38]
[-64.37, -80.96, -55.33, 2.22, -87.84, -28.18, -26.01, 26.92, -27.27, -124.98, -61.52, -15.21, -48.01, -91.73, -49.74, -2.38]
[-66.1, -78.77, -54.87, 1.71, -87.84, -28.18, -26.01, 26.92, -27.27, -124.98, -61.52, -15.21, -48.01, -91.73, -49.74, -2.38]
[-67.85, -76.53, -54.38, 1.2, -87.84, -28.18, -26.01, 26.92, -27.27, -124.98, -61.52, -15.21, -48.01, -91.73, -49.74, -2.38]
[-69.63, -74.22, -53.86, 0.71, -87.84, -28.18, -26.01, 26.92, -27.27, -124.98, -61.52, -15.21, -48.01, -91.73, -49.74, -2.38]
[-71.45, -71.84, -53.29, 0.22, -87.84, -28.18, -26.01, 26.92, -27.27, -124.98, -61.52, -15.21, -48.01, -91.73, -49.74, -2.38]
[-73.31, -69.38, -52.69, -0.26, -87.84, -28.18, -26.01, 26.92, -27.27, -124.98, -61.52, -15.21, -48.01, -91.73, -49.74, -2.38]
[-75.21, -66.83, -52.04, -0.74, -87.84, -28.18, -26.01, 26.92, -27.27, -124.98, -61.52, -15.21, -48.01, -91.73, -49.74, -2.38]
[-77.16, -64.18, -51.35, -1.2, -87.84, -28.18, -26.01, 26.92, -27.27, -124.98, -61.52, -15.21, -48.01, -91.73, -49.74, -2.38]
[-79.18, -61.42, -50.6, -1.66, -87.84, -28.18, -26.01, 26.92, -27.27, -124.98, -61.52, -15.21, -48.01, -91.73, -49.74, -2.38]
[-81.26, -58.54, -49.8, -2.11, -87.84, -28.18, -26.01, 26.92, -27.27, -124.98, -61.52, -15.21, -48.01, -91.73, -49.74, -2.38]
[-83.44, -55.51, -48.94, -2.55, -87.84, -28.18, -26.01, 26.92, -27.27, -124.98, -61.52, -15.21, -48.01, -91.73, -49.74, -2.38]
[-85.71, -52.3, -48.01, -2.98, -87.84, -28.18, -26.01, 26.92, -27.27, -124.98, -61.52, -15.21, -48.01, -91.73, -49.74, -2.38]
[-88.1, -48.89, -47.0, -3.41, -87.84, -28.18, -26.01, 26.92, -27.27, -124.98, -61.52, -15.21, -48.01, -91.73, -49.74, -2.38]
[-90.65, -45.23, -45.89, -3.83, -87.84, -28.18, -26.01, 26.92, -27.27, -124.98, -61.52, -15.21, -48.01, -91.73, -49.74, -2.38]
[-93.4, -41.26, -44.66, -4.24, -87.84, -28.18, -26.01, 26.92, -27.27, -124.98, -61.52, -15.21, -48.01, -91.73, -49.74, -2.38]
[-96.41, -36.86, -43.27, -4.65, -87.84, -28.18, -26.01, 26.92, -27.27, -124.98, -61.52, -15.21, -48.01, -91.73, -49.74, -2.38]
[-99.75, -31.93, -41.7, -5.05, -87.84, -28.18, -26.01, 26.92, -27.27, -124.98, -61.52, -15.21, -48.01, -91.73, -49.74, -2.38]
[-103.73, -26.03, -39.77, -5.44, -87.84, -28.18, -26.01, 26.92, -27.27, -124.98, -61.52, -15.21, -48.01, -91.73, -49.74, -2.38]
[-108.89, -18.32, -37.22, -5.83, -87.84, -28.18, -26.01, 26.92, -27.27, -124.98, -61.52, -15.21, -48.01, -91.73, -49.74, -2.38]
[-117.6, -5.13, -32.82, -6.21, -87.84, -28.18, -26.01, 26.92, -27.27, -124.98, -61.52, -15.21, -48.01, -91.73, -49.74, -2.38]
[-119.45, -1.69, -32.04, -6.58, -87.84, -28.18, -26.01, 26.92, -27.27, -124.98, -61.52, -15.21, -48.01, -91.73, -49.74, -2.38]
[-118.89, -1.86, -32.5, -6.95, -87.84, -28.18, -26.01, 26.92, -27.27, -124.98, -61.52, -15.21, -48.01, -91.73, -49.74, -2.38]
[-119.24, -0.62, -32.47, -7.31, -87.84, -28.18, -26.01, 26.92, -27.27, -124.98, -61.52, -15.21, -48.01, -91.73, -49.74, -2.38]
[-118.3, -1.33, -33.08, -7.67, -87.84, -28.18, -26.01, 26.92, -27.27, -124.98, -61.52, -15.21, -48.01, -91.73, -49.74, -2.38]
[-117.42, -1.9, -33.65, -8.02, -87.84, -28.18, -26.01, 26.92, -27.27, -124.98, -61.52, -15.21, -48.01, -91.73, -49.74, -2.38]
[-117.25, -1.41, -33.83, -8.36, -87.84, -28.18, -26.01, 26.92, -27.27, -124.98, -61.52, -15.21, -48.01, -91.73, -49.74, -2.38]
[-117.04, -0.96, -34.02, -8.7, -87.84, -28.18, -26.01, 26.92, -27.27, -124.98, -61.52, -15.21, -48.01, -91.73, -49.74, -2.38]
[-116.68, -0.72, -34.27, -9.04, -87.84, -28.18, -26.01, 26.92, -27.27, -124.98, -61.52, -15.21, -48.01, -91.73, -49.74, -2.38]
[-116.03, -0.89, -34.65, -9.37, -87.84, -28.18, -26.01, 26.92, -27.27, -124.98, -61.52, -15.21, -48.01, -91.73, -49.74, -2.38]
[-115.19, -1.35, -35.11, -9.69, -87.84, -28.18, -26.01, 26.92, -27.27, -124.98, -61.52, -15.21, -48.01, -91.73, -49.74, -2.38]
[-114.27, -1.9, -35.59, -10.01, -87.84, -28.18, -26.01, 26.92, -27.27, -124.98, -61.52, -15.21, -48.01, -91.73, -49.74, -2.38]
[-114.02, -1.42, -35.71, -10.32, -87.84, -28.18, -26.01, 26.92, -27.27, -124.98, -61.52, -15.21, -48.01, -91.73, -49.74, -2.38]
[-113.65, -1.12, -35.87, -10.63, -87.84, -28.18, -26.01, 26.92, -27.27, -124.98, -61.52, -15.21, -48.01, -91.73, -49.74, -2.38]
[-113.05, -1.14, -36.13, -10.94, -87.84, -28.18, -26.01, 26.92, -27.27, -124.98, -61.52, -15.21, -48.01, -91.73, -49.74, -2.38]
[-112.23, -1.49, -36.5, -11.24, -87.84, -28.18, -26.01, 26.92, -27.27, -124.98, -61.52, -15.21, -48.01, -91.73, -49.74, -2.38]
[-111.28, -2.0, -36.91, -11.53, -87.84, -28.18, -26.01, 26.92, -27.27, -124.98, -61.52, -15.21, -48.01, -91.73, -49.74, -2.38]
[-110.97, -1.55, -36.97, -11.82, -87.84, -28.18, -26.01, 26.92, -27.27, -124.98, -61.52, -15.21, -48.01, -91.73, -49.74, -2.38]
[-110.52, -1.29, -37.09, -12.11, -87.84, -28.18, -26.01, 26.92, -27.27, -124.98, -61.52, -15.21, -48.01, -91.73, -49.74, -2.38]
[-109.86, -1.34, -37.3, -12.39, -87.84, -28.18, -26.01, 26.92, -27.27, -124.98, -61.52, -15.21, -48.01, -91.73, -49.74, -2.38]
[-108.99, -1.67, -37.6, -12.66, -87.84, -28.18, -26.01, 26.92, -27.27, -124.98, -61.52, -15.21, -48.01, -91.73, -49.74, -2.38]
[-109.09, -0.54, -37.39, -12.94, -87.84, -28.18, -26.01, 26.92, -27.27, -124.98, -61.52, -15.21, -48.01, -91.73, -49.74, -2.38]
[-107.63, -1.73, -37.95, -13.21, -87.84, -28.18, -26.01, 26.92, -27.27, -124.98, -61.52, -15.21, -48.01, -91.73, -49.74, -2.38]
[-108.14, -0.98, -37.7, -13.21, -87.76, -28.28, -26.05, 26.91, -27.25, -124.99, -61.53, -15.21, -48.01, -91.73, -49.74, -2.38]
[-107.34, -1.85, -37.27, -13.21, -87.76, -28.28, -26.05, 26.91, -27.25, -124.99, -61.53, -15.21, -48.01, -91.73, -49.74, -2.38]
[-107.44, -1.36, -36.38, -13.21, -87.76, -28.28, -26.05, 26.91, -27.25, -124.99, -61.53, -15.21, -48.01, -91.73, -49.74, -2.38]
[-107.58, -0.79, -35.47, -13.21, -87.76, -28.28, -26.05, 26.91, -27.25, -124.99, -61.53, -15.21, -48.01, -91.73, -49.74, -2.38]
[-106.52, -2.03, -35.16, -13.21, -87.76, -28.28, -26.05, 26.91, -27.25, -124.99, -61.53, -15.21, -48.01, -91.73, -49.74, -2.38]
[-106.37, -1.85, -34.38, -13.21, -87.76, -28.28, -26.05, 26.91, -27.25, -124.99, -61.53, -15.21, -48.01, -91.73, -49.74, -2.38]
[-106.18, -1.73, -33.61, -13.21, -87.76, -28.28, -26.05, 26.91, -27.25, -124.99, -61.53, -15.21, -48.01, -91.73, -49.74, -2.38]
[-105.95, -1.67, -32.86, -13.21, -87.76, -28.28, -26.05, 26.91, -27.25, -124.99, -61.53, -15.21, -48.01, -91.73, -49.74, -2.38]
[-105.68, -1.65, -32.12, -13.21, -87.76, -28.28, -26.05, 26.91, -27.25, -124.99, -61.53, -15.21, -48.01, -91.73, -49.74, -2.38]
[-105.36, -1.68, -31.41, -13.21, -87.76, -28.28, -26.05, 26.91, -27.25, -124.99, -61.53, -15.21, -48.01, -91.73, -49.74, -2.38]
[-105.01, -1.74, -30.7, -13.21, -87.76, -28.28, -26.05, 26.91, -27.25, -124.99, -61.53, -15.21, -48.01, -91.73, -49.74, -2.38]
[-104.63, -1.83, -30.0, -13.21, -87.76, -28.28, -26.05, 26.91, -27.25, -124.99, -61.53, -15.21, -48.01, -91.73, -49.74, -2.38]
[-104.23, -1.94, -29.31, -13.21, -87.76, -28.28, -26.05, 26.91, -27.25, -124.99, -61.53, -15.21, -48.01, -91.73, -49.74, -2.38]
[-103.82, -2.06, -28.62, -13.21, -87.76, -28.28, -26.05, 26.91, -27.25, -124.99, -61.53, -15.21, -48.01, -91.73, -49.74, -2.38]
[-104.48, -0.53, -27.37, -13.21, -87.76, -28.28, -26.05, 26.91, -27.25, -124.99, -61.53, -15.21, -48.01, -91.73, -49.74, -2.38]
[-103.87, -0.92, -26.78, -13.21, -87.76, -28.28, -26.05, 26.91, -27.25, -124.99, -61.53, -15.21, -48.01, -91.73, -49.74, -2.38]
[-103.32, -1.19, -26.14, -13.21, -87.76, -28.28, -26.05, 26.91, -27.25, -124.99, -61.53, -15.21, -48.01, -91.73, -49.74, -2.38]
[-102.79, -1.42, -25.49, -13.21, -87.76, -28.28, -26.05, 26.91, -27.25, -124.99, -61.53, -15.21, -48.01, -91.73, -49.74, -2.38]
[-102.27, -1.62, -24.83, -13.21, -87.76, -28.28, -26.05, 26.91, -27.25, -124.99, -61.53, -15.21, -48.01, -91.73, -49.74, -2.38]
[-101.76, -1.8, -24.17, -13.21, -87.76, -28.28, -26.05, 26.91, -27.25, -124.99, -61.53, -15.21, -48.01, -91.73, -49.74, -2.38]
[-101.25, -1.96, -23.49, -13.21, -87.76, -28.28, -26.05, 26.91, -27.25, -124.99, -61.53, -15.21, -48.01, -91.73, -49.74, -2.38]
[-100.74, -2.1, -22.82, -13.21, -87.76, -28.28, -26.05, 26.91, -27.25, -124.99, -61.53, -15.21, -48.01, -91.73, -49.74, -2.38]
[-101.27, -0.67, -21.6, -13.21, -87.76, -28.28, -26.05, 26.91, -27.25, -124.99, -61.53, -15.21, -48.01, -91.73, -49.74, -2.38]
[-100.62, -0.99, -20.99, -13.21, -87.76, -28.28, -26.05, 26.91, -27.25, -124.99, -61.53, -15.21, -48.01, -91.73, -49.74, -2.38]
[-100.02, -1.23, -20.34, -13.21, -87.76, -28.28, -26.05, 26.91, -27.25, -124.99, -61.53, -15.21, -48.01, -91.73, -49.74, -2.38]
[-99.44, -1.42, -19.68, -13.21, -87.76, -28.28, -26.05, 26.91, -27.25, -124.99, -61.53, -15.21, -48.01, -91.73, -49.74, -2.38]
[-98.86, -1.58, -19.02, -13.21, -87.76, -28.28, -26.05, 26.91, -27.25, -124.99, -61.53, -15.21, -48.01, -91.73, -49.74, -2.38]
[-98.3, -1.72, -18.34, -13.21, -87.76, -28.28, -26.05, 26.91, -27.25, -124.99, -61.53, -15.21, -48.01, -91.73, -49.74, -2.38]
[-97.73, -1.85, -17.66, -13.21, -87.76, -28.28, -26.05, 26.91, -27.25, -124.99, -61.53, -15.21, -48.01, -91.73, -49.74, -2.38]
[-97.16, -1.97, -16.98, -13.21, -87.76, -28.28, -26.05, 26.91, -27.25, -124.99, -61.53, -15.21, -48.01, -91.73, -49.74, -2.38]
[-96.59, -2.07, -16.29, -13.21, -87.76, -28.28, -26.05, 26.91, -27.25, -124.99, -61.53, -15.21, -48.01, -91.73, -49.74, -2.38]
[-97.57, -1.93, -16.34, -13.09, -84.75, -33.05, -27.79, 26.55, -26.72, -124.73, -61.45, -15.38, -48.59, -90.81, -49.4, -1.7]
[-98.45, -1.92, -16.42, -12.97, -82.04, -37.32, -29.36, 26.19, -27.98, -122.85, -60.83, -15.55, -49.19, -89.86, -49.04, -1.04]
[-99.21, -2.07, -16.54, -12.85, -79.66, -41.1, -30.76, 25.81, -29.25, -120.95, -60.2, -15.71, -49.8, -88.87, -48.68, -0.38]
[-100.76, -1.03, -16.25, -12.73, -77.48, -44.55, -32.04, 25.43, -30.51, -119.05, -59.56, -15.86, -50.44, -87.86, -48.3, 0.28]
[-101.11, -1.78, -16.56, -12.61, -75.48, -47.76, -33.23, 25.05, -31.78, -117.12, -58.9, -16.01, -51.1, -86.81, -47.9, 0.92]
[-102.28, -1.28, -16.43, -12.48, -73.6, -50.75, -34.35, 24.65, -33.04, -115.18, -58.23, -16.16, -51.77, -85.73, -47.5, 1.56]
[-103.28, -1.04, -16.38, -12.35, -71.83, -53.58, -35.41, 24.25, -34.32, -113.23, -57.55, -16.3, -52.47, -84.61, -47.08, 2.19]
[-103.96, -1.25, -16.48, -12.22, -70.16, -56.26, -36.41, 23.85, -35.59, -111.26, -56.85, -16.43, -53.19, -83.46, -46.65, 2.82]
[-104.42, -1.78, -16.67, -12.08, -68.56, -58.81, -37.37, 23.44, -36.88, -109.26, -56.14, -16.57, -53.94, -82.27, -46.2, 3.43]
[-98.37, -11.8, -20.15, -11.95, -67.04, -61.25, -38.29, 23.02, -38.18, -107.25, -55.42, -16.7, -54.7, -81.04, -45.74, 4.04]
[-91.51, -22.45, -23.93, -11.81, -65.58, -63.59, -39.17, 22.59, -39.48, -105.21, -54.69, -16.82, -55.49, -79.78, -45.27, 4.64]
[-87.0, -29.49, -26.49, -11.66, -64.18, -65.85, -40.02, 22.15, -40.8, -103.14, -53.94, -16.95, -56.3, -78.48, -44.78, 5.24]
[-83.44, -35.12, -28.55, -11.52, -62.82, -68.02, -40.84, 21.71, -42.13, -101.05, -53.18, -17.07, -57.14, -77.13, -44.27, 5.83]
[-80.33, -40.03, -30.36, -11.37, -61.51, -70.12, -41.63, 21.26, -43.47, -98.93, -52.4, -17.18, -58.01, -75.74, -43.75, 6.41]
[-77.6, -44.37, -31.97, -11.22, -60.25, -72.15, -42.4, 20.81, -44.83, -96.78, -51.61, -17.3, -58.9, -74.31, -43.21, 6.98]
[-75.11, -48.34, -33.45, -11.06, -59.02, -74.12, -43.14, 20.34, -46.21, -94.59, -50.8, -17.41, -59.82, -72.84, -42.66, 7.54]
[-72.8, -52.03, -34.83, -10.9, -57.82, -76.04, -43.86, 19.87, -47.61, -92.37, -49.98, -17.51, -60.77, -71.31, -42.08, 8.1]
[-70.64, -55.49, -36.12, -10.74, -56.67, -77.89, -44.56, 19.39, -49.03, -90.1, -49.13, -17.62, -61.75, -69.73, -41.49, 8.65]
[-68.6, -58.75, -37.35, -10.58, -55.54, -79.7, -45.24, 18.9, -50.48, -87.79, -48.27, -17.72, -62.77, -68.1, -40.87, 9.2]
[-66.66, -61.86, -38.52, -10.41, -54.44, -81.46, -45.9, 18.4, -51.95, -85.44, -47.39, -17.82, -63.82, -66.42, -40.24, 9.73]
[-64.81, -64.83, -39.64, -10.24, -53.37, -83.18, -46.55, 17.9, -53.46, -83.03, -46.49, -17.92, -64.91, -64.67, -39.58, 10.26]
[-63.03, -67.69, -40.72, -10.06, -52.32, -84.85, -47.17, 17.38, -55.0, -80.57, -45.57, -18.01, -66.04, -62.85, -38.89, 10.79]
[-61.31, -70.44, -41.75, -9.88, -51.3, -86.48, -47.78, 16.86, -56.57, -78.04, -44.62, -18.11, -67.22, -60.97, -38.18, 11.3]
[-59.65, -73.11, -42.76, -9.7, -50.3, -88.08, -48.38, 16.33, -58.19, -75.45, -43.64, -18.2, -68.44, -59.01, -37.45, 11.81]
[-58.04, -75.69, -43.73, -9.51, -49.33, -89.63, -48.96, 15.78, -59.86, -72.78, -42.63, -18.28, -69.72, -56.96, -36.68, 12.31]
[-56.48, -78.19, -44.67, -9.32, -48.37, -91.15, -49.52, 15.23, -61.58, -70.02, -41.59, -18.37, -71.05, -54.82, -35.87, 12.81]
[-54.96, -80.63, -45.59, -9.12, -47.44, -92.63, -50.07, 14.67, -63.35, -67.16, -40.52, -18.45, -72.46, -52.58, -35.03, 13.29]
[-53.47, -83.01, -46.48, -8.92, -46.53, -94.08, -50.61, 14.1, -65.2, -64.2, -39.4, -18.54, -73.93, -50.22, -34.15, 13.78]
[-52.01, -85.34, -47.36, -8.71, -45.64, -95.5, -51.14, 13.52, -67.13, -61.11, -38.24, -18.62, -75.5, -47.72, -33.22, 14.25]
[-50.59, -87.62, -48.21, -8.5, -44.76, -96.89, -51.65, 12.94, -69.15, -57.87, -37.02, -18.7, -77.16, -45.08, -32.23, 14.72]
[-49.19, -89.84, -49.04, -8.28, -43.91, -98.24, -52.15, 12.34, -71.28, -54.46, -35.74, -18.77, -78.94, -42.24, -31.18, 15.18]
[-47.82, -92.03, -49.85, -8.06, -43.07, -99.56, -52.63, 11.73, -73.54, -50.84, -34.39, -18.85, -80.86, -39.19, -30.05, 15.64]
[-46.47, -94.18, -50.65, -7.83, -42.25, -100.86, -53.11, 11.11, -75.97, -46.97, -32.94, -18.92, -82.96, -35.86, -28.82, 16.09]
[-45.14, -96.29, -51.43, -7.6, -41.44, -102.12, -53.57, 10.48, -78.61, -42.77, -31.37, -18.99, -85.3, -32.16, -27.46, 16.53]
[-43.83, -98.36, -52.19, -7.36, -40.66, -103.36, -54.02, 9.84, -81.53, -38.13, -29.66, -19.07, -87.91, -28.04, -25.96, 16.97]
[-42.54, -100.4, -52.94, -7.12, -39.89, -104.57, -54.45, 9.19, -84.8, -32.94, -27.75, -19.14, -91.07, -23.08, -24.16, 17.4]
[-41.26, -102.41, -53.67, -6.87, -39.13, -105.75, -54.88, 8.53, -88.75, -26.72, -25.48, -19.2, -95.19, -16.67, -21.87, 17.82]
[-40.0, -104.4, -54.39, -6.61, -38.4, -106.9, -55.3, 7.86, -93.89, -18.68, -22.58, -19.27, -101.65, -6.64, -18.34, 18.24]
[-38.74, -106.36, -55.1, -6.34, -37.68, -108.02, -55.7, 7.18, -102.93, -4.6, -17.64, -19.33, -105.09, -0.65, -16.29, 18.66]
[-37.5, -108.29, -55.8, -6.07, -36.97, -109.12, -56.09, 6.49, -104.25, -1.4, -16.53, -19.4, -104.71, -0.34, -16.17, 19.06]
[-36.27, -110.2, -56.48, -5.79, -36.28, -110.19, -56.47, 5.79, -103.42, -1.38, -16.51, -19.46, -103.16, -1.77, -16.64, 19.47]
[-35.05, -112.09, -57.14, -5.5, -35.61, -111.24, -56.84, 5.07, -102.31, -1.78, -16.62, -19.52, -103.25, -0.73, -16.27, 19.86]
[-33.84, -113.96, -57.8, -5.21, -34.95, -112.25, -57.2, 4.35, -101.93, -1.06, -16.33, -19.58, -102.36, -1.15, -16.39, 20.25]
[-32.64, -115.81, -58.44, -4.9, -34.31, -113.24, -57.55, 3.61, -101.49, -0.42, -16.07, -19.64, -101.84, -0.99, -16.3, 20.64]
[-31.44, -117.64, -59.08, -4.59, -33.68, -114.2, -57.89, 2.87, -100.58, -0.5, -16.03, -19.7, -100.53, -2.02, -16.62, 21.02]
[-30.24, -119.45, -59.69, -4.27, -33.07, -115.14, -58.21, 2.11, -99.29, -1.11, -16.17, -19.76, -100.4, -1.25, -16.31, 21.39]
[-29.05, -121.25, -60.3, -3.94, -32.48, -116.05, -58.53, 1.34, -97.98, -1.75, -16.31, -19.81, -99.54, -1.57, -16.37, 21.76]
[-27.86, -123.04, -60.9, -3.6, -31.9, -116.93, -58.83, 0.57, -97.56, -1.02, -15.97, -19.87, -98.92, -1.52, -16.3, 22.13]
[-26.67, -124.81, -61.48, -3.25, -31.34, -117.79, -59.13, -0.22, -95.97, -2.06, -16.22, -19.92, -98.59, -1.02, -16.07, 22.48]
[-27.23, -124.99, -61.53, -2.88, -30.79, -118.62, -59.41, -1.02, -95.2, -1.84, -16.03, -19.97, -97.4, -1.8, -16.27, 22.84]
[-27.97, -125.0, -61.5, -2.51, -30.26, -119.42, -59.68, -1.83, -94.36, -1.71, -15.86, -20.03, -96.52, -2.09, -16.29, 23.19]
[-28.7, -124.99, -61.45, -2.13, -29.75, -120.19, -59.94, -2.65, -93.45, -1.67, -15.72, -20.08, -95.83, -2.09, -16.21, 23.53]
[-29.41, -124.99, -61.38, -1.73, -29.26, -120.94, -60.2, -3.48, -92.5, -1.69, -15.58, -20.13, -95.33, -1.8, -16.03, 23.87]
[-30.11, -124.98, -61.29, -1.32, -28.78, -121.66, -60.44, -4.32, -91.51, -1.75, -15.45, -20.18, -95.16, -0.99, -15.66, 24.21]
[-30.79, -124.99, -61.18, -0.9, -28.32, -122.35, -60.67, -5.17, -90.52, -1.79, -15.3, -20.22, -94.13, -1.47, -15.72, 24.54]
[-31.44, -125.0, -61.05, -0.46, -27.88, -123.01, -60.89, -6.03, -89.54, -1.8, -15.13, -20.27, -93.4, -1.47, -15.62, 24.86]
[-32.08, -125.0, -60.89, -0.01, -27.45, -123.64, -61.09, -6.89, -88.59, -1.74, -14.92, -20.32, -92.99, -0.98, -15.34, 25.19]
[-32.08, -125.0, -60.89, -0.01, -27.45, -123.64, -61.09, -6.89, -89.8, -1.6, -15.39, -20.12, -92.99, -0.98, -15.34, 25.19]
[-32.08, -125.0, -60.89, -0.01, -27.45, -123.64, -61.09, -6.89, -90.63, -1.99, -16.02, -19.92, -92.99, -0.98, -15.34, 25.19]
[-32.08, -125.0, -60.89, -0.01, -27.45, -123.64, -61.09, -6.89, -91.96, -1.63, -16.4, -19.72, -92.99, -0.98, -15.34, 25.19]
[-32.08, -125.0, -60.89, -0.01, -27.45, -123.64, -61.09, -6.89, -92.89, -1.84, -16.97, -19.51, -92.99, -0.98, -15.34, 25.19]
[-32.08, -125.0, -60.89, -0.01, -27.45, -123.64, -61.09, -6.89, -94.34, -1.27, -17.26, -19.3, -92.99, -0.98, -15.34, 25.19]
[-32.08, -125.0, -60.89, -0.01, -27.45, -123.64, -61.09, -6.89, -95.29, -1.42, -17.8, -19.09, -92.99, -0.98, -15.34, 25.19]
[-32.08, -125.0, -60.89, -0.01, -27.45, -123.64, -61.09, -6.89, -97.09, -0.28, -17.89, -18.87, -92.99, -0.98, -15.34, 25.19]
[-32.08, -125.0, -60.89, -0.01, -27.45, -123.64, -61.09, -6.89, -97.88, -0.66, -18.49, -18.65, -92.99, -0.98, -15.34, 25.19]
[-32.08, -125.0, -60.89, -0.01, -27.45, -123.64, -61.09, -6.89, -98.16, -1.78, -19.34, -18.43, -92.99, -0.98, -15.34, 25.19]
[-32.08, -125.0, -60.89, -0.01, -27.45, -123.64, -61.09, -6.89, -99.08, -1.92, -19.85, -18.2, -92.99, -0.98, -15.34, 25.19]
[-32.08, -125.0, -60.89, -0.01, -27.45, -123.64, -61.09, -6.89, -100.39, -1.47, -20.16, -17.97, -92.99, -0.98, -15.34, 25.19]
[-32.08, -125.0, -60.89, -0.01, -27.45, -123.64, -61.09, -6.89, -101.19, -1.77, -20.72, -17.74, -92.99, -0.98, -15.34, 25.19]
[-32.08, -125.0, -60.89, -0.01, -27.45, -123.64, -61.09, -6.89, -102.4, -1.44, -21.06, -17.5, -92.99, -0.98, -15.34, 25.19]
[-32.08, -125.0, -60.89, -0.01, -27.45, -123.64, -61.09, -6.89, -103.07, -1.9, -21.66, -17.26, -92.99, -0.98, -15.34, 25.19]
[-32.08, -125.0, -60.89, -0.01, -27.45, -123.64, -61.09, -6.89, -104.11, -1.8, -22.07, -17.02, -92.99, -0.98, -15.34, 25.19]
[-32.08, -125.0, -60.89, -0.01, -27.45, -123.64, -61.09, -6.89, -105.59, -1.03, -22.25, -16.77, -92.99, -0.98, -15.34, 25.19]
[-32.08, -125.0, -60.89, -0.01, -27.45, -123.64, -61.09, -6.89, -106.42, -1.23, -22.75, -16.51, -92.99, -0.98, -15.34, 25.19]
[-32.08, -125.0, -60.89, -0.01, -27.45, -123.64, -61.09, -6.89, -107.89, -0.44, -22.92, -16.26, -92.99, -0.98, -15.34, 25.19]
[-32.08, -125.0, -60.89, -0.01, -27.45, -123.64, -61.09, -6.89, -108.3, -1.24, -23.62, -15.99, -92.99, -0.98, -15.34, 25.19]
[-32.08, -125.0, -60.89, -0.01, -27.45, -123.64, -61.09, -6.89, -109.34, -1.09, -24.0, -15.73, -92.99, -0.98, -15.34, 25.19]
[-32.08, -125.0, -60.89, -0.01, -27.45, -123.64, -61.09, -6.89, -109.74, -1.87, -24.69, -15.46, -92.99, -0.98, -15.34, 25.19]
[-32.08, -125.0, -60.89, -0.01, -27.45, -123.64, -61.09, -6.89, -110.55, -2.04, -25.16, -15.18, -92.99, -0.98, -15.34, 25.19]
[-32.08, -125.0, -60.89, -0.01, -27.45, -123.64, -61.09, -6.89, -111.64, -1.79, -25.5, -14.9, -92.99, -0.98, -15.34, 25.19]
[-32.08, -125.0, -60.89, -0.01, -27.45, -123.64, -61.09, -6.89, -113.19, -0.82, -25.58, -14.62, -92.99, -0.98, -15.34, 25.19]
[-32.08, -125.0, -60.89, -0.01, -27.45, -123.64, -61.09, -6.89, -114.03, -0.91, -26.02, -14.33, -92.99, -0.98, -15.34, 25.19]
[-32.08, -125.0, -60.89, -0.01, -27.45, -123.64, -61.09, -6.89, -114.27, -1.9, -26.77, -14.03, -92.99, -0.98, -15.34, 25.19]
[-32.08, -125.0, -60.89, -0.01, -27.45, -123.64, -61.09, -6.89, -115.87, -0.82, -26.8, -13.73, -92.99, -0.98, -15.34, 25.19]
[-32.08, -125.0, -60.89, -0.01, -27.45, -123.64, -61.09, -6.89, -109.26, -11.85, -31.09, -13.43, -92.99, -0.98, -15.34, 25.19]
[-32.08, -125.0, -60.89, -0.01, -27.45, -123.64, -61.09, -6.89, -105.44, -18.52, -33.95, -13.11, -92.99, -0.98, -15.34, 25.19]
[-32.08, -125.0, -60.89, -0.01, -27.45, -123.64, -61.09, -6.89, -103.0, -23.1, -36.09, -12.8, -92.99, -0.98, -15.34, 25.19]
[-32.08, -125.0, -60.89, -0.01, -27.45, -123.64, -61.09, -6.89, -101.07, -26.92, -37.99, -12.48, -92.99, -0.98, -15.34, 25.19]
[-32.08, -125.0, -60.89, -0.01, -27.45, -123.64, -61.09, -6.89, -99.55, -30.13, -39.68, -12.15, -92.99, -0.98, -15.34, 25.19]
[-32.08, -125.0, -60.89, -0.01, -27.45, -123.64, -61.09, -6.89, -98.28, -32.96, -41.24, -11.82, -92.99, -0.98, -15.34, 25.19]
[-32.08, -125.0, -60.89, -0.01, -27.45, -123.64, -61.09, -6.89, -97.2, -35.52, -42.72, -11.48, -92.99, -0.98, -15.34, 25.19]
[-32.08, -125.0, -60.89, -0.01, -27.45, -123.64, -61.09, -6.89, -96.27, -37.85, -44.12, -11.13, -92.99, -0.98, -15.34, 25.19]
[-32.08, -125.0, -60.89, -0.01, -27.45, -123.64, -61.09, -6.89, -95.48, -39.99, -45.46, -10.78, -92.99, -0.98, -15.34, 25.19]
[-32.08, -125.0, -60.89, -0.01, -27.45, -123.64, -61.09, -6.89, -94.79, -41.97, -46.76, -10.42, -92.99, -0.98, -15.34, 25.19]
[-32.08, -125.0, -60.89, -0.01, -27.45, -123.64, -61.09, -6.89, -94.21, -43.8, -48.01, -10.05, -92.99, -0.98, -15.34, 25.19]
[-32.08, -125.0, -60.89, -0.01, -27.45, -123.64, -61.09, -6.89, -93.71, -45.52, -49.22, -9.68, -92.99, -0.98, -15.34, 25.19]
[-32.08, -125.0, -60.89, -0.01, -27.45, -123.64, -61.09, -6.89, -93.28, -47.12, -50.4, -9.3, -92.99, -0.98, -15.34, 25.19]
[-32.08, -125.0, -60.89, -0.01, -27.45, -123.64, -61.09, -6.89, -92.94, -48.62, -51.55, -8.92, -92.99, -0.98, -15.34, 25.19]
[-32.08, -125.0, -60.89, -0.01, -27.45, -123.64, -61.09, -6.89, -92.66, -50.02, -52.68, -8.52, -92.99, -0.98, -15.34, 25.19]
[-32.08, -125.0, -60.89, -0.01, -27.45, -123.64, -61.09, -6.89, -92.44, -51.34, -53.78, -8.12, -92.99, -0.98, -15.34, 25.19]
[-32.08, -125.0, -60.89, -0.01, -27.45, -123.64, -61.09, -6.89, -92.28, -52.57, -54.85, -7.72, -92.99, -0.98, -15.34, 25.19]
[-32.08, -125.0, -60.89, -0.01, -27.45, -123.64, -61.09, -6.89, -92.17, -53.73, -55.91, -7.3, -92.99, -0.98, -15.34, 25.19]
[-32.08, -125.0, -60.89, -0.01, -27.45, -123.64, -61.09, -6.89, -92.12, -54.82, -56.94, -6.88, -92.99, -0.98, -15.34, 25.19]
[-32.08, -125.0, -60.89, -0.01, -27.45, -123.64, -61.09, -6.89, -92.12, -55.84, -57.96, -6.44, -92.99, -0.98, -15.34, 25.19]
[-32.08, -125.0, -60.89, -0.01, -27.45, -123.64, -61.09, -6.89, -92.17, -56.79, -58.95, -6.0, -92.99, -0.98, -15.34, 25.19]
[-32.08, -125.0, -60.89, -0.01, -27.45, -123.64, -61.09, -6.89, -92.26, -57.67, -59.93, -5.55, -92.99, -0.98, -15.34, 25.19]
[-32.08, -125.0, -60.89, -0.01, -27.45, -123.64, -61.09, -6.89, -92.4, -58.5, -60.9, -5.1, -92.99, -0.98, -15.34, 25.19]
[-32.08, -125.0, -60.89, -0.01, -27.45, -123.64, -61.09, -6.89, -92.58, -59.27, -61.84, -4.63, -92.99, -0.98, -15.34, 25.19]
[-32.08, -125.0, -60.89, -0.01, -27.45, -123.64, -61.09, -6.89, -92.8, -59.97, -62.77, -4.15, -92.99, -0.98, -15.34, 25.19]
[-32.08, -125.0, -60.89, -0.01, -27.45, -123.64, -61.09, -6.89, -93.06, -60.63, -63.69, -3.67, -92.99, -0.98, -15.34, 25.19]
[-32.08, -125.0, -60.89, -0.01, -27.45, -123.64, -61.09, -6.89, -93.36, -61.22, -64.58, -3.17, -92.99, -0.98, -15.34, 25.19]
[-32.08, -125.0, -60.89, -0.01, -27.45, -123.64, -61.09, -6.89, -93.7, -61.77, -65.46, -2.67, -92.99, -0.98, -15.34, 25.19]
[-32.08, -125.0, -60.89, -0.01, -27.45, -123.64, -61.09, -6.89, -94.07, -62.26, -66.33, -2.15, -92.99, -0.98, -15.34, 25.19]
[-32.08, -125.0, -60.89, -0.01, -27.45, -123.64, -61.09, -6.89, -94.48, -62.7, -67.18, -1.63, -92.99, -0.98, -15.34, 25.19]
[-32.08, -125.0, -60.89, -0.01, -27.45, -123.64, -61.09, -6.89, -94.92, -63.09, -68.01, -1.09, -92.99, -0.98, -15.34, 25.19]
[-32.08, -125.0, -60.89, -0.01, -27.45, -123.64, -61.09, -6.89, -95.4, -63.43, -68.83, -0.55, -92.99, -0.98, -15.34, 25.19]
[-32.08, -125.0, -60.89, -0.01, -27.45, -123.64, -61.09, -6.89, -95.91, -63.72, -69.63, 0.01, -92.99, -0.98, -15.34, 25.19]
[-32.09, -124.99, -60.89, -0.0, -27.44, -123.66, -61.1, -6.89, -95.91, -63.72, -69.64, -0.0, -92.5, -1.71, -15.59, 25.18]
[-32.09, -124.99, -60.89, -0.0, -27.44, -123.66, -61.1, -6.89, -93.71, -66.02, -69.74, -0.0, -92.5, -1.71, -15.59, 25.18]
[-32.09, -124.99, -60.89, -0.0, -27.44, -123.66, -61.1, -6.89, -91.55, -68.24, -69.79, -0.0, -92.5, -1.71, -15.59, 25.18]
[-32.09, -124.99, -60.89, -0.0, -27.44, -123.66, -61.1, -6.89, -89.42, -70.38, -69.8, -0.0, -92.5, -1.71, -15.59, 25.18]
[-32.09, -124.99, -60.89, -0.0, -27.44, -123.66, -61.1, -6.89, -87.32, -72.45, -69.77, -0.0, -92.5, -1.71, -15.59, 25.18]
[-32.09, -124.99, -60.89, -0.0, -27.44, -123.66, -61.1, -6.89, -85.25, -74.45, -69.7, -0.0, -92.5, -1.71, -15.59, 25.18]
[-32.09, -124.99, -60.89, -0.0, -27.44, -123.66, -61.1, -6.89, -83.19, -76.39, -69.58, -0.0, -92.5, -1.71, -15.59, 25.18]
[-32.09, -124.99, -60.89, -0.0, -27.44, -123.66, -61.1, -6.89, -81.15, -78.28, -69.43, -0.0, -92.5, -1.71, -15.59, 25.18]
[-32.09, -124.99, -60.89, -0.0, -27.44, -123.66, -61.1, -6.89, -79.13, -80.11, -69.24, -0.0, -92.5, -1.71, -15.59, 25.18]
[-32.09, -124.99, -60.89, -0.0, -27.44, -123.66, -61.1, -6.89, -77.12, -81.89, -69.01, -0.0, -92.5, -1.71, -15.59, 25.18]
[-32.09, -124.99, -60.89, -0.0, -27.44, -123.66, -61.1, -6.89, -75.13, -83.62, -68.75, -0.0, -92.5, -1.71, -15.59, 25.18]
[-32.09, -124.99, -60.89, -0.0, -27.44, -123.66, -61.1, -6.89, -73.14, -85.31, -68.45, -0.0, -92.5, -1.71, -15.59, 25.18]
[-32.09, -124.99, -60.89, -0.0, -27.44, -123.66, -61.1, -6.89, -71.17, -86.95, -68.11, -0.0, -92.5, -1.71, -15.59, 25.18]
[-32.09, -124.99, -60.89, -0.0, -27.44, -123.66, -61.1, -6.89, -69.2, -88.54, -67.74, -0.0, -92.5, -1.71, -15.59, 25.18]
[-32.09, -124.99, -60.89, -0.0, -27.44, -123.66, -61.1, -6.89, -67.24, -90.1, -67.34, -0.0, -92.5, -1.71, -15.59, 25.18]
[-32.09, -124.99, -60.89, -0.0, -27.44, -123.66, -61.1, -6.89, -65.28, -91.62, -66.9, -0.0, -92.5, -1.71, -15.59, 25.18]
[-32.09, -124.99, -60.89, -0.0, -27.44, -123.66, -61.1, -6.89, -63.33, -93.09, -66.43, -0.0, -92.5, -1.71, -15.59, 25.18]
[-32.09, -124.99, -60.89, -0.0, -27.44, -123.66, -61.1, -6.89, -61.39, -94.53, -65.92, -0.0, -92.5, -1.71, -15.59, 25.18]
[-32.09, -124.99, -60.89, -0.0, -27.44, -123.66, -61.1, -6.89, -59.44, -95.93, -65.38, -0.0, -92.5, -1.71, -15.59, 25.18]
[-32.09, -124.99, -60.89, -0.0, -27.44, -123.66, -61.1, -6.89, -57.51, -97.3, -64.8, -0.0, -92.5, -1.71, -15.59, 25.18]
[-32.09, -124.99, -60.89, -0.0, -27.44, -123.66, -61.1, -6.89, -55.57, -98.62, -64.19, -0.0, -92.5, -1.71, -15.59, 25.18]
[-32.09, -124.99, -60.89, -0.0, -27.44, -123.66, -61.1, -6.89, -53.64, -99.91, -63.55, -0.0, -92.5, -1.71, -15.59, 25.18]
[-32.09, -124.99, -60.89, -0.0, -27.44, -123.66, -61.1, -6.89, -51.72, -101.17, -62.88, -0.0, -92.5, -1.71, -15.59, 25.18]
[-32.09, -124.99, -60.89, -0.0, -27.44, -123.66, -61.1, -6.89, -49.79, -102.38, -62.18, -0.0, -92.5, -1.71, -15.59, 25.18]
[-32.09, -124.99, -60.89, -0.0, -27.44, -123.66, -61.1, -6.89, -47.87, -103.57, -61.44, -0.0, -92.5, -1.71, -15.59, 25.18]
[-32.09, -124.99, -60.89, -0.0, -27.44, -123.66, -61.1, -6.89, -45.96, -104.71, -60.67, -0.0, -92.5, -1.71, -15.59, 25.18]
[-32.09, -124.99, -60.89, -0.0, -27.44, -123.66, -61.1, -6.89, -44.05, -105.82, -59.87, -0.0, -92.5, -1.71, -15.59, 25.18]
[-32.09, -124.99, -60.89, -0.0, -27.44, -123.66, -61.1, -6.89, -42.14, -106.9, -59.04, -0.0, -92.5, -1.71, -15.59, 25.18]
[-32.09, -124.99, -60.89, -0.0, -27.44, -123.66, -61.1, -6.89, -40.24, -107.93, -58.18, -0.0, -92.5, -1.71, -15.59, 25.18]
[-32.09, -124.99, -60.89, -0.0, -27.44, -123.66, -61.1, -6.89, -38.35, -108.94, -57.29, -0.0, -92.5, -1.71, -15.59, 25.18]
[-32.09, -124.99, -60.89, -0.0, -27.44, -123.66, -61.1, -6.89, -36.47, -109.9, -56.37, -0.0, -92.5, -1.71, -15.59, 25.18]
[-31.87, -124.99, -60.94, 1.05, -26.83, -124.98, -61.53, -6.72, -36.07, -110.51, -56.59, -0.83, -92.01, -1.34, -15.34, 24.83]
[-31.63, -124.99, -61.0, 2.09, -27.67, -124.98, -61.51, -6.53, -35.7, -111.09, -56.79, -1.67, -90.87, -1.92, -15.42, 24.48]
[-31.38, -124.98, -61.06, 3.11, -28.49, -124.98, -61.46, -6.34, -35.34, -111.64, -56.99, -2.52, -90.06, -1.99, -15.31, 24.13]
[-31.1, -124.98, -61.12, 4.12, -29.28, -124.99, -61.4, -6.15, -35.01, -112.16, -57.17, -3.37, -89.53, -1.62, -15.04, 23.79]
[-30.82, -124.98, -61.17, 5.12, -30.08, -124.98, -61.29, -5.95, -34.69, -112.65, -57.34, -4.23, -88.45, -2.06, -15.05, 23.45]
[-30.51, -124.99, -61.23, 6.1, -30.84, -124.99, -61.17, -5.74, -34.4, -113.1, -57.5, -5.1, -87.67, -2.05, -14.89, 23.12]
[-30.18, -125.0, -61.28, 7.07, -31.58, -124.99, -61.01, -5.52, -34.12, -113.53, -57.65, -5.97, -87.2, -1.55, -14.56, 22.79]
[-29.85, -125.0, -61.33, 8.03, -32.31, -124.99, -60.83, -5.29, -33.87, -113.92, -57.79, -6.84, -86.18, -1.86, -14.5, 22.47]
[-29.51, -124.99, -61.37, 8.97, -33.01, -124.99, -60.62, -5.06, -33.63, -114.28, -57.91, -7.72, -85.49, -1.65, -14.25, 22.15]
[-29.15, -124.99, -61.41, 9.89, -33.7, -124.99, -60.37, -4.81, -33.42, -114.61, -58.03, -8.61, -85.54, -0.32, -13.62, 21.84]
[-28.78, -124.98, -61.44, 10.8, -34.36, -124.99, -60.1, -4.56, -33.23, -114.9, -58.13, -9.5, -84.61, -0.44, -13.46, 21.53]
[-28.37, -124.99, -61.48, 11.7, -35.01, -124.99, -59.79, -4.29, -33.06, -115.16, -58.22, -10.39, -82.9, -1.71, -13.7, 21.22]
[-27.98, -124.98, -61.5, 12.58, -35.63, -125.0, -59.45, -4.02, -32.91, -115.39, -58.3, -11.29, -81.9, -1.9, -13.55, 20.92]
[-27.53, -125.0, -61.52, 13.44, -36.22, -125.0, -59.08, -3.73, -32.78, -115.59, -58.37, -12.19, -81.29, -1.48, -13.2, 20.62]
[-27.1, -124.99, -61.53, 14.29, -36.81, -124.99, -58.67, -3.43, -32.67, -115.76, -58.43, -13.09, -80.19, -1.78, -13.08, 20.33]
[-26.65, -124.99, -61.53, 15.12, -37.36, -124.99, -58.23, -3.12, -32.58, -115.89, -58.47, -14.0, -79.53, -1.39, -12.71, 20.04]
[-27.12, -124.13, -61.26, 15.94, -37.9, -124.98, -57.75, -2.79, -32.52, -115.99, -58.51, -14.9, -78.39, -1.71, -12.58, 19.75]
[-27.87, -123.02, -60.89, 16.74, -38.39, -124.99, -57.24, -2.45, -32.47, -116.06, -58.53, -15.81, -77.77, -1.24, -12.17, 19.47]
[-28.63, -121.89, -60.51, 17.53, -38.88, -124.99, -56.69, -2.09, -32.45, -116.1, -58.54, -16.72, -76.65, -1.47, -11.99, 19.19]
[-29.4, -120.72, -60.12, 18.31, -39.33, -124.98, -56.11, -1.71, -32.45, -116.1, -58.54, -17.63, -76.37, -0.44, -11.38, 18.91]
[-30.19, -119.53, -59.72, 19.07, -39.75, -125.0, -55.5, -1.32, -32.47, -116.07, -58.53, -18.54, -75.55, -0.19, -11.02, 18.64]
[-30.99, -118.32, -59.31, 19.81, -40.15, -125.0, -54.84, -0.9, -32.51, -116.01, -58.51, -19.44, -73.85, -1.24, -11.09, 18.37]
[-31.81, -117.07, -58.88, 20.54, -40.53, -125.0, -54.15, -0.47, -32.57, -115.91, -58.48, -20.35, -73.43, -0.34, -10.49, 18.11]
[-32.64, -115.8, -58.44, 21.26, -40.88, -125.0, -53.41, -0.01, -32.65, -115.78, -58.44, -21.25, -72.43, -0.28, -10.16, 17.84]
[-32.64, -115.8, -58.44, 21.26, -40.88, -125.0, -53.41, -0.01, -32.65, -115.78, -58.44, -21.25, -73.29, -0.93, -11.02, 17.65]
[-32.64, -115.8, -58.44, 21.26, -40.88, -125.0, -53.41, -0.01, -32.65, -115.78, -58.44, -21.25, -74.51, -1.01, -11.68, 17.46]
[-32.64, -115.8, -58.44, 21.26, -40.88, -125.0, -53.41, -0.01, -32.65, -115.78, -58.44, -21.25, -75.86, -0.86, -12.25, 17.27]
[-32.64, -115.8, -58.44, 21.26, -40.88, -125.0, -53.41, -0.01, -32.65, -115.78, -58.44, -21.25, -77.33, -0.5, -12.74, 17.07]
[-32.64, -115.8, -58.44, 21.26, -40.88, -125.0, -53.41, -0.01, -32.65, -115.78, -58.44, -21.25, -77.5, -2.07, -13.88, 16.87]
[-32.64, -115.8, -58.44, 21.26, -40.88, -125.0, -53.41, -0.01, -32.65, -115.78, -58.44, -21.25, -78.75, -1.98, -14.44, 16.67]
[-32.64, -115.8, -58.44, 21.26, -40.88, -125.0, -53.41, -0.01, -32.65, -115.78, -58.44, -21.25, -79.94, -1.97, -15.03, 16.46]
[-32.64, -115.8, -58.44, 21.26, -40.88, -125.0, -53.41, -0.01, -32.65, -115.78, -58.44, -21.25, -81.04, -2.07, -15.65, 16.25]
[-32.64, -115.8, -58.44, 21.26, -40.88, -125.0, -53.41, -0.01, -32.65, -115.78, -58.44, -21.25, -83.0, -0.85, -15.81, 16.04]
[-32.64, -115.8, -58.44, 21.26, -40.88, -125.0, -53.41, -0.01, -32.65, -115.78, -58.44, -21.25, -83.65, -1.58, -16.63, 15.83]
[-32.64, -115.8, -58.44, 21.26, -40.88, -125.0, -53.41, -0.01, -32.65, -115.78, -58.44, -21.25, -85.36, -0.7, -16.9, 15.61]
[-32.64, -115.8, -58.44, 21.26, -40.88, -125.0, -53.41, -0.01, -32.65, -115.78, -58.44, -21.25, -85.58, -2.02, -17.9, 15.39]
[-32.64, -115.8, -58.44, 21.26, -40.88, -125.0, -53.41, -0.01, -32.65, -115.78, -58.44, -21.25, -86.67, -2.02, -18.46, 15.17]
[-32.64, -115.8, -58.44, 21.26, -40.88, -125.0, -53.41, -0.01, -32.65, -115.78, -58.44, -21.25, -88.56, -0.81, -18.59, 14.94]
[-32.64, -115.8, -58.44, 21.26, -40.88, -125.0, -53.41, -0.01, -32.65, -115.78, -58.44, -21.25, -89.0, -1.75, -19.46, 14.71]
[-32.64, -115.8, -58.44, 21.26, -40.88, -125.0, -53.41, -0.01, -32.65, -115.78, -58.44, -21.25, -90.24, -1.48, -19.9, 14.48]
[-32.64, -115.8, -58.44, 21.26, -40.88, -125.0, -53.41, -0.01, -32.65, -115.78, -58.44, -21.25, -91.18, -1.64, -20.49, 14.25]
[-32.64, -115.8, -58.44, 21.26, -40.88, -125.0, -53.41, -0.01, -32.65, -115.78, -58.44, -21.25, -93.24, -0.09, -20.5, 14.01]
[-32.64, -115.8, -58.44, 21.26, -40.88, -125.0, -53.41, -0.01, -32.65, -115.78, -58.44, -21.25, -93.09, -1.86, -21.62, 13.76]
[-32.64, -115.8, -58.44, 21.26, -40.88, -125.0, -53.41, -0.01, -32.65, -115.78, -58.44, -21.25, -94.03, -1.96, -22.18, 13.52]
[-32.64, -115.8, -58.44, 21.26, -40.88, -125.0, -53.41, -0.01, -32.65, -115.78, -58.44, -21.25, -95.6, -1.12, -22.41, 13.27]
[-32.64, -115.8, -58.44, 21.26, -40.88, -125.0, -53.41, -0.01, -32.65, -115.78, -58.44, -21.25, -96.97, -0.55, -22.73, 13.02]
[-32.64, -115.8, -58.44, 21.26, -40.88, -125.0, -53.41, -0.01, -32.65, -115.78, -58.44, -21.25, -97.64, -1.02, -23.4, 12.76]
[-32.64, -115.8, -58.44, 21.26, -40.88, -125.0, -53.41, -0.01, -32.65, -115.78, -58.44, -21.25, -98.05, -1.86, -24.19, 12.5]
[-32.64, -115.8, -58.44, 21.26, -40.88, -125.0, -53.41, -0.01, -32.65, -115.78, -58.44, -21.25, -99.09, -1.75, -24.66, 12.24]
[-32.64, -115.8, -58.44, 21.26, -40.88, -125.0, -53.41, -0.01, -32.65, -115.78, -58.44, -21.25, -99.81, -2.1, -25.28, 11.97]
[-32.64, -115.8, -58.44, 21.26, -40.88, -125.0, -53.41, -0.01, -32.65, -115.78, -58.44, -21.25, -101.0, -1.73, -25.65, 11.7]
[-32.64, -115.8, -58.44, 21.26, -40.88, -125.0, -53.41, -0.01, -32.65, -115.78, -58.44, -21.25, -101.87, -1.84, -26.19, 11.42]
[-32.64, -115.8, -58.44, 21.26, -40.88, -125.0, -53.41, -0.01, -32.65, -115.78, -58.44, -21.25, -103.34, -1.01, -26.4, 11.14]
[-32.64, -115.8, -58.44, 21.26, -40.88, -125.0, -53.41, -0.01, -32.65, -115.78, -58.44, -21.25, -104.47, -0.7, -26.78, 10.86]
[-32.64, -115.8, -58.44, 21.26, -40.88, -125.0, -53.41, -0.01, -32.65, -115.78, -58.44, -21.25, -104.98, -1.31, -27.48, 10.57]
[-32.64, -115.8, -58.44, 21.26, -40.88, -125.0, -53.41, -0.01, -32.65, -115.78, -58.44, -21.25, -106.38, -0.55, -27.71, 10.28]
[-32.64, -115.8, -58.44, 21.26, -40.88, -125.0, -53.41, -0.01, -32.65, -115.78, -58.44, -21.25, -107.11, -0.81, -28.28, 9.99]
[-32.64, -115.8, -58.44, 21.26, -40.88, -125.0, -53.41, -0.01, -32.65, -115.78, -58.44, -21.25, -107.43, -1.66, -29.05, 9.68]
[-32.64, -115.8, -58.44, 21.26, -40.88, -125.0, -53.41, -0.01, -32.65, -115.78, -58.44, -21.25, -108.42, -1.49, -29.47, 9.38]
[-32.64, -115.8, -58.44, 21.26, -40.88, -125.0, -53.41, -0.01, -32.65, -115.78, -58.44, -21.25, -109.06, -1.84, -30.07, 9.07]
[-32.64, -115.8, -58.44, 21.26, -40.88, -125.0, -53.41, -0.01, -32.65, -115.78, -58.44, -21.25, -110.23, -1.39, -30.4, 8.75]
[-32.64, -115.8, -58.44, 21.26, -40.88, -125.0, -53.41, -0.01, -32.65, -115.78, -58.44, -21.25, -111.04, -1.46, -30.9, 8.44]
[-32.64, -115.8, -58.44, 21.26, -40.88, -125.0, -53.41, -0.01, -32.65, -115.78, -58.44, -21.25, -111.53, -1.99, -31.55, 8.11]
[-32.64, -115.8, -58.44, 21.26, -40.88, -125.0, -53.41, -0.01, -32.65, -115.78, -58.44, -21.25, -112.52, -1.78, -31.95, 7.78]
[-32.64, -115.8, -58.44, 21.26, -40.88, -125.0, -53.41, -0.01, -32.65, -115.78, -58.44, -21.25, -113.22, -1.97, -32.49, 7.45]
[-32.64, -115.8, -58.44, 21.26, -40.88, -125.0, -53.41, -0.01, -32.65, -115.78, -58.44, -21.25, -114.43, -1.4, -32.77, 7.11]
[-32.64, -115.8, -58.44, 21.26, -40.88, -125.0, -53.41, -0.01, -32.65, -115.78, -58.44, -21.25, -115.36, -1.24, -33.19, 6.76]
[-32.64, -115.8, -58.44, 21.26, -40.88, -125.0, -53.41, -0.01, -32.65, -115.78, -58.44, -21.25, -115.94, -1.59, -33.78, 6.41]
[-32.64, -115.8, -58.44, 21.26, -40.88, -125.0, -53.41, -0.01, -32.65, -115.78, -58.44, -21.25, -117.21, -0.9, -34.01, 6.06]
[-32.64, -115.8, -58.44, 21.26, -40.88, -125.0, -53.41, -0.01, -32.65, -115.78, -58.44, -21.25, -118.17, -0.65, -34.4, 5.7]
[-32.64, -115.8, -58.44, 21.26, -40.88, -125.0, -53.41, -0.01, -32.65, -115.78, -58.44, -21.25, -118.63, -1.14, -35.04, 5.33]
[-32.64, -115.8, -58.44, 21.26, -40.88, -125.0, -53.41, -0.01, -32.65, -115.78, -58.44, -21.25, -118.96, -1.84, -35.75, 4.96]
[-32.64, -115.8, -58.44, 21.26, -40.88, -125.0, -53.41, -0.01, -32.65, -115.78, -58.44, -21.25, -119.88, -1.62, -36.14, 4.58]
[-32.64, -115.8, -58.44, 21.26, -40.88, -125.0, -53.41, -0.01, -32.65, -115.78, -58.44, -21.25, -119.99, -2.62, -36.96, 4.2]
[-32.64, -115.8, -58.44, 21.26, -40.88, -125.0, -53.41, -0.01, -32.65, -115.78, -58.44, -21.25, -119.83, -3.99, -37.91, 3.81]
[-32.64, -115.8, -58.44, 21.26, -40.88, -125.0, -53.41, -0.01, -32.65, -115.78, -58.44, -21.25, -119.86, -5.08, -38.76, 3.41]
[-32.64, -115.8, -58.44, 21.26, -40.88, -125.0, -53.41, -0.01, -32.65, -115.78, -58.44, -21.25, -119.97, -6.03, -39.57, 3.01]
[-32.64, -115.8, -58.44, 21.26, -40.88, -125.0, -53.41, -0.01, -32.65, -115.78, -58.44, -21.25, -119.94, -7.17, -40.45, 2.6]
[-32.64, -115.8, -58.44, 21.26, -40.88, -125.0, -53.41, -0.01, -32.65, -115.78, -58.44, -21.25, -120.0, -8.17, -41.29, 2.18]
[-32.64, -115.8, -58.44, 21.26, -40.88, -125.0, -53.41, -0.01, -32.65, -115.78, -58.44, -21.25, -119.96, -9.29, -42.17, 1.76]
[-32.64, -115.8, -58.44, 21.26, -40.88, -125.0, -53.41, -0.01, -32.65, -115.78, -58.44, -21.25, -120.0, -10.3, -43.02, 1.33]
[-32.64, -115.8, -58.44, 21.26, -40.88, -125.0, -53.41, -0.01, -32.65, -115.78, -58.44, -21.25, -119.97, -11.38, -43.91, 0.9]
[-32.64, -115.8, -58.44, 21.26, -40.88, -125.0, -53.41, -0.01, -32.65, -115.78, -58.44, -21.25, -119.9, -12.51, -44.82, 0.45]
[-32.64, -115.8, -58.44, 21.26, -40.88, -125.0, -53.41, -0.01, -32.65, -115.78, -58.44, -21.25, -119.99, -13.4, -45.64, 0.0]
[-32.65, -115.79, -58.44, 21.26, -40.88, -125.0, -53.41, 0.0, -32.65, -115.79, -58.44, -21.26, -119.99, -13.4, -45.64, 0.0]
[-32.65, -115.79, -58.44, 21.26, -40.88, -125.0, -53.41, 0.0, -32.65, -115.79, -58.44, -21.26, -119.97, -13.05, -44.58, 0.0]
[-32.65, -115.79, -58.44, 21.26, -40.88, -125.0, -53.41, 0.0, -32.65, -115.79, -58.44, -21.26, -119.99, -12.61, -43.49, 0.0]
[-32.65, -115.79, -58.44, 21.26, -40.88, -125.0, -53.41, 0.0, -32.65, -115.79, -58.44, -21.26, -119.97, -12.22, -42.42, 0.0]
[-32.65, -115.79, -58.44, 21.26, -40.88, -125.0, -53.41, 0.0, -32.65, -115.79, -58.44, -21.26, -116.35, -16.98, -43.32, 0.0]
[-32.65, -115.79, -58.44, 21.26, -40.88, -125.0, -53.41, 0.0, -32.65, -115.79, -58.44, -21.26, -112.0, -22.65, -44.64, 0.0]
[-32.65, -115.79, -58.44, 21.26, -40.88, -125.0, -53.41, 0.0, -32.65, -115.79, -58.44, -21.26, -108.43, -27.12, -45.54, 0.0]
[-32.65, -115.79, -58.44, 21.26, -40.88, -125.0, -53.41, 0.0, -32.65, -115.79, -58.44, -21.26, -105.24, -30.97, -46.21, 0.0]
[-32.65, -115.79, -58.44, 21.26, -40.88, -125.0, -53.41, 0.0, -32.65, -115.79, -58.44, -21.26, -102.39, -34.31, -46.7, 0.0]
[-32.65, -115.79, -58.44, 21.26, -40.88, -125.0, -53.41, 0.0, -32.65, -115.79, -58.44, -21.26, -99.74, -37.31, -47.06, 0.0]
[-32.65, -115.79, -58.44, 21.26, -40.88, -125.0, -53.41, 0.0, -32.65, -115.79, -58.44, -21.26, -97.25, -40.06, -47.31, 0.0]
[-32.65, -115.79, -58.44, 21.26, -40.88, -125.0, -53.41, 0.0, -32.65, -115.79, -58.44, -21.26, -94.89, -42.6, -47.49, 0.0]
[-32.65, -115.79, -58.44, 21.26, -40.88, -125.0, -53.41, 0.0, -32.65, -115.79, -58.44, -21.26, -92.62, -44.97, -47.59, 0.0]
[-32.65, -115.79, -58.44, 21.26, -40.88, -125.0, -53.41, 0.0, -32.65, -115.79, -58.44, -21.26, -90.45, -47.18, -47.63, 0.0]
[-32.65, -115.79, -58.44, 21.26, -40.88, -125.0, -53.41, 0.0, -32.65, -115.79, -58.44, -21.26, -88.35, -49.27, -47.62, 0.0]
[-32.65, -115.79, -58.44, 21.26, -40.88, -125.0, -53.41, 0.0, -32.65, -115.79, -58.44, -21.26, -86.31, -51.24, -47.55, 0.0]
[-32.65, -115.79, -58.44, 21.26, -40.88, -125.0, -53.41, 0.0, -32.65, -115.79, -58.44, -21.26, -84.33, -53.11, -47.44, 0.0]
[-32.65, -115.79, -58.44, 21.26, -40.88, -125.0, -53.41, 0.0, -32.65, -115.79, -58.44, -21.26, -82.4, -54.88, -47.28, 0.0]
[-32.65, -115.79, -58.44, 21.26, -40.88, -125.0, -53.41, 0.0, -32.65, -115.79, -58.44, -21.26, -80.51, -56.57, -47.09, 0.0]
[-32.65, -115.79, -58.44, 21.26, -40.88, -125.0, -53.41, 0.0, -32.65, -115.79, -58.44, -21.26, -78.67, -58.18, -46.85, 0.0]
[-32.65, -115.79, -58.44, 21.26, -40.88, -125.0, -53.41, 0.0, -32.65, -115.79, -58.44, -21.26, -76.87, -59.71, -46.58, 0.0]
[-32.65, -115.79, -58.44, 21.26, -40.88, -125.0, -53.41, 0.0, -32.65, -115.79, -58.44, -21.26, -75.1, -61.18, -46.28, 0.0]
[-32.65, -115.79, -58.44, 21.26, -40.88, -125.0, -53.41, 0.0, -32.65, -115.79, -58.44, -21.26, -73.37, -62.57, -45.94, 0.0]
[-32.65, -115.79, -58.44, 21.26, -40.88, -125.0, -53.41, 0.0, -32.65, -115.79, -58.44, -21.26, -71.66, -63.91, -45.57, 0.0]
[-32.65, -115.79, -58.44, 21.26, -40.88, -125.0, -53.41, 0.0, -32.65, -115.79, -58.44, -21.26, -69.99, -65.19, -45.18, 0.0]
[-32.65, -115.79, -58.44, 21.26, -40.88, -125.0, -53.41, 0.0, -32.65, -115.79, -58.44, -21.26, -68.35, -66.4, -44.75, 0.0]
[-32.65, -115.79, -58.44, 21.26, -40.88, -125.0, -53.41, 0.0, -32.65, -115.79, -58.44, -21.26, -66.73, -67.57, -44.3, 0.0]
[-32.65, -115.79, -58.44, 21.26, -40.88, -125.0, -53.41, 0.0, -32.65, -115.79, -58.44, -21.26, -65.14, -68.68, -43.82, 0.0]
[-32.65, -115.79, -58.44, 21.26, -40.88, -125.0, -53.41, 0.0, -32.65, -115.79, -58.44, -21.26, -63.58, -69.74, -43.31, 0.0]
[-32.65, -115.79, -58.44, 21.26, -40.88, -125.0, -53.41, 0.0, -32.65, -115.79, -58.44, -21.26, -62.04, -70.75, -42.78, 0.0]
[-32.65, -115.79, -58.44, 21.26, -40.88, -125.0, -53.41, 0.0, -32.65, -115.79, -58.44, -21.26, -60.52, -71.71, -42.23, 0.0]
[-32.04, -116.72, -58.76, 20.17, -40.42, -124.99, -54.37, 0.0, -32.04, -116.72, -58.76, -20.17, -58.27, -75.32, -43.59, 0.0]
[-31.46, -117.6, -59.06, 19.07, -39.91, -124.98, -55.27, 0.0, -31.46, -117.6, -59.06, -19.07, -56.1, -78.8, -44.9, 0.0]
[-30.92, -118.42, -59.34, 17.96, -39.33, -125.0, -56.11, 0.0, -30.92, -118.42, -59.34, -17.96, -54.0, -82.16, -46.16, 0.0]
[-30.41, -119.2, -59.61, 16.83, -38.74, -124.98, -56.86, 0.0, -30.41, -119.2, -59.61, -16.83, -51.97, -85.41, -47.38, 0.0]
[-29.93, -119.92, -59.85, 15.69, -38.08, -124.99, -57.56, 0.0, -29.93, -119.92, -59.85, -15.69, -49.99, -88.57, -48.56, 0.0]
[-29.48, -120.6, -60.08, 14.54, -37.4, -124.98, -58.2, 0.0, -29.48, -120.6, -60.08, -14.54, -48.06, -91.65, -49.71, 0.0]
[-29.07, -121.22, -60.29, 13.37, -36.66, -125.0, -58.78, 0.0, -29.07, -121.22, -60.29, -13.37, -46.17, -94.65, -50.82, 0.0]
[-28.69, -121.79, -60.48, 12.19, -35.9, -124.99, -59.29, 0.0, -28.69, -121.79, -60.48, -12.19, -44.32, -97.59, -51.91, 0.0]
[-28.35, -122.3, -60.65, 11.01, -35.09, -124.99, -59.75, 0.0, -28.35, -122.3, -60.65, -11.01, -42.49, -100.47, -52.96, 0.0]
[-28.04, -122.76, -60.81, 9.81, -34.26, -124.99, -60.15, 0.0, -28.04, -122.76, -60.81, -9.81, -40.7, -103.3, -53.99, 0.0]
[-27.77, -123.17, -60.94, 8.6, -33.38, -124.99, -60.49, 0.0, -27.77, -123.17, -60.94, -8.6, -38.93, -106.07, -55.0, 0.0]
[-27.53, -123.53, -61.06, 7.39, -32.46, -125.0, -60.79, 0.0, -27.53, -123.53, -61.06, -7.39, -37.17, -108.81, -55.98, 0.0]
[-27.33, -123.83, -61.16, 6.16, -31.53, -124.99, -61.03, 0.0, -27.33, -123.83, -61.16, -6.16, -35.44, -111.5, -56.94, 0.0]
[-27.16, -124.08, -61.24, 4.94, -30.55, -124.99, -61.22, 0.0, -27.16, -124.08, -61.24, -4.94, -33.71, -114.16, -57.87, 0.0]
[-27.03, -124.27, -61.3, 3.71, -29.55, -124.98, -61.36, 0.0, -27.03, -124.27, -61.3, -3.71, -31.99, -116.79, -58.78, 0.0]
[-26.94, -124.41, -61.35, 2.47, -28.51, -124.98, -61.46, 0.0, -26.94, -124.41, -61.35, -2.47, -30.28, -119.39, -59.67, 0.0]
[-26.88, -124.49, -61.37, 1.23, -27.43, -125.0, -61.52, 0.0, -26.88, -124.49, -61.37, -1.23, -28.57, -121.97, -60.54, 0.0]
[-26.86, -124.52, -61.38, -0.0, -26.87, -124.51, -61.38, 0.0, -26.86, -124.52, -61.38, 0.0, -26.86, -124.53, -61.38, 0.0]