[-0.81, -95.83, 2.36, 0.0, -0.81, -95.83, 2.36, 0.0, -0.81, -95.83, 2.36, 0.0, -0.81, -95.83, 2.36, 0.0]
[-0.01, -96.2, 2.27, 0.16, -0.02, -96.48, 2.39, 0.46, -0.0, -96.63, 2.45, -0.17, -0.0, -96.34, 2.33, -0.46]
[-0.01, -95.98, 2.19, 0.32, -0.01, -96.56, 2.42, 0.93, -0.0, -96.84, 2.54, -0.33, -0.0, -96.26, 2.3, -0.92]
[-0.02, -95.75, 2.11, 0.48, -0.0, -96.64, 2.45, 1.39, -0.0, -97.05, 2.63, -0.5, -0.01, -96.17, 2.26, -1.37]
[-0.03, -95.52, 2.03, 0.64, -0.01, -96.7, 2.48, 1.86, -0.0, -97.26, 2.73, -0.68, -0.0, -96.1, 2.23, -1.82]
[-0.0, -95.31, 1.96, 0.79, -0.02, -96.76, 2.51, 2.33, -0.0, -97.46, 2.83, -0.85, -0.03, -95.99, 2.2, -2.27]
[-0.01, -95.08, 1.89, 0.94, -0.01, -96.83, 2.54, 2.81, -0.0, -97.65, 2.93, -1.03, -0.03, -95.91, 2.17, -2.71]
[-0.02, -94.84, 1.82, 1.09, -0.01, -96.9, 2.56, 3.29, -0.0, -97.85, 3.04, -1.22, -0.0, -95.84, 2.14, -3.16]
[-0.03, -94.59, 1.76, 1.23, -0.01, -96.96, 2.59, 3.77, -0.01, -98.03, 3.14, -1.4, -0.02, -95.73, 2.1, -3.6]
[-0.0, -94.37, 1.7, 1.38, -0.03, -97.01, 2.62, 4.25, -0.01, -98.22, 3.25, -1.59, -0.01, -95.65, 2.07, -4.03]
[-0.01, -94.12, 1.64, 1.52, -0.01, -97.07, 2.65, 4.73, -0.01, -98.4, 3.37, -1.78, -0.0, -95.55, 2.04, -4.47]
[-0.02, -93.87, 1.58, 1.66, -0.01, -97.13, 2.67, 5.22, -0.02, -98.58, 3.48, -1.98, -0.01, -95.45, 2.01, -4.9]
[-0.03, -93.61, 1.53, 1.79, -0.02, -97.18, 2.7, 5.7, -0.03, -98.75, 3.6, -2.18, -0.02, -95.34, 1.97, -5.33]
[-0.01, -93.37, 1.48, 1.93, -0.0, -97.24, 2.72, 6.19, -0.0, -98.95, 3.73, -2.38, -0.01, -95.25, 1.94, -5.75]
[-0.02, -93.11, 1.43, 2.06, -0.03, -97.27, 2.74, 6.69, -0.01, -99.12, 3.85, -2.59, -0.0, -95.15, 1.91, -6.18]
[-0.03, -92.84, 1.39, 2.19, -0.03, -97.32, 2.77, 7.18, -0.02, -99.28, 3.98, -2.8, -0.0, -95.04, 1.88, -6.6]
[-0.01, -92.59, 1.35, 2.32, -0.0, -97.39, 2.79, 7.68, -0.0, -99.46, 4.11, -3.01, -0.01, -94.93, 1.84, -7.01]
[-0.02, -92.32, 1.31, 2.45, -0.02, -97.41, 2.81, 8.17, -0.02, -99.62, 4.24, -3.23, -0.02, -94.81, 1.81, -7.43]
[-0.0, -92.07, 1.27, 2.58, -0.01, -97.46, 2.83, 8.67, -0.03, -99.77, 4.38, -3.45, -0.01, -94.7, 1.78, -7.84]
[-0.02, -91.78, 1.24, 2.7, -0.02, -97.5, 2.85, 9.18, -0.01, -99.94, 4.52, -3.67, -0.0, -94.59, 1.75, -8.24]
[-0.03, -91.5, 1.21, 2.82, -0.03, -97.53, 2.87, 9.68, -0.03, -100.08, 4.66, -3.9, -0.0, -94.47, 1.72, -8.65]
[-0.01, -91.23, 1.19, 2.94, -0.01, -97.57, 2.89, 10.18, -0.01, -100.25, 4.8, -4.14, -0.01, -94.35, 1.69, -9.05]
[-0.03, -90.94, 1.16, 3.06, -0.01, -97.61, 2.91, 10.69, -0.03, -100.38, 4.95, -4.38, -0.02, -94.21, 1.66, -9.45]
[-0.01, -90.67, 1.14, 3.18, -0.02, -97.63, 2.93, 11.2, -0.02, -100.53, 5.09, -4.62, -0.0, -94.1, 1.63, -9.84]
[-0.03, -90.37, 1.13, 3.3, -0.0, -97.68, 2.94, 11.7, -0.0, -100.68, 5.25, -4.87, -0.0, -93.98, 1.6, -10.23]
[-0.01, -90.09, 1.11, 3.41, -0.03, -97.69, 2.96, 12.21, -0.03, -100.81, 5.4, -5.12, -0.0, -93.85, 1.57, -10.62]
[-0.03, -89.78, 1.1, 3.52, -0.03, -97.71, 2.97, 12.73, -0.02, -100.95, 5.55, -5.38, -0.01, -93.71, 1.54, -11.01]
[-0.01, -89.5, 1.1, 3.63, -0.0, -97.75, 2.98, 13.24, -0.02, -101.09, 5.71, -5.64, -0.02, -93.57, 1.52, -11.39]
[-0.03, -89.18, 1.09, 3.74, -0.03, -97.76, 2.99, 13.75, -0.01, -101.22, 5.87, -5.91, -0.0, -93.45, 1.49, -11.77]
[-0.05, -88.86, 1.09, 3.85, -0.02, -97.78, 3.01, 14.27, -0.01, -101.35, 6.04, -6.18, -0.03, -93.29, 1.46, -12.15]
[-1.17, -87.73, 1.1, 3.96, -0.03, -97.8, 3.02, 14.78, -0.01, -101.47, 6.2, -6.46, -0.02, -93.15, 1.44, -12.52]
[-2.3, -86.59, 1.11, 4.06, -0.01, -97.83, 3.02, 15.3, -0.01, -101.59, 6.37, -6.74, -0.02, -93.01, 1.41, -12.89]
[-3.42, -85.44, 1.14, 4.17, -0.0, -97.85, 3.03, 15.81, -0.02, -101.71, 6.54, -7.03, -0.03, -92.85, 1.39, -13.26]
[-4.55, -84.27, 1.18, 4.27, -0.0, -97.86, 3.04, 16.33, -0.03, -101.81, 6.71, -7.33, -0.0, -92.72, 1.36, -13.63]
[-5.68, -83.09, 1.23, 4.37, -0.01, -97.86, 3.05, 16.85, -0.0, -101.95, 6.89, -7.63, -0.02, -92.56, 1.34, -13.99]
[-6.81, -81.89, 1.3, 4.47, -0.0, -97.88, 3.05, 17.37, -0.01, -102.05, 7.07, -7.94, -0.01, -92.41, 1.32, -14.35]
[-7.95, -80.68, 1.37, 4.57, -0.0, -97.89, 3.05, 17.88, -0.03, -102.14, 7.24, -8.25, -0.0, -92.26, 1.3, -14.7]
[-9.09, -79.45, 1.46, 4.67, -0.01, -97.89, 3.06, 18.4, -0.01, -102.26, 7.43, -8.58, -0.0, -92.1, 1.27, -15.06]
[-10.24, -78.2, 1.56, 4.76, -0.03, -97.89, 3.06, 18.92, -0.0, -102.37, 7.61, -8.9, -0.01, -91.93, 1.26, -15.41]
[-11.4, -76.94, 1.67, 4.86, -0.02, -97.89, 3.06, 19.44, -0.03, -102.45, 7.79, -9.24, -0.02, -91.76, 1.24, -15.75]
[-12.55, -75.65, 1.79, 4.95, -0.02, -97.89, 3.06, 19.96, -0.02, -102.55, 7.98, -9.58, -0.0, -91.61, 1.22, -16.1]
[-13.72, -74.35, 1.93, 5.05, -0.0, -97.91, 3.06, 20.48, -0.02, -102.64, 8.17, -9.93, -0.02, -91.42, 1.2, -16.44]
[-14.9, -73.02, 2.08, 5.14, -0.03, -97.89, 3.06, 21.0, -0.02, -102.73, 8.36, -10.29, -0.02, -91.25, 1.19, -16.78]
[-16.08, -71.68, 2.24, 5.23, -0.02, -97.88, 3.05, 21.52, -0.02, -102.81, 8.55, -10.66, -0.01, -91.08, 1.17, -17.11]
[-17.27, -70.31, 2.42, 5.32, -0.03, -97.87, 3.05, 22.04, -0.03, -102.89, 8.75, -11.03, -0.01, -90.9, 1.16, -17.44]
[-18.48, -68.92, 2.61, 5.4, -0.01, -97.87, 3.04, 22.55, -0.0, -102.99, 8.94, -11.41, -0.02, -90.72, 1.15, -17.77]
[-19.69, -67.5, 2.81, 5.49, -0.01, -97.87, 3.04, 23.07, -0.02, -103.05, 9.14, -11.81, -0.0, -90.55, 1.13, -18.1]
[-20.92, -66.05, 3.03, 5.58, -0.01, -97.85, 3.03, 23.59, -0.0, -103.14, 9.34, -12.21, -0.02, -90.35, 1.12, -18.42]
[-22.16, -64.57, 3.27, 5.66, -0.02, -97.82, 3.02, 24.11, -0.03, -103.19, 9.54, -12.62, -0.01, -90.18, 1.12, -18.74]
[-21.89, -65.44, 2.67, 5.41, -0.02, -97.82, 3.02, 24.11, -0.03, -103.19, 9.54, -12.62, -0.01, -90.18, 1.12, -18.74]
[-21.64, -66.29, 2.07, 5.16, -0.02, -97.82, 3.02, 24.11, -0.03, -103.19, 9.54, -12.62, -0.01, -90.18, 1.12, -18.74]
[-21.4, -67.12, 1.48, 4.91, -0.02, -97.82, 3.02, 24.11, -0.03, -103.19, 9.54, -12.62, -0.01, -90.18, 1.12, -18.74]
[-21.18, -67.92, 0.9, 4.66, -0.02, -97.82, 3.02, 24.11, -0.03, -103.19, 9.54, -12.62, -0.01, -90.18, 1.12, -18.74]
[-20.98, -68.71, 0.31, 4.41, -0.02, -97.82, 3.02, 24.11, -0.03, -103.19, 9.54, -12.62, -0.01, -90.18, 1.12, -18.74]
[-20.79, -69.48, -0.27, 4.16, -0.02, -97.82, 3.02, 24.11, -0.03, -103.19, 9.54, -12.62, -0.01, -90.18, 1.12, -18.74]
[-20.62, -70.22, -0.84, 3.91, -0.02, -97.82, 3.02, 24.11, -0.03, -103.19, 9.54, -12.62, -0.01, -90.18, 1.12, -18.74]
[-20.47, -70.95, -1.42, 3.65, -0.02, -97.82, 3.02, 24.11, -0.03, -103.19, 9.54, -12.62, -0.01, -90.18, 1.12, -18.74]
[-20.33, -71.66, -1.99, 3.4, -0.02, -97.82, 3.02, 24.11, -0.03, -103.19, 9.54, -12.62, -0.01, -90.18, 1.12, -18.74]
[-20.21, -72.35, -2.55, 3.15, -0.02, -97.82, 3.02, 24.11, -0.03, -103.19, 9.54, -12.62, -0.01, -90.18, 1.12, -18.74]
[-20.1, -73.02, -3.12, 2.89, -0.02, -97.82, 3.02, 24.11, -0.03, -103.19, 9.54, -12.62, -0.01, -90.18, 1.12, -18.74]
[-20.01, -73.68, -3.68, 2.64, -0.02, -97.82, 3.02, 24.11, -0.03, -103.19, 9.54, -12.62, -0.01, -90.18, 1.12, -18.74]
[-19.93, -74.32, -4.24, 2.38, -0.02, -97.82, 3.02, 24.11, -0.03, -103.19, 9.54, -12.62, -0.01, -90.18, 1.12, -18.74]
[-19.87, -74.94, -4.8, 2.13, -0.02, -97.82, 3.02, 24.11, -0.03, -103.19, 9.54, -12.62, -0.01, -90.18, 1.12, -18.74]
[-19.82, -75.54, -5.36, 1.87, -0.02, -97.82, 3.02, 24.11, -0.03, -103.19, 9.54, -12.62, -0.01, -90.18, 1.12, -18.74]
[-19.79, -76.13, -5.91, 1.62, -0.02, -97.82, 3.02, 24.11, -0.03, -103.19, 9.54, -12.62, -0.01, -90.18, 1.12, -18.74]
[-19.77, -76.7, -6.46, 1.36, -0.02, -97.82, 3.02, 24.11, -0.03, -103.19, 9.54, -12.62, -0.01, -90.18, 1.12, -18.74]
[-19.76, -77.25, -7.01, 1.1, -0.02, -97.82, 3.02, 24.11, -0.03, -103.19, 9.54, -12.62, -0.01, -90.18, 1.12, -18.74]
[-19.77, -77.79, -7.56, 0.85, -0.02, -97.82, 3.02, 24.11, -0.03, -103.19, 9.54, -12.62, -0.01, -90.18, 1.12, -18.74]
[-19.8, -78.31, -8.11, 0.59, -0.02, -97.82, 3.02, 24.11, -0.03, -103.19, 9.54, -12.62, -0.01, -90.18, 1.12, -18.74]
[-19.84, -78.82, -8.65, 0.33, -0.02, -97.82, 3.02, 24.11, -0.03, -103.19, 9.54, -12.62, -0.01, -90.18, 1.12, -18.74]
[-19.89, -79.31, -9.2, 0.07, -0.02, -97.82, 3.02, 24.11, -0.03, -103.19, 9.54, -12.62, -0.01, -90.18, 1.12, -18.74]
[-19.96, -79.78, -9.74, -0.18, -0.02, -97.82, 3.02, 24.11, -0.03, -103.19, 9.54, -12.62, -0.01, -90.18, 1.12, -18.74]
[-20.04, -80.24, -10.28, -0.44, -0.02, -97.82, 3.02, 24.11, -0.03, -103.19, 9.54, -12.62, -0.01, -90.18, 1.12, -18.74]
[-20.13, -80.68, -10.82, -0.7, -0.02, -97.82, 3.02, 24.11, -0.03, -103.19, 9.54, -12.62, -0.01, -90.18, 1.12, -18.74]
[-20.24, -81.11, -11.35, -0.96, -0.02, -97.82, 3.02, 24.11, -0.03, -103.19, 9.54, -12.62, -0.01, -90.18, 1.12, -18.74]
[-20.36, -81.52, -11.89, -1.22, -0.02, -97.82, 3.02, 24.11, -0.03, -103.19, 9.54, -12.62, -0.01, -90.18, 1.12, -18.74]
[-20.5, -81.92, -12.42, -1.48, -0.02, -97.82, 3.02, 24.11, -0.03, -103.19, 9.54, -12.62, -0.01, -90.18, 1.12, -18.74]
[-20.65, -82.3, -12.95, -1.74, -0.02, -97.82, 3.02, 24.11, -0.03, -103.19, 9.54, -12.62, -0.01, -90.18, 1.12, -18.74]
[-20.81, -82.67, -13.48, -2.0, -0.02, -97.82, 3.02, 24.11, -0.03, -103.19, 9.54, -12.62, -0.01, -90.18, 1.12, -18.74]
[-20.99, -83.02, -14.01, -2.26, -0.02, -97.82, 3.02, 24.11, -0.03, -103.19, 9.54, -12.62, -0.01, -90.18, 1.12, -18.74]
[-21.18, -83.36, -14.54, -2.52, -0.02, -97.82, 3.02, 24.11, -0.03, -103.19, 9.54, -12.62, -0.01, -90.18, 1.12, -18.74]
[-21.38, -83.68, -15.06, -2.78, -0.02, -97.82, 3.02, 24.11, -0.03, -103.19, 9.54, -12.62, -0.01, -90.18, 1.12, -18.74]
[-21.6, -83.99, -15.59, -3.04, -0.02, -97.82, 3.02, 24.11, -0.03, -103.19, 9.54, -12.62, -0.01, -90.18, 1.12, -18.74]
[-21.83, -84.28, -16.11, -3.3, -0.02, -97.82, 3.02, 24.11, -0.03, -103.19, 9.54, -12.62, -0.01, -90.18, 1.12, -18.74]
[-22.07, -84.56, -16.63, -3.57, -0.02, -97.82, 3.02, 24.11, -0.03, -103.19, 9.54, -12.62, -0.01, -90.18, 1.12, -18.74]
[-22.32, -84.83, -17.15, -3.83, -0.02, -97.82, 3.02, 24.11, -0.03, -103.19, 9.54, -12.62, -0.01, -90.18, 1.12, -18.74]
[-22.59, -85.07, -17.66, -4.09, -0.02, -97.82, 3.02, 24.11, -0.03, -103.19, 9.54, -12.62, -0.01, -90.18, 1.12, -18.74]
[-22.87, -85.31, -18.18, -4.35, -0.02, -97.82, 3.02, 24.11, -0.03, -103.19, 9.54, -12.62, -0.01, -90.18, 1.12, -18.74]
[-23.17, -85.53, -18.69, -4.61, -0.02, -97.82, 3.02, 24.11, -0.03, -103.19, 9.54, -12.62, -0.01, -90.18, 1.12, -18.74]
[-23.47, -85.73, -19.2, -4.88, -0.02, -97.82, 3.02, 24.11, -0.03, -103.19, 9.54, -12.62, -0.01, -90.18, 1.12, -18.74]
[-23.79, -85.92, -19.71, -5.14, -0.02, -97.82, 3.02, 24.11, -0.03, -103.19, 9.54, -12.62, -0.01, -90.18, 1.12, -18.74]
[-24.12, -86.1, -20.22, -5.4, -0.02, -97.82, 3.02, 24.11, -0.03, -103.19, 9.54, -12.62, -0.01, -90.18, 1.12, -18.74]
[-24.47, -86.26, -20.72, -5.66, -0.02, -97.82, 3.02, 24.11, -0.03, -103.19, 9.54, -12.62, -0.01, -90.18, 1.12, -18.74]
[-24.82, -86.4, -21.23, -5.93, -0.02, -97.82, 3.02, 24.11, -0.03, -103.19, 9.54, -12.62, -0.01, -90.18, 1.12, -18.74]
[-25.19, -86.53, -21.73, -6.19, -0.02, -97.82, 3.02, 24.11, -0.03, -103.19, 9.54, -12.62, -0.01, -90.18, 1.12, -18.74]
[-25.57, -86.65, -22.22, -6.45, -0.02, -97.82, 3.02, 24.11, -0.03, -103.19, 9.54, -12.62, -0.01, -90.18, 1.12, -18.74]
[-25.97, -86.75, -22.72, -6.71, -0.02, -97.82, 3.02, 24.11, -0.03, -103.19, 9.54, -12.62, -0.01, -90.18, 1.12, -18.74]
[-26.37, -86.84, -23.21, -6.98, -0.02, -97.82, 3.02, 24.11, -0.03, -103.19, 9.54, -12.62, -0.01, -90.18, 1.12, -18.74]
[-26.79, -86.91, -23.7, -7.24, -0.02, -97.82, 3.02, 24.11, -0.03, -103.19, 9.54, -12.62, -0.01, -90.18, 1.12, -18.74]
[-27.22, -86.97, -24.19, -7.5, -0.02, -97.82, 3.02, 24.11, -0.03, -103.19, 9.54, -12.62, -0.01, -90.18, 1.12, -18.74]
[-27.66, -87.01, -24.67, -7.76, -0.02, -97.82, 3.02, 24.11, -0.03, -103.19, 9.54, -12.62, -0.01, -90.18, 1.12, -18.74]
[-28.11, -87.04, -25.15, -8.03, -0.02, -97.82, 3.02, 24.11, -0.03, -103.19, 9.54, -12.62, -0.01, -90.18, 1.12, -18.74]
[-28.58, -87.06, -25.63, -8.29, -0.02, -97.82, 3.02, 24.11, -0.03, -103.19, 9.54, -12.62, -0.01, -90.18, 1.12, -18.74]
[-29.05, -87.06, -26.11, -8.55, -0.02, -97.82, 3.02, 24.11, -0.03, -103.19, 9.54, -12.62, -0.01, -90.18, 1.12, -18.74]
[-29.54, -87.04, -26.58, -8.82, -0.02, -97.82, 3.02, 24.11, -0.03, -103.19, 9.54, -12.62, -0.01, -90.18, 1.12, -18.74]
[-30.04, -87.01, -27.05, -9.08, -0.02, -97.82, 3.02, 24.11, -0.03, -103.19, 9.54, -12.62, -0.01, -90.18, 1.12, -18.74]
[-30.55, -86.97, -27.52, -9.34, -0.02, -97.82, 3.02, 24.11, -0.03, -103.19, 9.54, -12.62, -0.01, -90.18, 1.12, -18.74]
[-31.07, -86.91, -27.98, -9.6, -0.02, -97.82, 3.02, 24.11, -0.03, -103.19, 9.54, -12.62, -0.01, -90.18, 1.12, -18.74]
[-31.6, -86.84, -28.43, -9.87, -0.02, -97.82, 3.02, 24.11, -0.03, -103.19, 9.54, -12.62, -0.01, -90.18, 1.12, -18.74]
[-31.59, -86.85, -28.44, -9.87, -0.02, -97.83, 3.02, 24.1, -0.01, -103.21, 9.54, -12.61, -0.03, -90.16, 1.12, -18.74]
[-31.08, -86.89, -27.97, -9.87, -0.02, -97.83, 3.02, 24.1, -0.01, -103.21, 9.54, -12.61, -0.03, -90.16, 1.12, -18.74]
[-30.59, -86.92, -27.5, -9.87, -0.02, -97.83, 3.02, 24.1, -0.01, -103.21, 9.54, -12.61, -0.03, -90.16, 1.12, -18.74]
[-30.1, -86.93, -27.03, -9.87, -0.02, -97.83, 3.02, 24.1, -0.01, -103.21, 9.54, -12.61, -0.03, -90.16, 1.12, -18.74]
[-29.62, -86.94, -26.56, -9.87, -0.02, -97.83, 3.02, 24.1, -0.01, -103.21, 9.54, -12.61, -0.03, -90.16, 1.12, -18.74]
[-29.15, -86.93, -26.08, -9.87, -0.02, -97.83, 3.02, 24.1, -0.01, -103.21, 9.54, -12.61, -0.03, -90.16, 1.12, -18.74]
[-28.69, -86.92, -25.6, -9.87, -0.02, -97.83, 3.02, 24.1, -0.01, -103.21, 9.54, -12.61, -0.03, -90.16, 1.12, -18.74]
[-28.23, -86.89, -25.12, -9.87, -0.02, -97.83, 3.02, 24.1, -0.01, -103.21, 9.54, -12.61, -0.03, -90.16, 1.12, -18.74]
[-27.79, -86.85, -24.64, -9.87, -0.02, -97.83, 3.02, 24.1, -0.01, -103.21, 9.54, -12.61, -0.03, -90.16, 1.12, -18.74]
[-27.35, -86.81, -24.16, -9.87, -0.02, -97.83, 3.02, 24.1, -0.01, -103.21, 9.54, -12.61, -0.03, -90.16, 1.12, -18.74]
[-26.92, -86.75, -23.67, -9.87, -0.02, -97.83, 3.02, 24.1, -0.01, -103.21, 9.54, -12.61, -0.03, -90.16, 1.12, -18.74]
[-26.49, -86.69, -23.18, -9.87, -0.02, -97.83, 3.02, 24.1, -0.01, -103.21, 9.54, -12.61, -0.03, -90.16, 1.12, -18.74]
[-26.08, -86.61, -22.69, -9.87, -0.02, -97.83, 3.02, 24.1, -0.01, -103.21, 9.54, -12.61, -0.03, -90.16, 1.12, -18.74]
[-25.67, -86.53, -22.2, -9.87, -0.02, -97.83, 3.02, 24.1, -0.01, -103.21, 9.54, -12.61, -0.03, -90.16, 1.12, -18.74]
[-25.28, -86.43, -21.71, -9.87, -0.02, -97.83, 3.02, 24.1, -0.01, -103.21, 9.54, -12.61, -0.03, -90.16, 1.12, -18.74]
[-24.89, -86.32, -21.21, -9.87, -0.02, -97.83, 3.02, 24.1, -0.01, -103.21, 9.54, -12.61, -0.03, -90.16, 1.12, -18.74]
[-24.51, -86.21, -20.71, -9.87, -0.02, -97.83, 3.02, 24.1, -0.01, -103.21, 9.54, -12.61, -0.03, -90.16, 1.12, -18.74]
[-24.14, -86.08, -20.22, -9.87, -0.02, -97.83, 3.02, 24.1, -0.01, -103.21, 9.54, -12.61, -0.03, -90.16, 1.12, -18.74]
[-23.77, -85.94, -19.72, -9.87, -0.02, -97.83, 3.02, 24.1, -0.01, -103.21, 9.54, -12.61, -0.03, -90.16, 1.12, -18.74]
[-23.42, -85.8, -19.21, -9.87, -0.02, -97.83, 3.02, 24.1, -0.01, -103.21, 9.54, -12.61, -0.03, -90.16, 1.12, -18.74]
[-23.07, -85.64, -18.71, -9.87, -0.02, -97.83, 3.02, 24.1, -0.01, -103.21, 9.54, -12.61, -0.03, -90.16, 1.12, -18.74]
[-22.74, -85.47, -18.21, -9.87, -0.02, -97.83, 3.02, 24.1, -0.01, -103.21, 9.54, -12.61, -0.03, -90.16, 1.12, -18.74]
[-22.41, -85.3, -17.7, -9.87, -0.02, -97.83, 3.02, 24.1, -0.01, -103.21, 9.54, -12.61, -0.03, -90.16, 1.12, -18.74]
[-22.09, -85.11, -17.19, -9.87, -0.02, -97.83, 3.02, 24.1, -0.01, -103.21, 9.54, -12.61, -0.03, -90.16, 1.12, -18.74]
[-21.78, -84.91, -16.69, -9.87, -0.02, -97.83, 3.02, 24.1, -0.01, -103.21, 9.54, -12.61, -0.03, -90.16, 1.12, -18.74]
[-21.48, -84.7, -16.18, -9.87, -0.02, -97.83, 3.02, 24.1, -0.01, -103.21, 9.54, -12.61, -0.03, -90.16, 1.12, -18.74]
[-21.18, -84.48, -15.67, -9.87, -0.02, -97.83, 3.02, 24.1, -0.01, -103.21, 9.54, -12.61, -0.03, -90.16, 1.12, -18.74]
[-20.9, -84.26, -15.16, -9.87, -0.02, -97.83, 3.02, 24.1, -0.01, -103.21, 9.54, -12.61, -0.03, -90.16, 1.12, -18.74]
[-20.63, -84.02, -14.64, -9.87, -0.02, -97.83, 3.02, 24.1, -0.01, -103.21, 9.54, -12.61, -0.03, -90.16, 1.12, -18.74]
[-20.36, -83.77, -14.13, -9.87, -0.02, -97.83, 3.02, 24.1, -0.01, -103.21, 9.54, -12.61, -0.03, -90.16, 1.12, -18.74]
[-20.11, -83.51, -13.61, -9.87, -0.02, -97.83, 3.02, 24.1, -0.01, -103.21, 9.54, -12.61, -0.03, -90.16, 1.12, -18.74]
[-19.86, -83.24, -13.1, -9.87, -0.02, -97.83, 3.02, 24.1, -0.01, -103.21, 9.54, -12.61, -0.03, -90.16, 1.12, -18.74]
[-19.62, -82.96, -12.58, -9.87, -0.02, -97.83, 3.02, 24.1, -0.01, -103.21, 9.54, -12.61, -0.03, -90.16, 1.12, -18.74]
[-19.39, -82.67, -12.06, -9.87, -0.02, -97.83, 3.02, 24.1, -0.01, -103.21, 9.54, -12.61, -0.03, -90.16, 1.12, -18.74]
[-19.17, -82.37, -11.54, -9.87, -0.02, -97.83, 3.02, 24.1, -0.01, -103.21, 9.54, -12.61, -0.03, -90.16, 1.12, -18.74]
[-18.96, -82.06, -11.02, -9.87, -0.02, -97.83, 3.02, 24.1, -0.01, -103.21, 9.54, -12.61, -0.03, -90.16, 1.12, -18.74]
[-18.76, -81.74, -10.5, -9.87, -0.02, -97.83, 3.02, 24.1, -0.01, -103.21, 9.54, -12.61, -0.03, -90.16, 1.12, -18.74]
[-18.57, -81.4, -9.98, -9.87, -0.02, -97.83, 3.02, 24.1, -0.01, -103.21, 9.54, -12.61, -0.03, -90.16, 1.12, -18.74]
[-18.39, -81.06, -9.45, -9.87, -0.02, -97.83, 3.02, 24.1, -0.01, -103.21, 9.54, -12.61, -0.03, -90.16, 1.12, -18.74]
[-18.22, -80.71, -8.93, -9.87, -0.02, -97.83, 3.02, 24.1, -0.01, -103.21, 9.54, -12.61, -0.03, -90.16, 1.12, -18.74]
[-18.06, -80.34, -8.4, -9.87, -0.02, -97.83, 3.02, 24.1, -0.01, -103.21, 9.54, -12.61, -0.03, -90.16, 1.12, -18.74]
[-17.91, -79.97, -7.88, -9.87, -0.02, -97.83, 3.02, 24.1, -0.01, -103.21, 9.54, -12.61, -0.03, -90.16, 1.12, -18.74]
[-17.76, -79.59, -7.35, -9.87, -0.02, -97.83, 3.02, 24.1, -0.01, -103.21, 9.54, -12.61, -0.03, -90.16, 1.12, -18.74]
[-17.63, -79.19, -6.82, -9.87, -0.02, -97.83, 3.02, 24.1, -0.01, -103.21, 9.54, -12.61, -0.03, -90.16, 1.12, -18.74]
[-17.51, -78.78, -6.29, -9.87, -0.02, -97.83, 3.02, 24.1, -0.01, -103.21, 9.54, -12.61, -0.03, -90.16, 1.12, -18.74]
[-17.39, -78.37, -5.76, -9.87, -0.02, -97.83, 3.02, 24.1, -0.01, -103.21, 9.54, -12.61, -0.03, -90.16, 1.12, -18.74]
[-17.29, -77.94, -5.23, -9.87, -0.02, -97.83, 3.02, 24.1, -0.01, -103.21, 9.54, -12.61, -0.03, -90.16, 1.12, -18.74]
[-17.2, -77.5, -4.69, -9.87, -0.02, -97.83, 3.02, 24.1, -0.01, -103.21, 9.54, -12.61, -0.03, -90.16, 1.12, -18.74]
[-17.11, -77.05, -4.16, -9.87, -0.02, -97.83, 3.02, 24.1, -0.01, -103.21, 9.54, -12.61, -0.03, -90.16, 1.12, -18.74]
[-17.04, -76.58, -3.62, -9.87, -0.02, -97.83, 3.02, 24.1, -0.01, -103.21, 9.54, -12.61, -0.03, -90.16, 1.12, -18.74]
[-16.97, -76.11, -3.09, -9.87, -0.02, -97.83, 3.02, 24.1, -0.01, -103.21, 9.54, -12.61, -0.03, -90.16, 1.12, -18.74]
[-16.92, -75.63, -2.55, -9.87, -0.02, -97.83, 3.02, 24.1, -0.01, -103.21, 9.54, -12.61, -0.03, -90.16, 1.12, -18.74]
[-16.88, -75.13, -2.01, -9.87, -0.02, -97.83, 3.02, 24.1, -0.01, -103.21, 9.54, -12.61, -0.03, -90.16, 1.12, -18.74]
[-16.84, -74.62, -1.47, -9.87, -0.02, -97.83, 3.02, 24.1, -0.01, -103.21, 9.54, -12.61, -0.03, -90.16, 1.12, -18.74]
[-16.82, -74.1, -0.92, -9.87, -0.02, -97.83, 3.02, 24.1, -0.01, -103.21, 9.54, -12.61, -0.03, -90.16, 1.12, -18.74]
[-16.81, -73.57, -0.38, -9.87, -0.02, -97.83, 3.02, 24.1, -0.01, -103.21, 9.54, -12.61, -0.03, -90.16, 1.12, -18.74]
[-16.81, -73.03, 0.17, -9.87, -0.02, -97.83, 3.02, 24.1, -0.01, -103.21, 9.54, -12.61, -0.03, -90.16, 1.12, -18.74]
[-16.81, -72.47, 0.71, -9.87, -0.02, -97.83, 3.02, 24.1, -0.01, -103.21, 9.54, -12.61, -0.03, -90.16, 1.12, -18.74]
[-16.83, -71.91, 1.26, -9.87, -0.02, -97.83, 3.02, 24.1, -0.01, -103.21, 9.54, -12.61, -0.03, -90.16, 1.12, -18.74]
[-16.86, -71.33, 1.81, -9.87, -0.02, -97.83, 3.02, 24.1, -0.01, -103.21, 9.54, -12.61, -0.03, -90.16, 1.12, -18.74]
[-16.9, -70.73, 2.36, -9.87, -0.02, -97.83, 3.02, 24.1, -0.01, -103.21, 9.54, -12.61, -0.03, -90.16, 1.12, -18.74]
[-15.44, -72.41, 2.15, -9.97, -0.02, -97.92, 3.07, 23.5, -0.01, -103.11, 9.26, -12.36, -0.03, -90.3, 1.12, -18.27]
[-13.99, -74.05, 1.96, -10.06, -0.03, -98.0, 3.12, 22.91, -0.01, -103.0, 8.99, -12.12, -0.0, -90.45, 1.13, -17.8]
[-12.55, -75.66, 1.79, -10.16, -0.02, -98.09, 3.17, 22.31, -0.02, -102.88, 8.72, -11.89, -0.02, -90.57, 1.14, -17.33]
[-11.12, -77.24, 1.64, -10.27, -0.02, -98.17, 3.22, 21.7, -0.02, -102.76, 8.45, -11.66, -0.01, -90.7, 1.14, -16.86]
[-9.7, -78.79, 1.51, -10.37, -0.0, -98.26, 3.27, 21.09, -0.03, -102.64, 8.19, -11.44, -0.02, -90.82, 1.15, -16.38]
[-8.29, -80.31, 1.4, -10.47, -0.0, -98.34, 3.31, 20.47, -0.0, -102.53, 7.93, -11.23, -0.03, -90.92, 1.16, -15.9]
[-6.89, -81.81, 1.3, -10.58, -0.01, -98.4, 3.36, 19.85, -0.01, -102.39, 7.68, -11.02, -0.02, -91.04, 1.17, -15.42]
[-5.49, -83.29, 1.22, -10.69, -0.0, -98.48, 3.4, 19.23, -0.03, -102.25, 7.43, -10.82, -0.02, -91.15, 1.18, -14.94]
[-4.1, -84.74, 1.16, -10.8, -0.0, -98.55, 3.44, 18.6, -0.0, -102.13, 7.19, -10.63, -0.0, -91.28, 1.19, -14.45]
[-2.71, -86.17, 1.12, -10.91, -0.02, -98.6, 3.48, 17.97, -0.02, -101.97, 6.95, -10.44, -0.03, -91.37, 1.2, -13.96]
[-1.32, -87.58, 1.1, -11.03, -0.02, -98.66, 3.52, 17.34, -0.0, -101.84, 6.71, -10.25, -0.03, -91.47, 1.21, -13.47]
[-0.01, -88.92, 1.09, -11.14, -0.0, -98.73, 3.56, 16.7, -0.02, -101.67, 6.48, -10.07, -0.0, -91.59, 1.22, -12.97]
[-0.02, -89.29, 1.09, -11.26, -0.0, -98.8, 3.6, 16.06, -0.0, -101.52, 6.26, -9.9, -0.02, -91.66, 1.23, -12.47]
[-0.03, -89.65, 1.1, -11.38, -0.01, -98.84, 3.64, 15.41, -0.02, -101.35, 6.04, -9.73, -0.02, -91.76, 1.24, -11.97]
[-0.0, -90.04, 1.11, -11.5, -0.0, -98.9, 3.67, 14.76, -0.0, -101.19, 5.82, -9.56, -0.03, -91.84, 1.25, -11.47]
[-0.02, -90.39, 1.13, -11.62, -0.01, -98.95, 3.7, 14.11, -0.02, -101.0, 5.61, -9.4, -0.02, -91.93, 1.25, -10.97]
[-0.03, -90.73, 1.15, -11.75, -0.02, -98.98, 3.73, 13.45, -0.0, -100.84, 5.4, -9.24, -0.01, -92.01, 1.26, -10.46]
[-0.01, -91.1, 1.18, -11.88, -0.02, -99.02, 3.76, 12.79, -0.02, -100.64, 5.2, -9.09, -0.02, -92.09, 1.27, -9.95]
[-0.02, -91.44, 1.21, -12.01, -0.0, -99.08, 3.79, 12.13, -0.01, -100.46, 5.0, -8.94, -0.01, -92.17, 1.28, -9.44]
[-0.0, -91.79, 1.24, -12.14, -0.03, -99.09, 3.82, 11.47, -0.03, -100.25, 4.81, -8.79, -0.01, -92.24, 1.29, -8.93]
[-0.02, -92.12, 1.28, -12.27, -0.01, -99.14, 3.84, 10.8, -0.01, -100.07, 4.62, -8.65, -0.02, -92.3, 1.3, -8.41]
[-0.0, -92.46, 1.33, -12.41, -0.0, -99.18, 3.86, 10.13, -0.0, -99.87, 4.44, -8.51, -0.0, -92.38, 1.31, -7.9]
[-0.02, -92.78, 1.37, -12.55, -0.01, -99.2, 3.88, 9.46, -0.02, -99.65, 4.26, -8.38, -0.0, -92.44, 1.32, -7.38]
[-0.0, -93.11, 1.43, -12.69, -0.0, -99.23, 3.9, 8.79, -0.01, -99.45, 4.09, -8.24, -0.01, -92.49, 1.33, -6.86]
[-0.02, -93.42, 1.49, -12.84, -0.01, -99.25, 3.92, 8.12, -0.03, -99.21, 3.92, -8.11, -0.0, -92.56, 1.34, -6.34]
[-0.0, -93.74, 1.55, -12.98, -0.03, -99.26, 3.93, 7.44, -0.02, -99.0, 3.76, -7.99, -0.0, -92.61, 1.34, -5.82]
[-0.02, -94.03, 1.62, -13.13, -0.03, -99.27, 3.95, 6.77, -0.0, -98.79, 3.6, -7.86, -0.01, -92.65, 1.35, -5.29]
[-0.0, -94.35, 1.69, -13.29, -0.01, -99.3, 3.96, 6.09, -0.02, -98.54, 3.45, -7.74, -0.0, -92.7, 1.36, -4.76]
[-0.02, -94.63, 1.77, -13.44, -0.01, -99.31, 3.97, 5.41, -0.01, -98.31, 3.3, -7.62, -0.01, -92.74, 1.36, -4.24]
[-0.01, -94.94, 1.85, -13.6, -0.02, -99.31, 3.97, 4.73, -0.03, -98.06, 3.15, -7.51, -0.02, -92.77, 1.37, -3.71]
[-0.03, -95.21, 1.93, -13.76, -0.02, -99.32, 3.98, 4.05, -0.01, -97.82, 3.01, -7.4, -0.01, -92.81, 1.38, -3.18]
[-0.01, -95.5, 2.02, -13.93, -0.0, -99.34, 3.98, 3.37, -0.0, -97.58, 2.88, -7.29, -0.02, -92.84, 1.38, -2.65]
[-0.0, -95.79, 2.12, -14.09, -0.0, -99.35, 3.98, 2.69, -0.02, -97.31, 2.75, -7.18, -0.0, -92.88, 1.39, -2.12]
[-0.02, -96.05, 2.22, -14.27, -0.01, -99.34, 3.98, 2.01, -0.01, -97.06, 2.62, -7.07, -0.0, -92.92, 1.39, -1.59]
[-0.01, -96.33, 2.32, -14.44, -0.0, -99.34, 3.98, 1.33, -0.03, -96.78, 2.5, -6.97, -0.01, -92.93, 1.4, -1.05]
[-0.0, -96.6, 2.43, -14.62, -0.01, -99.33, 3.97, 0.65, -0.01, -96.52, 2.39, -6.87, -0.0, -92.97, 1.4, -0.52]
[-0.03, -96.85, 2.54, -14.8, -0.0, -99.33, 3.97, -0.03, -0.03, -96.23, 2.28, -6.77, -0.0, -92.98, 1.4, 0.02]
[-0.02, -97.11, 2.66, -14.99, -0.01, -99.31, 3.96, -0.71, -0.01, -95.97, 2.17, -6.67, -0.01, -92.99, 1.4, 0.55]
[-0.01, -97.37, 2.78, -15.18, -0.03, -99.28, 3.94, -1.39, -0.0, -95.69, 2.07, -6.57, -0.0, -93.01, 1.41, 1.09]
[-0.0, -97.62, 2.91, -15.37, -0.0, -99.28, 3.93, -2.06, -0.02, -95.39, 1.98, -6.48, -0.0, -93.02, 1.41, 1.62]
[-0.03, -97.84, 3.04, -15.57, -0.02, -99.25, 3.92, -2.74, -0.0, -95.11, 1.88, -6.39, -0.02, -93.01, 1.41, 2.16]
[-0.02, -98.08, 3.17, -15.77, -0.02, -99.23, 3.9, -3.41, -0.02, -94.8, 1.8, -6.3, -0.01, -93.02, 1.41, 2.69]
[-0.02, -98.32, 3.31, -15.97, -0.0, -99.22, 3.88, -4.09, -0.01, -94.5, 1.72, -6.21, -0.01, -93.02, 1.41, 3.23]
[-0.01, -98.55, 3.46, -16.18, -0.0, -99.19, 3.86, -4.76, -0.02, -94.18, 1.64, -6.12, -0.03, -93.0, 1.41, 3.76]
[-0.01, -98.78, 3.6, -16.4, -0.02, -99.15, 3.84, -5.42, -0.01, -93.88, 1.57, -6.04, -0.02, -93.0, 1.41, 4.3]
[-0.01, -99.0, 3.76, -16.62, -0.01, -99.12, 3.81, -6.09, -0.02, -93.55, 1.5, -5.95, -0.0, -93.01, 1.4, 4.84]
[-0.01, -99.21, 3.91, -16.84, -0.02, -99.08, 3.78, -6.75, -0.0, -93.24, 1.44, -5.87, -0.03, -92.98, 1.4, 5.37]
[-0.01, -99.42, 4.07, -17.07, -0.01, -99.04, 3.76, -7.41, -0.02, -92.9, 1.38, -5.79, -0.02, -92.96, 1.4, 5.91]
[-0.01, -99.62, 4.24, -17.31, -0.02, -99.0, 3.73, -8.07, -0.0, -92.58, 1.33, -5.71, -0.0, -92.96, 1.4, 6.44]
[-0.01, -99.82, 4.41, -17.55, -0.0, -98.96, 3.69, -8.73, -0.02, -92.23, 1.29, -5.64, -0.03, -92.92, 1.39, 6.97]
[-0.02, -100.01, 4.58, -17.8, -0.0, -98.91, 3.66, -9.38, -0.0, -91.9, 1.24, -5.56, -0.03, -92.89, 1.39, 7.51]
[-0.02, -100.2, 4.76, -18.05, -0.02, -98.85, 3.63, -10.03, -0.02, -91.54, 1.21, -5.49, -0.01, -92.88, 1.38, 8.04]
[-0.03, -100.38, 4.94, -18.3, -0.02, -98.8, 3.59, -10.67, -0.0, -91.2, 1.17, -5.41, -0.0, -92.86, 1.38, 8.57]
[-0.0, -100.58, 5.13, -18.57, -0.03, -98.74, 3.55, -11.32, -0.02, -90.83, 1.15, -5.34, -0.01, -92.82, 1.37, 9.1]
[-0.02, -100.74, 5.32, -18.84, -0.02, -98.68, 3.51, -11.96, -0.0, -90.48, 1.12, -5.27, -0.03, -92.77, 1.37, 9.63]
[-0.03, -100.91, 5.51, -19.12, -0.03, -98.62, 3.47, -12.59, -0.02, -90.1, 1.1, -5.2, -0.02, -92.73, 1.36, 10.16]
[-0.01, -101.09, 5.71, -19.4, -0.02, -98.56, 3.43, -13.22, -0.0, -89.74, 1.09, -5.13, -0.02, -92.68, 1.35, 10.68]
[-0.03, -101.24, 5.91, -19.69, -0.02, -98.5, 3.39, -13.85, -0.02, -89.35, 1.08, -5.06, -0.01, -92.64, 1.35, 11.21]
[-0.01, -101.41, 6.12, -19.99, -0.0, -98.44, 3.34, -14.47, -0.0, -88.99, 1.08, -5.0, -0.0, -92.6, 1.34, 11.73]
[-0.0, -101.57, 6.33, -20.29, -0.0, -98.37, 3.3, -15.09, -1.16, -87.75, 1.09, -4.93, -0.01, -92.54, 1.33, 12.25]
[-0.03, -101.7, 6.54, -20.61, -0.01, -98.29, 3.25, -15.71, -2.57, -86.31, 1.11, -4.87, -0.0, -92.49, 1.32, 12.77]
[-0.02, -101.85, 6.76, -20.93, -0.0, -98.22, 3.2, -16.32, -3.99, -84.86, 1.15, -4.81, -0.0, -92.43, 1.31, 13.29]
[-0.02, -101.99, 6.98, -21.26, -0.0, -98.14, 3.16, -16.92, -5.41, -83.38, 1.21, -4.74, -0.01, -92.36, 1.3, 13.81]
[-0.02, -102.12, 7.2, -21.6, -0.02, -98.04, 3.11, -17.52, -6.84, -81.87, 1.29, -4.68, -0.0, -92.3, 1.3, 14.33]
[-0.03, -102.25, 7.43, -21.94, -0.01, -97.96, 3.06, -18.12, -8.27, -80.34, 1.39, -4.62, -0.0, -92.23, 1.29, 14.84]
[-0.0, -102.4, 7.66, -22.3, -0.02, -97.86, 3.01, -18.71, -9.7, -78.79, 1.5, -4.56, -0.01, -92.15, 1.28, 15.35]
[-0.02, -102.51, 7.9, -22.67, -0.0, -97.78, 2.95, -19.3, -11.15, -77.21, 1.64, -4.51, -0.0, -92.08, 1.27, 15.86]
[-0.03, -102.62, 8.14, -23.05, -0.0, -97.69, 2.9, -19.88, -12.6, -75.6, 1.79, -4.45, -0.0, -92.0, 1.26, 16.37]
[-0.01, -102.74, 8.38, -23.43, -0.01, -97.58, 2.85, -20.46, -14.07, -73.96, 1.96, -4.39, -0.01, -91.91, 1.25, 16.88]
[-0.0, -102.86, 8.62, -23.83, -0.0, -97.49, 2.8, -21.03, -15.55, -72.29, 2.16, -4.34, -0.0, -91.84, 1.24, 17.38]
[-0.0, -102.97, 8.87, -24.24, -0.0, -97.38, 2.74, -21.6, -17.04, -70.59, 2.37, -4.28, -0.0, -91.75, 1.23, 17.88]
[-0.0, -103.07, 9.12, -24.66, -0.01, -97.26, 2.69, -22.16, -18.54, -68.84, 2.61, -4.23, -0.01, -91.65, 1.22, 18.38]
[-0.01, -103.16, 9.38, -25.1, -0.0, -97.16, 2.63, -22.72, -20.07, -67.06, 2.87, -4.18, -0.0, -91.56, 1.21, 18.87]
[-0.01, -103.16, 9.38, -25.1, -0.0, -97.16, 2.63, -22.72, -19.97, -67.73, 2.31, -4.43, -0.0, -91.56, 1.21, 18.87]
[-0.01, -103.16, 9.38, -25.1, -0.0, -97.16, 2.63, -22.72, -19.88, -68.37, 1.74, -4.69, -0.0, -91.56, 1.21, 18.87]
[-0.01, -103.16, 9.38, -25.1, -0.0, -97.16, 2.63, -22.72, -19.81, -69.0, 1.19, -4.95, -0.0, -91.56, 1.21, 18.87]
[-0.01, -103.16, 9.38, -25.1, -0.0, -97.16, 2.63, -22.72, -19.75, -69.62, 0.63, -5.21, -0.0, -91.56, 1.21, 18.87]
[-0.01, -103.16, 9.38, -25.1, -0.0, -97.16, 2.63, -22.72, -19.71, -70.21, 0.08, -5.47, -0.0, -91.56, 1.21, 18.87]
[-0.01, -103.16, 9.38, -25.1, -0.0, -97.16, 2.63, -22.72, -19.68, -70.79, -0.47, -5.73, -0.0, -91.56, 1.21, 18.87]
[-0.01, -103.16, 9.38, -25.1, -0.0, -97.16, 2.63, -22.72, -19.67, -71.35, -1.02, -5.98, -0.0, -91.56, 1.21, 18.87]
[-0.01, -103.16, 9.38, -25.1, -0.0, -97.16, 2.63, -22.72, -19.67, -71.89, -1.57, -6.24, -0.0, -91.56, 1.21, 18.87]
[-0.01, -103.16, 9.38, -25.1, -0.0, -97.16, 2.63, -22.72, -19.69, -72.41, -2.11, -6.5, -0.0, -91.56, 1.21, 18.87]
[-0.01, -103.16, 9.38, -25.1, -0.0, -97.16, 2.63, -22.72, -19.72, -72.92, -2.65, -6.76, -0.0, -91.56, 1.21, 18.87]
[-0.01, -103.16, 9.38, -25.1, -0.0, -97.16, 2.63, -22.72, -19.77, -73.41, -3.19, -7.02, -0.0, -91.56, 1.21, 18.87]
[-0.01, -103.16, 9.38, -25.1, -0.0, -97.16, 2.63, -22.72, -19.83, -73.89, -3.72, -7.28, -0.0, -91.56, 1.21, 18.87]
[-0.01, -103.16, 9.38, -25.1, -0.0, -97.16, 2.63, -22.72, -19.91, -74.35, -4.26, -7.54, -0.0, -91.56, 1.21, 18.87]
[-0.01, -103.16, 9.38, -25.1, -0.0, -97.16, 2.63, -22.72, -20.0, -74.79, -4.79, -7.8, -0.0, -91.56, 1.21, 18.87]
[-0.01, -103.16, 9.38, -25.1, -0.0, -97.16, 2.63, -22.72, -20.1, -75.22, -5.32, -8.06, -0.0, -91.56, 1.21, 18.87]
[-0.01, -103.16, 9.38, -25.1, -0.0, -97.16, 2.63, -22.72, -20.22, -75.63, -5.85, -8.31, -0.0, -91.56, 1.21, 18.87]
[-0.01, -103.16, 9.38, -25.1, -0.0, -97.16, 2.63, -22.72, -20.35, -76.02, -6.37, -8.57, -0.0, -91.56, 1.21, 18.87]
[-0.01, -103.16, 9.38, -25.1, -0.0, -97.16, 2.63, -22.72, -20.49, -76.4, -6.89, -8.83, -0.0, -91.56, 1.21, 18.87]
[-0.01, -103.16, 9.38, -25.1, -0.0, -97.16, 2.63, -22.72, -20.65, -76.76, -7.42, -9.09, -0.0, -91.56, 1.21, 18.87]
[-0.01, -103.16, 9.38, -25.1, -0.0, -97.16, 2.63, -22.72, -20.82, -77.11, -7.93, -9.35, -0.0, -91.56, 1.21, 18.87]
[-0.01, -103.16, 9.38, -25.1, -0.0, -97.16, 2.63, -22.72, -21.0, -77.44, -8.45, -9.61, -0.0, -91.56, 1.21, 18.87]
[-0.01, -103.16, 9.38, -25.1, -0.0, -97.16, 2.63, -22.72, -21.2, -77.76, -8.97, -9.87, -0.0, -91.56, 1.21, 18.87]
[-0.01, -103.16, 9.38, -25.1, -0.0, -97.16, 2.63, -22.72, -21.41, -78.06, -9.48, -10.12, -0.0, -91.56, 1.21, 18.87]
[-0.01, -103.16, 9.38, -25.1, -0.0, -97.16, 2.63, -22.72, -21.64, -78.35, -9.99, -10.38, -0.0, -91.56, 1.21, 18.87]
[-0.01, -103.16, 9.38, -25.1, -0.0, -97.16, 2.63, -22.72, -21.87, -78.62, -10.5, -10.64, -0.0, -91.56, 1.21, 18.87]
[-0.01, -103.16, 9.38, -25.1, -0.0, -97.16, 2.63, -22.72, -22.12, -78.88, -11.0, -10.9, -0.0, -91.56, 1.21, 18.87]
[-0.01, -103.16, 9.38, -25.1, -0.0, -97.16, 2.63, -22.72, -22.39, -79.12, -11.51, -11.16, -0.0, -91.56, 1.21, 18.87]
[-0.01, -103.16, 9.38, -25.1, -0.0, -97.16, 2.63, -22.72, -22.66, -79.34, -12.01, -11.42, -0.0, -91.56, 1.21, 18.87]
[-0.01, -103.16, 9.38, -25.1, -0.0, -97.16, 2.63, -22.72, -22.95, -79.56, -12.51, -11.67, -0.0, -91.56, 1.21, 18.87]
[-0.01, -103.16, 9.38, -25.1, -0.0, -97.16, 2.63, -22.72, -23.25, -79.75, -13.01, -11.93, -0.0, -91.56, 1.21, 18.87]
[-0.01, -103.16, 9.38, -25.1, -0.0, -97.16, 2.63, -22.72, -23.57, -79.93, -13.5, -12.19, -0.0, -91.56, 1.21, 18.87]
[-0.01, -103.16, 9.38, -25.1, -0.0, -97.16, 2.63, -22.72, -23.89, -80.1, -13.99, -12.44, -0.0, -91.56, 1.21, 18.87]
[-0.01, -103.16, 9.38, -25.1, -0.0, -97.16, 2.63, -22.72, -24.23, -80.25, -14.48, -12.7, -0.0, -91.56, 1.21, 18.87]
[-0.01, -103.16, 9.38, -25.1, -0.0, -97.16, 2.63, -22.72, -24.58, -80.39, -14.97, -12.96, -0.0, -91.56, 1.21, 18.87]
[-0.01, -103.16, 9.38, -25.1, -0.0, -97.16, 2.63, -22.72, -24.95, -80.51, -15.46, -13.21, -0.0, -91.56, 1.21, 18.87]
[-0.01, -103.16, 9.38, -25.1, -0.0, -97.16, 2.63, -22.72, -25.32, -80.61, -15.94, -13.47, -0.0, -91.56, 1.21, 18.87]
[-0.01, -103.16, 9.38, -25.1, -0.0, -97.16, 2.63, -22.72, -25.71, -80.71, -16.42, -13.73, -0.0, -91.56, 1.21, 18.87]
[-0.01, -103.16, 9.38, -25.1, -0.0, -97.16, 2.63, -22.72, -26.11, -80.78, -16.89, -13.98, -0.0, -91.56, 1.21, 18.87]
[-0.01, -103.16, 9.38, -25.1, -0.0, -97.16, 2.63, -22.72, -26.52, -80.84, -17.37, -14.24, -0.0, -91.56, 1.21, 18.87]
[-0.01, -103.16, 9.38, -25.1, -0.0, -97.16, 2.63, -22.72, -26.94, -80.89, -17.84, -14.49, -0.0, -91.56, 1.21, 18.87]
[-0.01, -103.16, 9.38, -25.1, -0.0, -97.16, 2.63, -22.72, -27.37, -80.92, -18.3, -14.75, -0.0, -91.56, 1.21, 18.87]
[-0.01, -103.16, 9.38, -25.1, -0.0, -97.16, 2.63, -22.72, -27.82, -80.94, -18.77, -15.0, -0.0, -91.56, 1.21, 18.87]
[-0.01, -103.16, 9.38, -25.1, -0.0, -97.16, 2.63, -22.72, -28.28, -80.94, -19.23, -15.26, -0.0, -91.56, 1.21, 18.87]
[-0.01, -103.16, 9.38, -25.1, -0.0, -97.16, 2.63, -22.72, -28.75, -80.93, -19.68, -15.51, -0.0, -91.56, 1.21, 18.87]
[-0.01, -103.16, 9.38, -25.1, -0.0, -97.16, 2.63, -22.72, -29.23, -80.91, -20.14, -15.76, -0.0, -91.56, 1.21, 18.87]
[-0.01, -103.16, 9.38, -25.1, -0.0, -97.16, 2.63, -22.72, -29.72, -80.86, -20.58, -16.02, -0.0, -91.56, 1.21, 18.87]
[-0.01, -103.16, 9.38, -25.1, -0.0, -97.16, 2.63, -22.72, -30.22, -80.81, -21.03, -16.27, -0.0, -91.56, 1.21, 18.87]
[-0.01, -103.16, 9.38, -25.1, -0.0, -97.16, 2.63, -22.72, -30.73, -80.73, -21.47, -16.52, -0.0, -91.56, 1.21, 18.87]
[-0.01, -103.16, 9.38, -25.1, -0.0, -97.16, 2.63, -22.72, -31.26, -80.65, -21.91, -16.78, -0.0, -91.56, 1.21, 18.87]
[-0.01, -103.16, 9.38, -25.1, -0.0, -97.16, 2.63, -22.72, -31.79, -80.55, -22.34, -17.03, -0.0, -91.56, 1.21, 18.87]
[-0.01, -103.16, 9.38, -25.1, -0.0, -97.16, 2.63, -22.72, -32.34, -80.43, -22.77, -17.28, -0.0, -91.56, 1.21, 18.87]
[-0.01, -103.16, 9.38, -25.1, -0.0, -97.16, 2.63, -22.72, -32.9, -80.3, -23.2, -17.53, -0.0, -91.56, 1.21, 18.87]
[-0.01, -103.16, 9.38, -25.1, -0.0, -97.16, 2.63, -22.72, -33.46, -80.15, -23.62, -17.78, -0.0, -91.56, 1.21, 18.87]
[-0.01, -103.16, 9.38, -25.1, -0.0, -97.16, 2.63, -22.72, -34.04, -79.99, -24.04, -18.03, -0.0, -91.56, 1.21, 18.87]
[-0.01, -103.16, 9.38, -25.1, -0.0, -97.16, 2.63, -22.72, -34.63, -79.82, -24.45, -18.28, -0.0, -91.56, 1.21, 18.87]
[-0.01, -103.16, 9.38, -25.1, -0.0, -97.16, 2.63, -22.72, -35.23, -79.62, -24.85, -18.53, -0.0, -91.56, 1.21, 18.87]
[-0.01, -103.16, 9.38, -25.1, -0.0, -97.16, 2.63, -22.72, -35.83, -79.42, -25.25, -18.78, -0.0, -91.56, 1.21, 18.87]
[-0.01, -103.16, 9.38, -25.1, -0.0, -97.16, 2.63, -22.72, -36.45, -79.2, -25.65, -19.03, -0.0, -91.56, 1.21, 18.87]
[-0.01, -103.16, 9.38, -25.1, -0.0, -97.16, 2.63, -22.72, -37.08, -78.96, -26.04, -19.28, -0.0, -91.56, 1.21, 18.87]
[-0.01, -103.16, 9.38, -25.1, -0.0, -97.16, 2.63, -22.72, -37.72, -78.71, -26.43, -19.53, -0.0, -91.56, 1.21, 18.87]
[-0.0, -103.16, 9.37, -25.08, -0.01, -97.16, 2.64, -22.71, -37.69, -78.75, -26.44, -19.53, -0.0, -91.56, 1.21, 18.86]
[-0.0, -103.16, 9.37, -25.08, -0.01, -97.16, 2.64, -22.71, -37.21, -78.79, -26.0, -19.53, -0.0, -91.56, 1.21, 18.86]
[-0.0, -103.16, 9.37, -25.08, -0.01, -97.16, 2.64, -22.71, -36.74, -78.81, -25.55, -19.53, -0.0, -91.56, 1.21, 18.86]
[-0.0, -103.16, 9.37, -25.08, -0.01, -97.16, 2.64, -22.71, -36.28, -78.83, -25.11, -19.53, -0.0, -91.56, 1.21, 18.86]
[-0.0, -103.16, 9.37, -25.08, -0.01, -97.16, 2.64, -22.71, -35.82, -78.83, -24.66, -19.53, -0.0, -91.56, 1.21, 18.86]
[-0.0, -103.16, 9.37, -25.08, -0.01, -97.16, 2.64, -22.71, -35.37, -78.83, -24.21, -19.53, -0.0, -91.56, 1.21, 18.86]
[-0.0, -103.16, 9.37, -25.08, -0.01, -97.16, 2.64, -22.71, -34.93, -78.81, -23.75, -19.53, -0.0, -91.56, 1.21, 18.86]
[-0.0, -103.16, 9.37, -25.08, -0.01, -97.16, 2.64, -22.71, -34.5, -78.79, -23.29, -19.53, -0.0, -91.56, 1.21, 18.86]
[-0.0, -103.16, 9.37, -25.08, -0.01, -97.16, 2.64, -22.71, -34.08, -78.75, -22.83, -19.53, -0.0, -91.56, 1.21, 18.86]
[-0.0, -103.16, 9.37, -25.08, -0.01, -97.16, 2.64, -22.71, -33.66, -78.71, -22.37, -19.53, -0.0, -91.56, 1.21, 18.86]
[-0.0, -103.16, 9.37, -25.08, -0.01, -97.16, 2.64, -22.71, -33.26, -78.65, -21.91, -19.53, -0.0, -91.56, 1.21, 18.86]
[-0.0, -103.16, 9.37, -25.08, -0.01, -97.16, 2.64, -22.71, -32.86, -78.58, -21.44, -19.53, -0.0, -91.56, 1.21, 18.86]
[-0.0, -103.16, 9.37, -25.08, -0.01, -97.16, 2.64, -22.71, -32.46, -78.5, -20.97, -19.53, -0.0, -91.56, 1.21, 18.86]
[-0.0, -103.16, 9.37, -25.08, -0.01, -97.16, 2.64, -22.71, -32.08, -78.42, -20.5, -19.53, -0.0, -91.56, 1.21, 18.86]
[-0.0, -103.16, 9.37, -25.08, -0.01, -97.16, 2.64, -22.71, -31.71, -78.32, -20.03, -19.53, -0.0, -91.56, 1.21, 18.86]
[-0.0, -103.16, 9.37, -25.08, -0.01, -97.16, 2.64, -22.71, -31.34, -78.21, -19.55, -19.53, -0.0, -91.56, 1.21, 18.86]
[-0.0, -103.16, 9.37, -25.08, -0.01, -97.16, 2.64, -22.71, -30.98, -78.09, -19.08, -19.53, -0.0, -91.56, 1.21, 18.86]
[-0.0, -103.16, 9.37, -25.08, -0.01, -97.16, 2.64, -22.71, -30.63, -77.96, -18.6, -19.53, -0.0, -91.56, 1.21, 18.86]
[-0.0, -103.16, 9.37, -25.08, -0.01, -97.16, 2.64, -22.71, -30.29, -77.82, -18.12, -19.53, -0.0, -91.56, 1.21, 18.86]
[-0.0, -103.16, 9.37, -25.08, -0.01, -97.16, 2.64, -22.71, -29.95, -77.68, -17.63, -19.53, -0.0, -91.56, 1.21, 18.86]
[-0.0, -103.16, 9.37, -25.08, -0.01, -97.16, 2.64, -22.71, -29.63, -77.51, -17.15, -19.53, -0.0, -91.56, 1.21, 18.86]
[-0.0, -103.16, 9.37, -25.08, -0.01, -97.16, 2.64, -22.71, -29.31, -77.34, -16.66, -19.53, -0.0, -91.56, 1.21, 18.86]
[-0.0, -103.16, 9.37, -25.08, -0.01, -97.16, 2.64, -22.71, -29.01, -77.16, -16.17, -19.53, -0.0, -91.56, 1.21, 18.86]
[-0.0, -103.16, 9.37, -25.08, -0.01, -97.16, 2.64, -22.71, -28.71, -76.97, -15.68, -19.53, -0.0, -91.56, 1.21, 18.86]
[-0.0, -103.16, 9.37, -25.08, -0.01, -97.16, 2.64, -22.71, -28.42, -76.77, -15.19, -19.53, -0.0, -91.56, 1.21, 18.86]
[-0.0, -103.16, 9.37, -25.08, -0.01, -97.16, 2.64, -22.71, -28.14, -76.56, -14.7, -19.53, -0.0, -91.56, 1.21, 18.86]
[-0.0, -103.16, 9.37, -25.08, -0.01, -97.16, 2.64, -22.71, -27.86, -76.33, -14.2, -19.53, -0.0, -91.56, 1.21, 18.86]
[-0.0, -103.16, 9.37, -25.08, -0.01, -97.16, 2.64, -22.71, -27.6, -76.1, -13.7, -19.53, -0.0, -91.56, 1.21, 18.86]
[-0.0, -103.16, 9.37, -25.08, -0.01, -97.16, 2.64, -22.71, -27.35, -75.86, -13.2, -19.53, -0.0, -91.56, 1.21, 18.86]
[-0.0, -103.16, 9.37, -25.08, -0.01, -97.16, 2.64, -22.71, -27.1, -75.6, -12.7, -19.53, -0.0, -91.56, 1.21, 18.86]
[-0.0, -103.16, 9.37, -25.08, -0.01, -97.16, 2.64, -22.71, -26.86, -75.33, -12.2, -19.53, -0.0, -91.56, 1.21, 18.86]
[-0.0, -103.16, 9.37, -25.08, -0.01, -97.16, 2.64, -22.71, -26.64, -75.06, -11.7, -19.53, -0.0, -91.56, 1.21, 18.86]
[-0.0, -103.16, 9.37, -25.08, -0.01, -97.16, 2.64, -22.71, -26.42, -74.77, -11.19, -19.53, -0.0, -91.56, 1.21, 18.86]
[-0.0, -103.16, 9.37, -25.08, -0.01, -97.16, 2.64, -22.71, -26.21, -74.47, -10.68, -19.53, -0.0, -91.56, 1.21, 18.86]
[-0.0, -103.16, 9.37, -25.08, -0.01, -97.16, 2.64, -22.71, -26.01, -74.16, -10.18, -19.53, -0.0, -91.56, 1.21, 18.86]
[-0.0, -103.16, 9.37, -25.08, -0.01, -97.16, 2.64, -22.71, -25.82, -73.84, -9.67, -19.53, -0.0, -91.56, 1.21, 18.86]
[-0.0, -103.16, 9.37, -25.08, -0.01, -97.16, 2.64, -22.71, -25.64, -73.51, -9.15, -19.53, -0.0, -91.56, 1.21, 18.86]
[-0.0, -103.16, 9.37, -25.08, -0.01, -97.16, 2.64, -22.71, -25.47, -73.17, -8.64, -19.53, -0.0, -91.56, 1.21, 18.86]
[-0.0, -103.16, 9.37, -25.08, -0.01, -97.16, 2.64, -22.71, -25.31, -72.81, -8.12, -19.53, -0.0, -91.56, 1.21, 18.86]
[-0.0, -103.16, 9.37, -25.08, -0.01, -97.16, 2.64, -22.71, -25.15, -72.45, -7.61, -19.53, -0.0, -91.56, 1.21, 18.86]
[-0.0, -103.16, 9.37, -25.08, -0.01, -97.16, 2.64, -22.71, -25.01, -72.07, -7.09, -19.53, -0.0, -91.56, 1.21, 18.86]
[-0.0, -103.16, 9.37, -25.08, -0.01, -97.16, 2.64, -22.71, -24.88, -71.68, -6.57, -19.53, -0.0, -91.56, 1.21, 18.86]
[-0.0, -103.16, 9.37, -25.08, -0.01, -97.16, 2.64, -22.71, -24.76, -71.28, -6.04, -19.53, -0.0, -91.56, 1.21, 18.86]
[-0.0, -103.16, 9.37, -25.08, -0.01, -97.16, 2.64, -22.71, -24.64, -70.87, -5.52, -19.53, -0.0, -91.56, 1.21, 18.86]
[-0.0, -103.16, 9.37, -25.08, -0.01, -97.16, 2.64, -22.71, -24.54, -70.45, -4.99, -19.53, -0.0, -91.56, 1.21, 18.86]
[-0.0, -103.16, 9.37, -25.08, -0.01, -97.16, 2.64, -22.71, -24.45, -70.02, -4.47, -19.53, -0.0, -91.56, 1.21, 18.86]
[-0.0, -103.16, 9.37, -25.08, -0.01, -97.16, 2.64, -22.71, -24.36, -69.57, -3.94, -19.53, -0.0, -91.56, 1.21, 18.86]
[-0.0, -103.16, 9.37, -25.08, -0.01, -97.16, 2.64, -22.71, -24.29, -69.11, -3.41, -19.53, -0.0, -91.56, 1.21, 18.86]
[-0.0, -103.16, 9.37, -25.08, -0.01, -97.16, 2.64, -22.71, -24.23, -68.64, -2.87, -19.53, -0.0, -91.56, 1.21, 18.86]
[-0.0, -103.16, 9.37, -25.08, -0.01, -97.16, 2.64, -22.71, -24.18, -68.16, -2.34, -19.53, -0.0, -91.56, 1.21, 18.86]
[-0.0, -103.16, 9.37, -25.08, -0.01, -97.16, 2.64, -22.71, -24.14, -67.66, -1.8, -19.53, -0.0, -91.56, 1.21, 18.86]
[-0.0, -103.16, 9.37, -25.08, -0.01, -97.16, 2.64, -22.71, -24.11, -67.15, -1.26, -19.53, -0.0, -91.56, 1.21, 18.86]
[-0.0, -103.16, 9.37, -25.08, -0.01, -97.16, 2.64, -22.71, -24.09, -66.63, -0.72, -19.53, -0.0, -91.56, 1.21, 18.86]
[-0.0, -103.16, 9.37, -25.08, -0.01, -97.16, 2.64, -22.71, -24.08, -66.1, -0.18, -19.53, -0.0, -91.56, 1.21, 18.86]
[-0.0, -103.16, 9.37, -25.08, -0.01, -97.16, 2.64, -22.71, -24.08, -65.55, 0.37, -19.53, -0.0, -91.56, 1.21, 18.86]
[-0.0, -103.16, 9.37, -25.08, -0.01, -97.16, 2.64, -22.71, -24.09, -64.99, 0.92, -19.53, -0.0, -91.56, 1.21, 18.86]
[-0.0, -103.16, 9.37, -25.08, -0.01, -97.16, 2.64, -22.71, -24.12, -64.41, 1.47, -19.53, -0.0, -91.56, 1.21, 18.86]
[-0.0, -103.16, 9.37, -25.08, -0.01, -97.16, 2.64, -22.71, -24.15, -63.82, 2.02, -19.53, -0.0, -91.56, 1.21, 18.86]
[-0.0, -103.16, 9.37, -25.08, -0.01, -97.16, 2.64, -22.71, -24.2, -63.22, 2.58, -19.53, -0.0, -91.56, 1.21, 18.86]
[-0.0, -103.16, 9.37, -25.08, -0.01, -97.16, 2.64, -22.71, -24.26, -62.6, 3.14, -19.53, -0.0, -91.56, 1.21, 18.86]
[-0.0, -103.16, 9.37, -25.08, -0.01, -97.16, 2.64, -22.71, -24.33, -61.97, 3.7, -19.53, -0.0, -91.56, 1.21, 18.86]
[-0.01, -103.08, 9.17, -25.33, -0.01, -97.08, 2.6, -22.29, -23.27, -63.24, 3.48, -19.39, -0.03, -91.78, 1.23, 18.7]
[-0.02, -103.0, 8.98, -25.58, -0.01, -97.0, 2.56, -21.88, -22.23, -64.5, 3.27, -19.24, -0.02, -92.02, 1.26, 18.54]
[-0.0, -102.94, 8.78, -25.82, -0.01, -96.91, 2.52, -21.47, -21.19, -65.73, 3.07, -19.1, -0.02, -92.26, 1.29, 18.37]
[-0.02, -102.84, 8.59, -26.06, -0.03, -96.81, 2.48, -21.06, -20.17, -66.94, 2.89, -18.95, -0.01, -92.49, 1.32, 18.21]
[-0.0, -102.77, 8.4, -26.29, -0.01, -96.73, 2.45, -20.65, -19.16, -68.13, 2.71, -18.8, -0.01, -92.72, 1.35, 18.04]
[-0.02, -102.68, 8.21, -26.52, -0.01, -96.65, 2.41, -20.25, -18.15, -69.3, 2.55, -18.65, -0.0, -92.95, 1.39, 17.87]
[-0.0, -102.6, 8.02, -26.74, -0.0, -96.56, 2.37, -19.85, -17.16, -70.45, 2.39, -18.49, -0.0, -93.17, 1.43, 17.7]
[-0.02, -102.49, 7.84, -26.96, -0.01, -96.46, 2.33, -19.45, -16.17, -71.58, 2.25, -18.34, -0.0, -93.39, 1.47, 17.52]
[-0.01, -102.41, 7.66, -27.17, -0.02, -96.36, 2.29, -19.06, -15.19, -72.69, 2.11, -18.18, -0.0, -93.61, 1.51, 17.34]
[-0.0, -102.32, 7.48, -27.38, -0.0, -96.28, 2.26, -18.67, -14.22, -73.79, 1.98, -18.03, -0.0, -93.82, 1.56, 17.17]
[-0.03, -102.2, 7.3, -27.58, -0.03, -96.16, 2.22, -18.28, -13.26, -74.87, 1.87, -17.87, -0.01, -94.03, 1.6, 16.98]
[-0.02, -102.11, 7.13, -27.78, -0.02, -96.07, 2.18, -17.89, -12.3, -75.94, 1.76, -17.71, -0.01, -94.23, 1.65, 16.8]
[-0.01, -102.01, 6.96, -27.98, -0.02, -95.96, 2.14, -17.51, -11.35, -76.99, 1.66, -17.54, -0.02, -94.44, 1.7, 16.61]
[-0.0, -101.91, 6.79, -28.17, -0.02, -95.85, 2.11, -17.13, -10.4, -78.03, 1.56, -17.38, -0.03, -94.64, 1.76, 16.43]
[-0.03, -101.78, 6.62, -28.36, -0.0, -95.77, 2.07, -16.75, -9.46, -79.06, 1.48, -17.21, -0.0, -94.86, 1.81, 16.23]
[-0.02, -101.67, 6.45, -28.54, -0.02, -95.65, 2.03, -16.38, -8.52, -80.07, 1.41, -17.05, -0.01, -95.05, 1.87, 16.04]
[-0.02, -101.56, 6.29, -28.72, -0.0, -95.55, 1.99, -16.01, -7.59, -81.07, 1.34, -16.88, -0.02, -95.24, 1.93, 15.84]
[-0.02, -101.44, 6.13, -28.9, -0.0, -95.44, 1.96, -15.64, -6.66, -82.06, 1.28, -16.71, -0.0, -95.45, 1.99, 15.65]
[-0.01, -101.32, 5.97, -29.07, -0.0, -95.33, 1.92, -15.27, -5.74, -83.03, 1.23, -16.53, -0.01, -95.64, 2.06, 15.45]
[-0.01, -101.2, 5.81, -29.24, -0.01, -95.21, 1.89, -14.91, -4.82, -84.0, 1.18, -16.36, -0.03, -95.81, 2.12, 15.24]
[-0.01, -101.08, 5.66, -29.41, -0.02, -95.08, 1.85, -14.55, -3.9, -84.95, 1.15, -16.18, -0.01, -96.02, 2.19, 15.03]
[-0.01, -100.95, 5.51, -29.58, -0.03, -94.95, 1.82, -14.19, -2.98, -85.89, 1.12, -16.0, -0.03, -96.19, 2.26, 14.82]
[-0.01, -100.82, 5.36, -29.74, -0.01, -94.84, 1.78, -13.84, -2.07, -86.83, 1.1, -15.82, -0.01, -96.38, 2.33, 14.61]
[-0.01, -100.68, 5.21, -29.9, -0.0, -94.73, 1.75, -13.48, -1.16, -87.75, 1.09, -15.64, -0.0, -96.57, 2.4, 14.4]
[-0.01, -100.55, 5.07, -30.05, -0.0, -94.6, 1.71, -13.14, -0.25, -88.66, 1.08, -15.45, -0.02, -96.73, 2.48, 14.18]
[-0.01, -100.41, 4.93, -30.2, -0.0, -94.48, 1.68, -12.79, -0.01, -89.09, 1.08, -15.27, -0.01, -96.92, 2.56, 13.96]
[-0.01, -100.26, 4.79, -30.35, -0.01, -94.34, 1.65, -12.45, -0.02, -89.32, 1.08, -15.08, -0.0, -97.1, 2.64, 13.73]
[-0.02, -100.12, 4.65, -30.5, -0.02, -94.2, 1.62, -12.1, -0.0, -89.58, 1.09, -14.89, -0.0, -97.27, 2.72, 13.51]
[-0.02, -99.97, 4.52, -30.65, -0.0, -94.09, 1.59, -11.77, -0.02, -89.81, 1.09, -14.7, -0.0, -97.44, 2.8, 13.28]
[-0.02, -99.82, 4.38, -30.79, -0.02, -93.94, 1.56, -11.43, -0.0, -90.06, 1.1, -14.5, -0.0, -97.61, 2.89, 13.04]
[-0.03, -99.66, 4.25, -30.93, -0.01, -93.81, 1.53, -11.1, -0.02, -90.28, 1.11, -14.31, -0.0, -97.78, 2.97, 12.8]
[-0.03, -99.5, 4.13, -31.07, -0.01, -93.67, 1.5, -10.77, -0.01, -90.52, 1.12, -14.11, -0.0, -97.94, 3.06, 12.56]
[-0.0, -99.37, 4.0, -31.2, -0.01, -93.53, 1.47, -10.44, -0.0, -90.75, 1.14, -13.91, -0.0, -98.1, 3.15, 12.32]
[-0.01, -99.21, 3.88, -31.33, -0.01, -93.39, 1.44, -10.12, -0.03, -90.96, 1.15, -13.7, -0.01, -98.25, 3.25, 12.07]
[-0.01, -99.04, 3.76, -31.47, -0.02, -93.23, 1.41, -9.8, -0.02, -91.19, 1.17, -13.5, -0.01, -98.4, 3.34, 11.82]
[-0.02, -98.87, 3.65, -31.59, -0.0, -93.1, 1.39, -9.48, -0.02, -91.42, 1.19, -13.29, -0.02, -98.54, 3.44, 11.57]
[-0.02, -98.7, 3.53, -31.72, -0.02, -92.94, 1.36, -9.16, -0.01, -91.64, 1.21, -13.08, -0.0, -98.71, 3.54, 11.31]
[-0.03, -98.52, 3.42, -31.84, -0.01, -92.8, 1.34, -8.85, -0.01, -91.86, 1.24, -12.87, -0.02, -98.85, 3.64, 11.05]
[-0.0, -98.37, 3.31, -31.97, -0.0, -92.65, 1.31, -8.53, -0.01, -92.07, 1.26, -12.65, -0.0, -99.01, 3.74, 10.78]
[-0.01, -98.19, 3.2, -32.09, -0.0, -92.5, 1.29, -8.23, -0.01, -92.28, 1.29, -12.43, -0.02, -99.14, 3.84, 10.51]
[-0.01, -98.01, 3.1, -32.2, -0.0, -92.34, 1.27, -7.92, -0.02, -92.49, 1.32, -12.21, -0.0, -99.29, 3.95, 10.24]
[-0.02, -97.82, 3.0, -32.32, -0.01, -92.18, 1.25, -7.62, -0.03, -92.69, 1.35, -11.99, -0.03, -99.41, 4.05, 9.96]
[-0.03, -97.64, 2.9, -32.44, -0.01, -92.02, 1.23, -7.32, -0.0, -92.92, 1.38, -11.77, -0.02, -99.55, 4.16, 9.68]
[-0.0, -97.47, 2.8, -32.55, -0.02, -91.84, 1.21, -7.02, -0.01, -93.11, 1.42, -11.54, -0.01, -99.69, 4.27, 9.39]
[-0.01, -97.28, 2.71, -32.66, -0.0, -91.69, 1.19, -6.72, -0.03, -93.3, 1.45, -11.31, -0.0, -99.83, 4.38, 9.1]
[-0.02, -97.08, 2.62, -32.77, -0.02, -91.51, 1.18, -6.43, -0.01, -93.51, 1.49, -11.08, -0.0, -99.96, 4.49, 8.8]
[-0.02, -96.88, 2.53, -32.88, -0.01, -91.35, 1.16, -6.14, -0.02, -93.7, 1.53, -10.84, -0.0, -100.08, 4.61, 8.5]
[-0.0, -96.71, 2.44, -32.98, -0.0, -91.18, 1.14, -5.85, -0.01, -93.9, 1.57, -10.6, -0.0, -100.2, 4.72, 8.2]
[-0.01, -96.5, 2.36, -33.09, -0.0, -91.01, 1.13, -5.56, -0.03, -94.08, 1.62, -10.36, -0.01, -100.32, 4.84, 7.89]
[-0.02, -96.29, 2.28, -33.19, -0.0, -90.83, 1.12, -5.28, -0.02, -94.27, 1.66, -10.12, -0.02, -100.43, 4.96, 7.58]
[-0.03, -96.08, 2.2, -33.29, -0.0, -90.65, 1.11, -5.0, -0.01, -94.47, 1.71, -9.87, -0.0, -100.56, 5.08, 7.26]
[-0.0, -95.9, 2.13, -33.39, -0.01, -90.46, 1.1, -4.72, -0.0, -94.65, 1.75, -9.62, -0.02, -100.67, 5.2, 6.94]
[-0.01, -95.68, 2.05, -33.49, -0.02, -90.27, 1.09, -4.44, -0.0, -94.84, 1.8, -9.37, -0.0, -100.79, 5.32, 6.61]
[-0.02, -95.46, 1.98, -33.59, -0.0, -90.1, 1.08, -4.17, -0.0, -95.02, 1.86, -9.11, -0.03, -100.88, 5.45, 6.27]
[-0.03, -95.24, 1.91, -33.68, -0.02, -89.9, 1.07, -3.9, -0.0, -95.19, 1.91, -8.86, -0.02, -101.0, 5.57, 5.94]
[-0.0, -95.05, 1.85, -33.78, -0.0, -89.72, 1.07, -3.63, -0.01, -95.36, 1.96, -8.59, -0.01, -101.11, 5.7, 5.59]
[-0.01, -94.82, 1.79, -33.87, -0.03, -89.51, 1.06, -3.36, -0.01, -95.53, 2.02, -8.33, -0.01, -101.21, 5.82, 5.24]
[-0.02, -94.59, 1.73, -33.96, -0.02, -89.32, 1.06, -3.1, -0.02, -95.69, 2.08, -8.06, -0.01, -101.31, 5.95, 4.89]
[-0.03, -94.36, 1.67, -34.05, -0.02, -89.13, 1.06, -2.84, -0.0, -95.88, 2.13, -7.79, -0.02, -101.41, 6.08, 4.53]
[-0.0, -94.15, 1.61, -34.14, -0.02, -88.93, 1.05, -2.58, -0.02, -96.03, 2.19, -7.52, -0.03, -101.5, 6.21, 4.16]
[-0.01, -93.91, 1.56, -34.23, -0.75, -88.19, 1.06, -2.32, -0.0, -96.21, 2.26, -7.24, -0.0, -101.61, 6.34, 3.79]
[-0.02, -93.67, 1.51, -34.31, -1.49, -87.44, 1.06, -2.07, -0.02, -96.35, 2.32, -6.96, -0.02, -101.69, 6.48, 3.41]
[-0.03, -93.43, 1.47, -34.4, -2.24, -86.68, 1.08, -1.81, -0.01, -96.52, 2.38, -6.68, -0.01, -101.79, 6.61, 3.03]
[-0.0, -93.21, 1.42, -34.48, -2.99, -85.92, 1.09, -1.56, -0.0, -96.68, 2.45, -6.39, -0.0, -101.88, 6.74, 2.64]
[-0.01, -92.97, 1.38, -34.57, -3.74, -85.14, 1.12, -1.31, -0.0, -96.84, 2.52, -6.1, -0.0, -101.97, 6.88, 2.24]
[-0.02, -92.72, 1.34, -34.65, -4.49, -84.36, 1.15, -1.07, -0.0, -97.0, 2.59, -5.8, -0.0, -102.05, 7.01, 1.84]
[-0.03, -92.46, 1.3, -34.73, -5.26, -83.57, 1.18, -0.82, -0.0, -97.14, 2.65, -5.5, -0.01, -102.13, 7.15, 1.43]
[-0.0, -92.23, 1.27, -34.81, -6.02, -82.76, 1.22, -0.58, -0.01, -97.29, 2.73, -5.2, -0.02, -102.2, 7.29, 1.02]
[-0.01, -91.97, 1.24, -34.89, -6.79, -81.95, 1.26, -0.34, -0.02, -97.43, 2.8, -4.9, -0.0, -102.29, 7.42, 0.59]
[-0.02, -91.71, 1.21, -34.96, -7.56, -81.13, 1.31, -0.1, -0.03, -97.56, 2.87, -4.59, -0.02, -102.35, 7.56, 0.16]
[-0.0, -91.47, 1.18, -35.04, -8.34, -80.29, 1.37, 0.14, -0.01, -97.72, 2.95, -4.28, -0.01, -102.44, 7.7, -0.27]
[-0.01, -91.21, 1.16, -35.12, -9.12, -79.45, 1.43, 0.37, -0.03, -97.84, 3.02, -3.96, -0.01, -102.51, 7.84, -0.72]
[-0.02, -90.94, 1.14, -35.19, -9.91, -78.59, 1.49, 0.6, -0.01, -97.99, 3.1, -3.64, -0.01, -102.58, 7.98, -1.17]
[-0.0, -90.69, 1.12, -35.27, -10.71, -77.73, 1.57, 0.83, -0.0, -98.13, 3.18, -3.32, -0.02, -102.64, 8.12, -1.62]
[-0.01, -90.42, 1.11, -35.34, -11.51, -76.85, 1.65, 1.06, -0.0, -98.27, 3.26, -2.99, -0.0, -102.72, 8.26, -2.09]
[-0.02, -90.14, 1.09, -35.41, -12.31, -75.96, 1.73, 1.29, -0.0, -98.4, 3.34, -2.65, -0.02, -102.77, 8.4, -2.56]
[-0.0, -89.88, 1.08, -35.48, -13.12, -75.05, 1.82, 1.51, -0.0, -98.53, 3.42, -2.32, -0.01, -102.84, 8.54, -3.04]
[-0.01, -89.6, 1.07, -35.55, -13.94, -74.14, 1.92, 1.73, -0.01, -98.65, 3.5, -1.98, -0.01, -102.9, 8.68, -3.53]
[-0.03, -89.31, 1.07, -35.62, -14.76, -73.21, 2.03, 1.95, -0.02, -98.76, 3.58, -1.63, -0.01, -102.96, 8.82, -4.02]
[-0.0, -89.05, 1.07, -35.69, -15.6, -72.27, 2.14, 2.17, -0.0, -98.9, 3.67, -1.28, -0.03, -103.01, 8.96, -4.53]
[-0.6, -88.33, 1.07, -35.76, -16.43, -71.31, 2.26, 2.39, -0.02, -99.01, 3.75, -0.93, -0.01, -103.07, 9.1, -5.04]
[-1.64, -87.28, 1.08, -35.82, -17.28, -70.34, 2.39, 2.6, -0.01, -99.13, 3.84, -0.57, -0.0, -103.13, 9.24, -5.56]
[-2.68, -86.22, 1.1, -35.89, -18.13, -69.35, 2.52, 2.81, -0.0, -99.25, 3.92, -0.21, -0.0, -103.19, 9.38, -6.09]
[-3.72, -85.14, 1.13, -35.95, -18.99, -68.35, 2.66, 3.02, -0.0, -99.37, 4.01, 0.15, -0.01, -103.23, 9.52, -6.63]
[-4.77, -84.06, 1.17, -36.02, -19.86, -67.33, 2.81, 3.23, -0.0, -99.48, 4.1, 0.52, -0.02, -103.27, 9.65, -7.17]
[-5.82, -82.96, 1.22, -36.08, -20.74, -66.29, 2.97, 3.44, -0.01, -99.58, 4.19, 0.9, -0.0, -103.33, 9.79, -7.72]
[-6.87, -81.85, 1.28, -36.14, -21.63, -65.24, 3.13, 3.65, -0.02, -99.68, 4.28, 1.28, -0.03, -103.35, 9.93, -8.29]
[-7.92, -80.73, 1.35, -36.21, -22.53, -64.16, 3.31, 3.85, -0.0, -99.8, 4.37, 1.66, -0.03, -103.4, 10.07, -8.86]
[-8.98, -79.59, 1.43, -36.27, -23.44, -63.07, 3.49, 4.05, -0.03, -99.89, 4.46, 2.05, -0.0, -103.46, 10.2, -9.44]
[-10.04, -78.44, 1.52, -36.33, -24.36, -61.96, 3.68, 4.25, -0.02, -100.0, 4.55, 2.45, -0.02, -103.49, 10.34, -10.03]
[-11.1, -77.28, 1.62, -36.39, -25.3, -60.82, 3.88, 4.45, -0.01, -100.1, 4.64, 2.84, -0.01, -103.53, 10.47, -10.63]
[-12.17, -76.1, 1.73, -36.45, -26.24, -59.66, 4.1, 4.65, -0.02, -100.2, 4.73, 3.25, -0.01, -103.57, 10.61, -11.24]
[-13.25, -74.9, 1.85, -36.51, -27.2, -58.48, 4.32, 4.84, -0.02, -100.29, 4.82, 3.65, -0.02, -103.6, 10.74, -11.85]
[-14.33, -73.68, 1.98, -36.56, -28.18, -57.27, 4.55, 5.04, -0.0, -100.4, 4.92, 4.07, -0.01, -103.64, 10.87, -12.48]
[-15.42, -72.45, 2.13, -36.62, -29.17, -56.04, 4.8, 5.23, -0.02, -100.47, 5.01, 4.49, -0.0, -103.68, 11.0, -13.12]
[-15.42, -72.45, 2.13, -36.62, -28.85, -56.98, 4.17, 4.99, -0.02, -100.47, 5.01, 4.49, -0.0, -103.68, 11.0, -13.12]
[-15.42, -72.45, 2.13, -36.62, -28.55, -57.9, 3.55, 4.75, -0.02, -100.47, 5.01, 4.49, -0.0, -103.68, 11.0, -13.12]
[-15.42, -72.45, 2.13, -36.62, -28.27, -58.8, 2.93, 4.5, -0.02, -100.47, 5.01, 4.49, -0.0, -103.68, 11.0, -13.12]
[-15.42, -72.45, 2.13, -36.62, -28.01, -59.67, 2.32, 4.26, -0.02, -100.47, 5.01, 4.49, -0.0, -103.68, 11.0, -13.12]
[-15.42, -72.45, 2.13, -36.62, -27.77, -60.51, 1.72, 4.02, -0.02, -100.47, 5.01, 4.49, -0.0, -103.68, 11.0, -13.12]
[-15.42, -72.45, 2.13, -36.62, -27.55, -61.33, 1.12, 3.77, -0.02, -100.47, 5.01, 4.49, -0.0, -103.68, 11.0, -13.12]
[-15.42, -72.45, 2.13, -36.62, -27.35, -62.13, 0.53, 3.53, -0.02, -100.47, 5.01, 4.49, -0.0, -103.68, 11.0, -13.12]
[-15.42, -72.45, 2.13, -36.62, -27.16, -62.9, -0.06, 3.29, -0.02, -100.47, 5.01, 4.49, -0.0, -103.68, 11.0, -13.12]
[-15.42, -72.45, 2.13, -36.62, -26.99, -63.65, -0.65, 3.04, -0.02, -100.47, 5.01, 4.49, -0.0, -103.68, 11.0, -13.12]
[-15.42, -72.45, 2.13, -36.62, -26.84, -64.38, -1.23, 2.8, -0.02, -100.47, 5.01, 4.49, -0.0, -103.68, 11.0, -13.12]
[-15.42, -72.45, 2.13, -36.62, -26.71, -65.1, -1.8, 2.55, -0.02, -100.47, 5.01, 4.49, -0.0, -103.68, 11.0, -13.12]
[-15.42, -72.45, 2.13, -36.62, -26.59, -65.79, -2.38, 2.3, -0.02, -100.47, 5.01, 4.49, -0.0, -103.68, 11.0, -13.12]
[-15.42, -72.45, 2.13, -36.62, -26.49, -66.46, -2.95, 2.06, -0.02, -100.47, 5.01, 4.49, -0.0, -103.68, 11.0, -13.12]
[-15.42, -72.45, 2.13, -36.62, -26.4, -67.11, -3.51, 1.81, -0.02, -100.47, 5.01, 4.49, -0.0, -103.68, 11.0, -13.12]
[-15.42, -72.45, 2.13, -36.62, -26.34, -67.74, -4.08, 1.56, -0.02, -100.47, 5.01, 4.49, -0.0, -103.68, 11.0, -13.12]
[-15.42, -72.45, 2.13, -36.62, -26.28, -68.36, -4.64, 1.32, -0.02, -100.47, 5.01, 4.49, -0.0, -103.68, 11.0, -13.12]
[-15.42, -72.45, 2.13, -36.62, -26.24, -68.95, -5.19, 1.07, -0.02, -100.47, 5.01, 4.49, -0.0, -103.68, 11.0, -13.12]
[-15.42, -72.45, 2.13, -36.62, -26.22, -69.53, -5.75, 0.82, -0.02, -100.47, 5.01, 4.49, -0.0, -103.68, 11.0, -13.12]
[-15.42, -72.45, 2.13, -36.62, -26.21, -70.09, -6.3, 0.57, -0.02, -100.47, 5.01, 4.49, -0.0, -103.68, 11.0, -13.12]
[-15.42, -72.45, 2.13, -36.62, -26.21, -70.63, -6.84, 0.32, -0.02, -100.47, 5.01, 4.49, -0.0, -103.68, 11.0, -13.12]
[-15.42, -72.45, 2.13, -36.62, -26.23, -71.16, -7.39, 0.08, -0.02, -100.47, 5.01, 4.49, -0.0, -103.68, 11.0, -13.12]
[-15.42, -72.45, 2.13, -36.62, -26.27, -71.66, -7.93, -0.17, -0.02, -100.47, 5.01, 4.49, -0.0, -103.68, 11.0, -13.12]
[-15.42, -72.45, 2.13, -36.62, -26.32, -72.16, -8.47, -0.42, -0.02, -100.47, 5.01, 4.49, -0.0, -103.68, 11.0, -13.12]
[-15.42, -72.45, 2.13, -36.62, -26.38, -72.63, -9.01, -0.67, -0.02, -100.47, 5.01, 4.49, -0.0, -103.68, 11.0, -13.12]
[-15.42, -72.45, 2.13, -36.62, -26.46, -73.09, -9.54, -0.92, -0.02, -100.47, 5.01, 4.49, -0.0, -103.68, 11.0, -13.12]
[-15.42, -72.45, 2.13, -36.62, -26.55, -73.53, -10.08, -1.17, -0.02, -100.47, 5.01, 4.49, -0.0, -103.68, 11.0, -13.12]
[-15.42, -72.45, 2.13, -36.62, -26.65, -73.95, -10.61, -1.42, -0.02, -100.47, 5.01, 4.49, -0.0, -103.68, 11.0, -13.12]
[-15.42, -72.45, 2.13, -36.62, -26.77, -74.36, -11.14, -1.67, -0.02, -100.47, 5.01, 4.49, -0.0, -103.68, 11.0, -13.12]
[-15.42, -72.45, 2.13, -36.62, -26.91, -74.76, -11.66, -1.93, -0.02, -100.47, 5.01, 4.49, -0.0, -103.68, 11.0, -13.12]
[-15.42, -72.45, 2.13, -36.62, -27.05, -75.13, -12.18, -2.18, -0.02, -100.47, 5.01, 4.49, -0.0, -103.68, 11.0, -13.12]
[-15.42, -72.45, 2.13, -36.62, -27.21, -75.49, -12.7, -2.43, -0.02, -100.47, 5.01, 4.49, -0.0, -103.68, 11.0, -13.12]
[-15.42, -72.45, 2.13, -36.62, -27.38, -75.84, -13.22, -2.68, -0.02, -100.47, 5.01, 4.49, -0.0, -103.68, 11.0, -13.12]
[-15.42, -72.45, 2.13, -36.62, -27.57, -76.17, -13.74, -2.93, -0.02, -100.47, 5.01, 4.49, -0.0, -103.68, 11.0, -13.12]
[-15.42, -72.45, 2.13, -36.62, -27.77, -76.49, -14.25, -3.18, -0.02, -100.47, 5.01, 4.49, -0.0, -103.68, 11.0, -13.12]
[-15.42, -72.45, 2.13, -36.62, -27.98, -76.78, -14.76, -3.44, -0.02, -100.47, 5.01, 4.49, -0.0, -103.68, 11.0, -13.12]
[-15.42, -72.45, 2.13, -36.62, -28.2, -77.07, -15.27, -3.69, -0.02, -100.47, 5.01, 4.49, -0.0, -103.68, 11.0, -13.12]
[-15.42, -72.45, 2.13, -36.62, -28.44, -77.34, -15.78, -3.94, -0.02, -100.47, 5.01, 4.49, -0.0, -103.68, 11.0, -13.12]
[-15.42, -72.45, 2.13, -36.62, -28.69, -77.59, -16.28, -4.19, -0.02, -100.47, 5.01, 4.49, -0.0, -103.68, 11.0, -13.12]
[-15.42, -72.45, 2.13, -36.62, -28.96, -77.83, -16.78, -4.45, -0.02, -100.47, 5.01, 4.49, -0.0, -103.68, 11.0, -13.12]
[-15.42, -72.45, 2.13, -36.62, -29.23, -78.05, -17.28, -4.7, -0.02, -100.47, 5.01, 4.49, -0.0, -103.68, 11.0, -13.12]
[-15.42, -72.45, 2.13, -36.62, -29.52, -78.26, -17.78, -4.95, -0.02, -100.47, 5.01, 4.49, -0.0, -103.68, 11.0, -13.12]
[-15.42, -72.45, 2.13, -36.62, -29.82, -78.45, -18.27, -5.2, -0.02, -100.47, 5.01, 4.49, -0.0, -103.68, 11.0, -13.12]
[-15.42, -72.45, 2.13, -36.62, -30.13, -78.63, -18.76, -5.46, -0.02, -100.47, 5.01, 4.49, -0.0, -103.68, 11.0, -13.12]
[-15.42, -72.45, 2.13, -36.62, -30.46, -78.79, -19.25, -5.71, -0.02, -100.47, 5.01, 4.49, -0.0, -103.68, 11.0, -13.12]
[-15.42, -72.45, 2.13, -36.62, -30.8, -78.94, -19.73, -5.96, -0.02, -100.47, 5.01, 4.49, -0.0, -103.68, 11.0, -13.12]
[-15.42, -72.45, 2.13, -36.62, -31.15, -79.07, -20.22, -6.22, -0.02, -100.47, 5.01, 4.49, -0.0, -103.68, 11.0, -13.12]
[-15.42, -72.45, 2.13, -36.62, -31.51, -79.19, -20.7, -6.47, -0.02, -100.47, 5.01, 4.49, -0.0, -103.68, 11.0, -13.12]
[-15.42, -72.45, 2.13, -36.62, -31.88, -79.29, -21.17, -6.72, -0.02, -100.47, 5.01, 4.49, -0.0, -103.68, 11.0, -13.12]
[-15.42, -72.45, 2.13, -36.62, -32.27, -79.38, -21.64, -6.98, -0.02, -100.47, 5.01, 4.49, -0.0, -103.68, 11.0, -13.12]
[-15.42, -72.45, 2.13, -36.62, -32.66, -79.45, -22.11, -7.23, -0.02, -100.47, 5.01, 4.49, -0.0, -103.68, 11.0, -13.12]
[-15.42, -72.45, 2.13, -36.62, -33.07, -79.51, -22.58, -7.48, -0.02, -100.47, 5.01, 4.49, -0.0, -103.68, 11.0, -13.12]
[-15.42, -72.45, 2.13, -36.62, -33.49, -79.55, -23.04, -7.74, -0.02, -100.47, 5.01, 4.49, -0.0, -103.68, 11.0, -13.12]
[-15.42, -72.45, 2.13, -36.62, -33.92, -79.58, -23.5, -7.99, -0.02, -100.47, 5.01, 4.49, -0.0, -103.68, 11.0, -13.12]
[-15.42, -72.45, 2.13, -36.62, -34.37, -79.6, -23.96, -8.24, -0.02, -100.47, 5.01, 4.49, -0.0, -103.68, 11.0, -13.12]
[-15.42, -72.45, 2.13, -36.62, -34.82, -79.6, -24.41, -8.5, -0.02, -100.47, 5.01, 4.49, -0.0, -103.68, 11.0, -13.12]
[-15.42, -72.45, 2.13, -36.62, -35.28, -79.58, -24.86, -8.75, -0.02, -100.47, 5.01, 4.49, -0.0, -103.68, 11.0, -13.12]
[-15.42, -72.45, 2.13, -36.62, -35.76, -79.55, -25.31, -9.0, -0.02, -100.47, 5.01, 4.49, -0.0, -103.68, 11.0, -13.12]
[-15.42, -72.45, 2.13, -36.62, -36.25, -79.5, -25.75, -9.26, -0.02, -100.47, 5.01, 4.49, -0.0, -103.68, 11.0, -13.12]
[-15.42, -72.45, 2.13, -36.62, -36.75, -79.44, -26.19, -9.51, -0.02, -100.47, 5.01, 4.49, -0.0, -103.68, 11.0, -13.12]
[-15.42, -72.45, 2.13, -36.62, -37.26, -79.37, -26.62, -9.76, -0.02, -100.47, 5.01, 4.49, -0.0, -103.68, 11.0, -13.12]
[-15.4, -72.48, 2.13, -36.63, -37.28, -79.34, -26.61, -9.77, -0.02, -100.47, 5.0, 4.49, -0.02, -103.67, 11.0, -13.09]
[-15.4, -72.48, 2.13, -36.63, -36.8, -79.38, -26.17, -9.77, -0.02, -100.47, 5.0, 4.49, -0.02, -103.67, 11.0, -13.09]
[-15.4, -72.48, 2.13, -36.63, -36.32, -79.4, -25.72, -9.77, -0.02, -100.47, 5.0, 4.49, -0.02, -103.67, 11.0, -13.09]
[-15.4, -72.48, 2.13, -36.63, -35.86, -79.42, -25.28, -9.77, -0.02, -100.47, 5.0, 4.49, -0.02, -103.67, 11.0, -13.09]
[-15.4, -72.48, 2.13, -36.63, -35.4, -79.42, -24.82, -9.77, -0.02, -100.47, 5.0, 4.49, -0.02, -103.67, 11.0, -13.09]
[-15.4, -72.48, 2.13, -36.63, -34.95, -79.42, -24.37, -9.77, -0.02, -100.47, 5.0, 4.49, -0.02, -103.67, 11.0, -13.09]
[-15.4, -72.48, 2.13, -36.63, -34.51, -79.41, -23.91, -9.77, -0.02, -100.47, 5.0, 4.49, -0.02, -103.67, 11.0, -13.09]
[-15.4, -72.48, 2.13, -36.63, -34.08, -79.38, -23.46, -9.77, -0.02, -100.47, 5.0, 4.49, -0.02, -103.67, 11.0, -13.09]
[-15.4, -72.48, 2.13, -36.63, -33.65, -79.35, -23.0, -9.77, -0.02, -100.47, 5.0, 4.49, -0.02, -103.67, 11.0, -13.09]
[-15.4, -72.48, 2.13, -36.63, -33.23, -79.3, -22.53, -9.77, -0.02, -100.47, 5.0, 4.49, -0.02, -103.67, 11.0, -13.09]
[-15.4, -72.48, 2.13, -36.63, -32.82, -79.24, -22.07, -9.77, -0.02, -100.47, 5.0, 4.49, -0.02, -103.67, 11.0, -13.09]
[-15.4, -72.48, 2.13, -36.63, -32.42, -79.18, -21.6, -9.77, -0.02, -100.47, 5.0, 4.49, -0.02, -103.67, 11.0, -13.09]
[-15.4, -72.48, 2.13, -36.63, -32.03, -79.1, -21.13, -9.77, -0.02, -100.47, 5.0, 4.49, -0.02, -103.67, 11.0, -13.09]
[-15.4, -72.48, 2.13, -36.63, -31.64, -79.01, -20.66, -9.77, -0.02, -100.47, 5.0, 4.49, -0.02, -103.67, 11.0, -13.09]
[-15.4, -72.48, 2.13, -36.63, -31.27, -78.92, -20.18, -9.77, -0.02, -100.47, 5.0, 4.49, -0.02, -103.67, 11.0, -13.09]
[-15.4, -72.48, 2.13, -36.63, -30.9, -78.81, -19.71, -9.77, -0.02, -100.47, 5.0, 4.49, -0.02, -103.67, 11.0, -13.09]
[-15.4, -72.48, 2.13, -36.63, -30.54, -78.69, -19.23, -9.77, -0.02, -100.47, 5.0, 4.49, -0.02, -103.67, 11.0, -13.09]
[-15.4, -72.48, 2.13, -36.63, -30.18, -78.56, -18.75, -9.77, -0.02, -100.47, 5.0, 4.49, -0.02, -103.67, 11.0, -13.09]
[-15.4, -72.48, 2.13, -36.63, -29.84, -78.43, -18.26, -9.77, -0.02, -100.47, 5.0, 4.49, -0.02, -103.67, 11.0, -13.09]
[-15.4, -72.48, 2.13, -36.63, -29.51, -78.28, -17.78, -9.77, -0.02, -100.47, 5.0, 4.49, -0.02, -103.67, 11.0, -13.09]
[-15.4, -72.48, 2.13, -36.63, -29.18, -78.12, -17.29, -9.77, -0.02, -100.47, 5.0, 4.49, -0.02, -103.67, 11.0, -13.09]
[-15.4, -72.48, 2.13, -36.63, -28.86, -77.95, -16.81, -9.77, -0.02, -100.47, 5.0, 4.49, -0.02, -103.67, 11.0, -13.09]
[-15.4, -72.48, 2.13, -36.63, -28.55, -77.77, -16.32, -9.77, -0.02, -100.47, 5.0, 4.49, -0.02, -103.67, 11.0, -13.09]
[-15.4, -72.48, 2.13, -36.63, -28.25, -77.58, -15.83, -9.77, -0.02, -100.47, 5.0, 4.49, -0.02, -103.67, 11.0, -13.09]
[-15.4, -72.48, 2.13, -36.63, -27.96, -77.38, -15.33, -9.77, -0.02, -100.47, 5.0, 4.49, -0.02, -103.67, 11.0, -13.09]
[-15.4, -72.48, 2.13, -36.63, -27.68, -77.16, -14.84, -9.77, -0.02, -100.47, 5.0, 4.49, -0.02, -103.67, 11.0, -13.09]
[-15.4, -72.48, 2.13, -36.63, -27.4, -76.94, -14.34, -9.77, -0.02, -100.47, 5.0, 4.49, -0.02, -103.67, 11.0, -13.09]
[-15.4, -72.48, 2.13, -36.63, -27.14, -76.71, -13.84, -9.77, -0.02, -100.47, 5.0, 4.49, -0.02, -103.67, 11.0, -13.09]
[-15.4, -72.48, 2.13, -36.63, -26.88, -76.46, -13.34, -9.77, -0.02, -100.47, 5.0, 4.49, -0.02, -103.67, 11.0, -13.09]
[-15.4, -72.48, 2.13, -36.63, -26.63, -76.21, -12.84, -9.77, -0.02, -100.47, 5.0, 4.49, -0.02, -103.67, 11.0, -13.09]
[-15.4, -72.48, 2.13, -36.63, -26.39, -75.95, -12.34, -9.77, -0.02, -100.47, 5.0, 4.49, -0.02, -103.67, 11.0, -13.09]
[-15.4, -72.48, 2.13, -36.63, -26.16, -75.67, -11.83, -9.77, -0.02, -100.47, 5.0, 4.49, -0.02, -103.67, 11.0, -13.09]
[-15.4, -72.48, 2.13, -36.63, -25.94, -75.38, -11.33, -9.77, -0.02, -100.47, 5.0, 4.49, -0.02, -103.67, 11.0, -13.09]
[-15.4, -72.48, 2.13, -36.63, -25.73, -75.09, -10.82, -9.77, -0.02, -100.47, 5.0, 4.49, -0.02, -103.67, 11.0, -13.09]
[-15.4, -72.48, 2.13, -36.63, -25.53, -74.78, -10.31, -9.77, -0.02, -100.47, 5.0, 4.49, -0.02, -103.67, 11.0, -13.09]
[-15.4, -72.48, 2.13, -36.63, -25.34, -74.46, -9.8, -9.77, -0.02, -100.47, 5.0, 4.49, -0.02, -103.67, 11.0, -13.09]
[-15.4, -72.48, 2.13, -36.63, -25.16, -74.13, -9.29, -9.77, -0.02, -100.47, 5.0, 4.49, -0.02, -103.67, 11.0, -13.09]
[-15.4, -72.48, 2.13, -36.63, -24.98, -73.79, -8.77, -9.77, -0.02, -100.47, 5.0, 4.49, -0.02, -103.67, 11.0, -13.09]
[-15.4, -72.48, 2.13, -36.63, -24.82, -73.44, -8.26, -9.77, -0.02, -100.47, 5.0, 4.49, -0.02, -103.67, 11.0, -13.09]
[-15.4, -72.48, 2.13, -36.63, -24.67, -73.07, -7.74, -9.77, -0.02, -100.47, 5.0, 4.49, -0.02, -103.67, 11.0, -13.09]
[-15.4, -72.48, 2.13, -36.63, -24.52, -72.7, -7.22, -9.77, -0.02, -100.47, 5.0, 4.49, -0.02, -103.67, 11.0, -13.09]
[-15.4, -72.48, 2.13, -36.63, -24.39, -72.31, -6.7, -9.77, -0.02, -100.47, 5.0, 4.49, -0.02, -103.67, 11.0, -13.09]
[-15.4, -72.48, 2.13, -36.63, -24.26, -71.92, -6.18, -9.77, -0.02, -100.47, 5.0, 4.49, -0.02, -103.67, 11.0, -13.09]
[-15.4, -72.48, 2.13, -36.63, -24.15, -71.51, -5.65, -9.77, -0.02, -100.47, 5.0, 4.49, -0.02, -103.67, 11.0, -13.09]
[-15.4, -72.48, 2.13, -36.63, -24.04, -71.09, -5.13, -9.77, -0.02, -100.47, 5.0, 4.49, -0.02, -103.67, 11.0, -13.09]
[-15.4, -72.48, 2.13, -36.63, -23.95, -70.65, -4.6, -9.77, -0.02, -100.47, 5.0, 4.49, -0.02, -103.67, 11.0, -13.09]
[-15.4, -72.48, 2.13, -36.63, -23.86, -70.21, -4.07, -9.77, -0.02, -100.47, 5.0, 4.49, -0.02, -103.67, 11.0, -13.09]
[-15.4, -72.48, 2.13, -36.63, -23.79, -69.75, -3.54, -9.77, -0.02, -100.47, 5.0, 4.49, -0.02, -103.67, 11.0, -13.09]
[-15.4, -72.48, 2.13, -36.63, -23.72, -69.28, -3.01, -9.77, -0.02, -100.47, 5.0, 4.49, -0.02, -103.67, 11.0, -13.09]
[-15.4, -72.48, 2.13, -36.63, -23.67, -68.8, -2.47, -9.77, -0.02, -100.47, 5.0, 4.49, -0.02, -103.67, 11.0, -13.09]
[-15.4, -72.48, 2.13, -36.63, -23.62, -68.31, -1.93, -9.77, -0.02, -100.47, 5.0, 4.49, -0.02, -103.67, 11.0, -13.09]
[-15.4, -72.48, 2.13, -36.63, -23.59, -67.8, -1.39, -9.77, -0.02, -100.47, 5.0, 4.49, -0.02, -103.67, 11.0, -13.09]
[-15.4, -72.48, 2.13, -36.63, -23.57, -67.29, -0.85, -9.77, -0.02, -100.47, 5.0, 4.49, -0.02, -103.67, 11.0, -13.09]
[-15.4, -72.48, 2.13, -36.63, -23.56, -66.75, -0.31, -9.77, -0.02, -100.47, 5.0, 4.49, -0.02, -103.67, 11.0, -13.09]
[-15.4, -72.48, 2.13, -36.63, -23.56, -66.21, 0.24, -9.77, -0.02, -100.47, 5.0, 4.49, -0.02, -103.67, 11.0, -13.09]
[-15.4, -72.48, 2.13, -36.63, -23.57, -65.65, 0.78, -9.77, -0.02, -100.47, 5.0, 4.49, -0.02, -103.67, 11.0, -13.09]
[-15.4, -72.48, 2.13, -36.63, -23.59, -65.08, 1.33, -9.77, -0.02, -100.47, 5.0, 4.49, -0.02, -103.67, 11.0, -13.09]
[-15.4, -72.48, 2.13, -36.63, -23.62, -64.49, 1.89, -9.77, -0.02, -100.47, 5.0, 4.49, -0.02, -103.67, 11.0, -13.09]
[-15.4, -72.48, 2.13, -36.63, -23.66, -63.89, 2.44, -9.77, -0.02, -100.47, 5.0, 4.49, -0.02, -103.67, 11.0, -13.09]
[-15.4, -72.48, 2.13, -36.63, -23.72, -63.28, 3.0, -9.77, -0.02, -100.47, 5.0, 4.49, -0.02, -103.67, 11.0, -13.09]
[-15.4, -72.48, 2.13, -36.63, -23.79, -62.65, 3.56, -9.77, -0.02, -100.47, 5.0, 4.49, -0.02, -103.67, 11.0, -13.09]
[-14.46, -73.54, 2.0, -36.28, -22.22, -64.53, 3.25, -9.86, -0.01, -100.48, 5.01, 3.76, -0.02, -103.59, 10.7, -12.82]
[-13.54, -74.58, 1.89, -35.93, -20.68, -66.36, 2.95, -9.95, -0.01, -100.48, 5.01, 3.02, -0.0, -103.52, 10.4, -12.56]
[-12.62, -75.59, 1.78, -35.57, -19.16, -68.15, 2.69, -10.05, -0.0, -100.5, 5.02, 2.29, -0.02, -103.43, 10.1, -12.31]
[-11.72, -76.59, 1.68, -35.21, -17.66, -69.9, 2.44, -10.14, -0.01, -100.49, 5.02, 1.56, -0.03, -103.32, 9.81, -12.07]
[-10.83, -77.57, 1.59, -34.84, -16.17, -71.61, 2.22, -10.23, -0.03, -100.47, 5.01, 0.82, -0.01, -103.24, 9.52, -11.84]
[-9.95, -78.53, 1.51, -34.47, -14.7, -73.28, 2.02, -10.33, -0.0, -100.49, 5.01, 0.09, -0.0, -103.15, 9.24, -11.61]
[-9.09, -79.47, 1.44, -34.1, -13.25, -74.92, 1.84, -10.43, -0.03, -100.46, 5.0, -0.64, -0.03, -103.02, 8.96, -11.39]
[-8.23, -80.4, 1.37, -33.73, -11.8, -76.52, 1.68, -10.53, -0.0, -100.47, 4.99, -1.38, -0.01, -102.92, 8.69, -11.17]
[-7.38, -81.31, 1.31, -33.35, -10.36, -78.1, 1.54, -10.63, -0.03, -100.44, 4.97, -2.11, -0.0, -102.81, 8.42, -10.97]
[-6.54, -82.2, 1.26, -32.97, -8.94, -79.65, 1.41, -10.73, -0.0, -100.45, 4.96, -2.84, -0.03, -102.67, 8.15, -10.77]
[-5.71, -83.07, 1.21, -32.58, -7.52, -81.17, 1.31, -10.83, -0.03, -100.41, 4.94, -3.56, -0.02, -102.55, 7.89, -10.57]
[-4.89, -83.93, 1.17, -32.19, -6.11, -82.67, 1.22, -10.94, -0.0, -100.41, 4.92, -4.29, -0.01, -102.42, 7.64, -10.38]
[-4.09, -84.77, 1.14, -31.8, -4.7, -84.15, 1.15, -11.05, -0.03, -100.37, 4.89, -5.01, -0.01, -102.29, 7.39, -10.2]
[-3.29, -85.6, 1.12, -31.4, -3.29, -85.6, 1.1, -11.16, -0.0, -100.37, 4.87, -5.74, -0.0, -102.15, 7.14, -10.02]
[-2.49, -86.41, 1.1, -31.0, -1.89, -87.04, 1.07, -11.27, -0.03, -100.32, 4.84, -6.46, -0.0, -102.01, 6.9, -9.85]
[-1.71, -87.2, 1.08, -30.6, -0.5, -88.45, 1.06, -11.38, -0.0, -100.31, 4.81, -7.17, -0.0, -101.86, 6.66, -9.68]
[-0.94, -87.99, 1.07, -30.19, -0.02, -89.18, 1.06, -11.49, -0.03, -100.26, 4.78, -7.89, -0.0, -101.7, 6.43, -9.51]
[-0.18, -88.75, 1.07, -29.78, -0.01, -89.56, 1.06, -11.61, -0.0, -100.25, 4.74, -8.6, -0.0, -101.54, 6.2, -9.35]
[-0.01, -89.08, 1.07, -29.36, -0.01, -89.93, 1.07, -11.73, -0.03, -100.19, 4.7, -9.31, -0.0, -101.38, 5.98, -9.2]
[-0.0, -89.29, 1.07, -28.94, -0.01, -90.29, 1.09, -11.85, -0.03, -100.15, 4.67, -10.01, -0.0, -101.21, 5.76, -9.05]
[-0.0, -89.49, 1.07, -28.52, -0.01, -90.65, 1.11, -11.97, -0.01, -100.11, 4.62, -10.71, -0.0, -101.03, 5.55, -8.9]
[-0.01, -89.68, 1.08, -28.09, -0.01, -91.01, 1.13, -12.1, -0.02, -100.07, 4.58, -11.41, -0.0, -100.85, 5.34, -8.76]
[-0.02, -89.86, 1.08, -27.66, -0.02, -91.36, 1.16, -12.22, -0.0, -100.03, 4.54, -12.1, -0.0, -100.66, 5.14, -8.62]
[-0.01, -90.06, 1.09, -27.23, -0.02, -91.7, 1.19, -12.35, -0.0, -99.98, 4.49, -12.79, -0.0, -100.47, 4.94, -8.48]
[-0.01, -90.24, 1.1, -26.79, -0.02, -92.04, 1.23, -12.48, -0.02, -99.91, 4.44, -13.47, -0.0, -100.28, 4.74, -8.35]
[-0.01, -90.41, 1.11, -26.35, -0.02, -92.37, 1.28, -12.62, -0.01, -99.86, 4.39, -14.15, -0.0, -100.07, 4.55, -8.22]
[-0.03, -90.58, 1.12, -25.9, -0.03, -92.7, 1.32, -12.75, -0.03, -99.79, 4.34, -14.83, -0.0, -99.87, 4.37, -8.09]
[-0.02, -90.76, 1.13, -25.45, -0.03, -93.02, 1.38, -12.89, -0.02, -99.73, 4.28, -15.5, -0.0, -99.66, 4.19, -7.97]
[-0.02, -90.92, 1.14, -25.0, -0.0, -93.37, 1.43, -13.03, -0.03, -99.66, 4.23, -16.16, -0.0, -99.44, 4.02, -7.85]
[-0.0, -91.11, 1.15, -24.54, -0.01, -93.68, 1.5, -13.18, -0.01, -99.6, 4.17, -16.82, -0.0, -99.22, 3.85, -7.73]
[-0.03, -91.25, 1.16, -24.08, -0.01, -93.99, 1.56, -13.32, -0.02, -99.52, 4.11, -17.48, -0.0, -98.99, 3.68, -7.61]
[-0.02, -91.41, 1.18, -23.62, -0.02, -94.29, 1.63, -13.47, -0.0, -99.46, 4.05, -18.13, -0.0, -98.76, 3.52, -7.5]
[-0.02, -91.57, 1.19, -23.15, -0.03, -94.59, 1.71, -13.62, -0.0, -99.38, 3.99, -18.77, -0.0, -98.53, 3.37, -7.39]
[-0.0, -91.73, 1.21, -22.68, -0.0, -94.9, 1.79, -13.78, -0.01, -99.29, 3.93, -19.41, -0.0, -98.29, 3.22, -7.28]
[-0.03, -91.86, 1.23, -22.2, -0.01, -95.19, 1.88, -13.94, -0.0, -99.22, 3.86, -20.04, -0.0, -98.04, 3.08, -7.18]
[-0.03, -92.0, 1.24, -21.73, -0.02, -95.47, 1.97, -14.1, -0.01, -99.13, 3.8, -20.67, -0.0, -97.79, 2.94, -7.08]
[-0.0, -92.16, 1.26, -21.24, -0.03, -95.75, 2.06, -14.26, -0.03, -99.02, 3.73, -21.29, -0.0, -97.54, 2.8, -6.98]
[-0.03, -92.28, 1.28, -20.76, -0.0, -96.05, 2.16, -14.43, -0.02, -98.93, 3.67, -21.91, -0.0, -97.28, 2.67, -6.88]
[-0.02, -92.42, 1.3, -20.27, -0.01, -96.31, 2.27, -14.6, -0.0, -98.85, 3.6, -22.52, -0.0, -97.01, 2.55, -6.78]
[-0.03, -92.54, 1.31, -19.78, -0.02, -96.57, 2.37, -14.77, -0.03, -98.74, 3.53, -23.12, -0.0, -96.74, 2.43, -6.69]
[-0.01, -92.68, 1.33, -19.28, -0.0, -96.86, 2.49, -14.95, -0.03, -98.63, 3.46, -23.72, -0.0, -96.47, 2.31, -6.59]
[-0.01, -92.8, 1.35, -18.78, -0.01, -97.11, 2.6, -15.13, -0.01, -98.54, 3.4, -24.31, -0.0, -96.19, 2.2, -6.5]
[-0.01, -92.92, 1.37, -18.28, -0.03, -97.35, 2.73, -15.32, -0.0, -98.44, 3.33, -24.9, -0.0, -95.91, 2.1, -6.42]
[-0.0, -93.05, 1.39, -17.77, -0.0, -97.62, 2.85, -15.51, -0.01, -98.32, 3.26, -25.48, -0.0, -95.63, 2.0, -6.33]
[-0.0, -93.16, 1.41, -17.26, -0.02, -97.85, 2.98, -15.7, -0.02, -98.19, 3.19, -26.05, -0.0, -95.33, 1.9, -6.24]
[-0.01, -93.27, 1.43, -16.75, -0.0, -98.11, 3.12, -15.9, -0.02, -98.08, 3.12, -26.62, -0.0, -95.04, 1.81, -6.16]
[-0.03, -93.36, 1.45, -16.23, -0.02, -98.33, 3.26, -16.1, -0.02, -97.95, 3.05, -27.18, -0.0, -94.74, 1.73, -6.08]
[-0.02, -93.47, 1.47, -15.72, -0.0, -98.57, 3.41, -16.31, -0.01, -97.84, 2.98, -27.74, -0.0, -94.43, 1.65, -6.0]
[-0.02, -93.56, 1.49, -15.19, -0.02, -98.79, 3.56, -16.52, -0.0, -97.72, 2.91, -28.29, -0.0, -94.12, 1.57, -5.92]
[-0.01, -93.67, 1.51, -14.67, -0.0, -99.02, 3.71, -16.73, -0.01, -97.58, 2.84, -28.83, -0.0, -93.81, 1.5, -5.84]
[-0.0, -93.77, 1.53, -14.14, -0.02, -99.22, 3.87, -16.95, -0.02, -97.44, 2.77, -29.37, -0.0, -93.49, 1.44, -5.77]
[-0.01, -93.85, 1.55, -13.61, -0.01, -99.44, 4.03, -17.18, -0.01, -97.3, 2.7, -29.9, -0.0, -93.16, 1.38, -5.69]
[-0.03, -93.93, 1.56, -13.08, -0.03, -99.63, 4.2, -17.41, -0.02, -97.16, 2.63, -30.43, -0.0, -92.83, 1.32, -5.62]
[-0.02, -94.01, 1.58, -12.54, -0.02, -99.84, 4.37, -17.64, -0.03, -97.0, 2.57, -30.95, -0.0, -92.5, 1.27, -5.55]
[-0.03, -94.09, 1.6, -12.0, -0.01, -100.05, 4.54, -17.89, -0.02, -96.86, 2.5, -31.46, -0.0, -92.16, 1.23, -5.48]
[-0.02, -94.17, 1.62, -11.46, -0.0, -100.25, 4.72, -18.13, -0.02, -96.71, 2.43, -31.97, -0.0, -91.82, 1.19, -5.41]
[-0.02, -94.25, 1.64, -10.92, -0.03, -100.41, 4.91, -18.39, -0.02, -96.55, 2.37, -32.47, -0.0, -91.47, 1.15, -5.34]
[-0.03, -94.31, 1.65, -10.37, -0.03, -100.6, 5.1, -18.64, -0.01, -96.4, 2.3, -32.96, -0.0, -91.12, 1.12, -5.27]
[-0.02, -94.38, 1.67, -9.82, -0.02, -100.78, 5.29, -18.91, -0.0, -96.24, 2.24, -33.45, -0.0, -90.76, 1.09, -5.21]
[-0.02, -94.44, 1.69, -9.27, -0.02, -100.96, 5.48, -19.18, -0.0, -96.08, 2.17, -33.93, -0.0, -90.39, 1.07, -5.14]
[-0.0, -94.52, 1.7, -8.72, -0.02, -101.12, 5.68, -19.46, -0.01, -95.9, 2.11, -34.41, -0.0, -90.03, 1.05, -5.08]
[-0.0, -94.58, 1.72, -8.16, -0.03, -101.29, 5.89, -19.75, -0.0, -95.74, 2.05, -34.88, -0.0, -89.65, 1.04, -5.02]
[-0.01, -94.63, 1.73, -7.61, -0.03, -101.44, 6.1, -20.04, -0.03, -95.54, 1.99, -35.35, -0.0, -89.27, 1.04, -4.96]
[-0.03, -94.67, 1.74, -7.05, -0.0, -101.62, 6.31, -20.34, -0.0, -95.38, 1.93, -35.81, -0.29, -88.68, 1.04, -4.9]
[-0.03, -94.72, 1.76, -6.49, -0.01, -101.76, 6.53, -20.65, -0.01, -95.19, 1.87, -36.26, -1.72, -87.24, 1.05, -4.84]
[-0.0, -94.78, 1.77, -5.92, -0.03, -101.9, 6.75, -20.96, -0.0, -95.01, 1.82, -36.71, -3.15, -85.78, 1.08, -4.78]
[-0.03, -94.8, 1.78, -5.36, -0.01, -102.05, 6.97, -21.29, -0.03, -94.8, 1.76, -37.16, -4.58, -84.3, 1.13, -4.72]
[-0.03, -94.84, 1.79, -4.8, -0.03, -102.17, 7.2, -21.62, -0.03, -94.6, 1.71, -37.59, -6.01, -82.79, 1.2, -4.67]
[-0.01, -94.89, 1.8, -4.23, -0.02, -102.31, 7.43, -21.96, -0.0, -94.42, 1.66, -38.03, -7.45, -81.27, 1.28, -4.61]
[-0.0, -94.93, 1.81, -3.66, -0.01, -102.45, 7.67, -22.32, -0.02, -94.2, 1.61, -38.45, -8.9, -79.72, 1.39, -4.56]
[-0.01, -94.95, 1.82, -3.09, -0.0, -102.57, 7.9, -22.68, -0.0, -94.0, 1.56, -38.87, -10.35, -78.14, 1.51, -4.5]
[-0.0, -94.99, 1.83, -2.52, -0.0, -102.69, 8.15, -23.05, -0.0, -93.8, 1.51, -39.29, -11.81, -76.53, 1.66, -4.45]
[-0.0, -95.01, 1.83, -1.95, -0.01, -102.8, 8.39, -23.43, -0.0, -93.58, 1.47, -39.7, -13.28, -74.9, 1.82, -4.4]
[-0.02, -95.02, 1.84, -1.38, -0.01, -102.91, 8.64, -23.82, -0.01, -93.35, 1.43, -40.11, -14.77, -73.23, 2.01, -4.35]
[-0.01, -95.04, 1.84, -0.81, -0.03, -103.0, 8.89, -24.23, -0.03, -93.11, 1.39, -40.51, -16.26, -71.53, 2.21, -4.3]
[-0.02, -95.05, 1.85, -0.23, -0.01, -103.12, 9.15, -24.65, -0.02, -92.9, 1.35, -40.9, -17.78, -69.79, 2.44, -4.25]
[-0.0, -95.07, 1.85, 0.34, -0.03, -103.2, 9.41, -25.08, -0.01, -92.67, 1.31, -41.29, -19.3, -68.01, 2.69, -4.2]
[-0.0, -95.07, 1.85, 0.34, -0.03, -103.2, 9.41, -25.08, -0.01, -92.67, 1.31, -41.29, -19.21, -68.67, 2.13, -4.46]
[-0.0, -95.07, 1.85, 0.34, -0.03, -103.2, 9.41, -25.08, -0.01, -92.67, 1.31, -41.29, -19.12, -69.31, 1.57, -4.72]
[-0.0, -95.07, 1.85, 0.34, -0.03, -103.2, 9.41, -25.08, -0.01, -92.67, 1.31, -41.29, -19.05, -69.94, 1.01, -4.98]
[-0.0, -95.07, 1.85, 0.34, -0.03, -103.2, 9.41, -25.08, -0.01, -92.67, 1.31, -41.29, -19.0, -70.54, 0.46, -5.24]
[-0.0, -95.07, 1.85, 0.34, -0.03, -103.2, 9.41, -25.08, -0.01, -92.67, 1.31, -41.29, -18.96, -71.13, -0.09, -5.49]
[-0.0, -95.07, 1.85, 0.34, -0.03, -103.2, 9.41, -25.08, -0.01, -92.67, 1.31, -41.29, -18.94, -71.71, -0.64, -5.75]
[-0.0, -95.07, 1.85, 0.34, -0.03, -103.2, 9.41, -25.08, -0.01, -92.67, 1.31, -41.29, -18.93, -72.26, -1.19, -6.01]
[-0.0, -95.07, 1.85, 0.34, -0.03, -103.2, 9.41, -25.08, -0.01, -92.67, 1.31, -41.29, -18.94, -72.8, -1.74, -6.27]
[-0.0, -95.07, 1.85, 0.34, -0.03, -103.2, 9.41, -25.08, -0.01, -92.67, 1.31, -41.29, -18.96, -73.32, -2.28, -6.53]
[-0.0, -95.07, 1.85, 0.34, -0.03, -103.2, 9.41, -25.08, -0.01, -92.67, 1.31, -41.29, -19.0, -73.82, -2.82, -6.79]
[-0.0, -95.07, 1.85, 0.34, -0.03, -103.2, 9.41, -25.08, -0.01, -92.67, 1.31, -41.29, -19.05, -74.31, -3.36, -7.05]
[-0.0, -95.07, 1.85, 0.34, -0.03, -103.2, 9.41, -25.08, -0.01, -92.67, 1.31, -41.29, -19.11, -74.78, -3.89, -7.31]
[-0.0, -95.07, 1.85, 0.34, -0.03, -103.2, 9.41, -25.08, -0.01, -92.67, 1.31, -41.29, -19.19, -75.24, -4.43, -7.57]
[-0.0, -95.07, 1.85, 0.34, -0.03, -103.2, 9.41, -25.08, -0.01, -92.67, 1.31, -41.29, -19.28, -75.68, -4.96, -7.83]
[-0.0, -95.07, 1.85, 0.34, -0.03, -103.2, 9.41, -25.08, -0.01, -92.67, 1.31, -41.29, -19.39, -76.1, -5.49, -8.09]
[-0.0, -95.07, 1.85, 0.34, -0.03, -103.2, 9.41, -25.08, -0.01, -92.67, 1.31, -41.29, -19.51, -76.51, -6.02, -8.35]
[-0.0, -95.07, 1.85, 0.34, -0.03, -103.2, 9.41, -25.08, -0.01, -92.67, 1.31, -41.29, -19.64, -76.9, -6.54, -8.61]
[-0.0, -95.07, 1.85, 0.34, -0.03, -103.2, 9.41, -25.08, -0.01, -92.67, 1.31, -41.29, -19.79, -77.28, -7.07, -8.87]
[-0.0, -95.07, 1.85, 0.34, -0.03, -103.2, 9.41, -25.08, -0.01, -92.67, 1.31, -41.29, -19.95, -77.64, -7.59, -9.12]
[-0.0, -95.07, 1.85, 0.34, -0.03, -103.2, 9.41, -25.08, -0.01, -92.67, 1.31, -41.29, -20.12, -77.99, -8.11, -9.38]
[-0.0, -95.07, 1.85, 0.34, -0.03, -103.2, 9.41, -25.08, -0.01, -92.67, 1.31, -41.29, -20.31, -78.32, -8.62, -9.64]
[-0.0, -95.07, 1.85, 0.34, -0.03, -103.2, 9.41, -25.08, -0.01, -92.67, 1.31, -41.29, -20.51, -78.63, -9.14, -9.9]
[-0.0, -95.07, 1.85, 0.34, -0.03, -103.2, 9.41, -25.08, -0.01, -92.67, 1.31, -41.29, -20.73, -78.93, -9.65, -10.16]
[-0.0, -95.07, 1.85, 0.34, -0.03, -103.2, 9.41, -25.08, -0.01, -92.67, 1.31, -41.29, -20.95, -79.22, -10.17, -10.42]
[-0.0, -95.07, 1.85, 0.34, -0.03, -103.2, 9.41, -25.08, -0.01, -92.67, 1.31, -41.29, -21.19, -79.49, -10.68, -10.68]
[-0.0, -95.07, 1.85, 0.34, -0.03, -103.2, 9.41, -25.08, -0.01, -92.67, 1.31, -41.29, -21.45, -79.74, -11.18, -10.94]
[-0.0, -95.07, 1.85, 0.34, -0.03, -103.2, 9.41, -25.08, -0.01, -92.67, 1.31, -41.29, -21.71, -79.98, -11.69, -11.2]
[-0.0, -95.07, 1.85, 0.34, -0.03, -103.2, 9.41, -25.08, -0.01, -92.67, 1.31, -41.29, -21.99, -80.21, -12.19, -11.45]
[-0.0, -95.07, 1.85, 0.34, -0.03, -103.2, 9.41, -25.08, -0.01, -92.67, 1.31, -41.29, -22.28, -80.41, -12.69, -11.71]
[-0.0, -95.07, 1.85, 0.34, -0.03, -103.2, 9.41, -25.08, -0.01, -92.67, 1.31, -41.29, -22.59, -80.61, -13.19, -11.97]
[-0.0, -95.07, 1.85, 0.34, -0.03, -103.2, 9.41, -25.08, -0.01, -92.67, 1.31, -41.29, -22.9, -80.79, -13.69, -12.23]
[-0.0, -95.07, 1.85, 0.34, -0.03, -103.2, 9.41, -25.08, -0.01, -92.67, 1.31, -41.29, -23.23, -80.95, -14.18, -12.49]
[-0.0, -95.07, 1.85, 0.34, -0.03, -103.2, 9.41, -25.08, -0.01, -92.67, 1.31, -41.29, -23.57, -81.1, -14.67, -12.74]
[-0.0, -95.07, 1.85, 0.34, -0.03, -103.2, 9.41, -25.08, -0.01, -92.67, 1.31, -41.29, -23.93, -81.24, -15.16, -13.0]
[-0.0, -95.07, 1.85, 0.34, -0.03, -103.2, 9.41, -25.08, -0.01, -92.67, 1.31, -41.29, -24.29, -81.36, -15.65, -13.26]
[-0.0, -95.07, 1.85, 0.34, -0.03, -103.2, 9.41, -25.08, -0.01, -92.67, 1.31, -41.29, -24.67, -81.47, -16.13, -13.51]
[-0.0, -95.07, 1.85, 0.34, -0.03, -103.2, 9.41, -25.08, -0.01, -92.67, 1.31, -41.29, -25.06, -81.56, -16.61, -13.77]
[-0.0, -95.07, 1.85, 0.34, -0.03, -103.2, 9.41, -25.08, -0.01, -92.67, 1.31, -41.29, -25.46, -81.63, -17.09, -14.03]
[-0.0, -95.07, 1.85, 0.34, -0.03, -103.2, 9.41, -25.08, -0.01, -92.67, 1.31, -41.29, -25.88, -81.69, -17.57, -14.28]
[-0.0, -95.07, 1.85, 0.34, -0.03, -103.2, 9.41, -25.08, -0.01, -92.67, 1.31, -41.29, -26.3, -81.74, -18.04, -14.54]
[-0.0, -95.07, 1.85, 0.34, -0.03, -103.2, 9.41, -25.08, -0.01, -92.67, 1.31, -41.29, -26.74, -81.77, -18.51, -14.79]
[-0.0, -95.07, 1.85, 0.34, -0.03, -103.2, 9.41, -25.08, -0.01, -92.67, 1.31, -41.29, -27.19, -81.79, -18.97, -15.05]
[-0.0, -95.07, 1.85, 0.34, -0.03, -103.2, 9.41, -25.08, -0.01, -92.67, 1.31, -41.29, -27.65, -81.79, -19.44, -15.3]
[-0.0, -95.07, 1.85, 0.34, -0.03, -103.2, 9.41, -25.08, -0.01, -92.67, 1.31, -41.29, -28.12, -81.78, -19.89, -15.56]
[-0.0, -95.07, 1.85, 0.34, -0.03, -103.2, 9.41, -25.08, -0.01, -92.67, 1.31, -41.29, -28.6, -81.75, -20.35, -15.81]
[-0.0, -95.07, 1.85, 0.34, -0.03, -103.2, 9.41, -25.08, -0.01, -92.67, 1.31, -41.29, -29.1, -81.71, -20.8, -16.07]
[-0.0, -95.07, 1.85, 0.34, -0.03, -103.2, 9.41, -25.08, -0.01, -92.67, 1.31, -41.29, -29.6, -81.65, -21.25, -16.32]
[-0.0, -95.07, 1.85, 0.34, -0.03, -103.2, 9.41, -25.08, -0.01, -92.67, 1.31, -41.29, -30.12, -81.58, -21.69, -16.57]
[-0.0, -95.07, 1.85, 0.34, -0.03, -103.2, 9.41, -25.08, -0.01, -92.67, 1.31, -41.29, -30.64, -81.49, -22.13, -16.83]
[-0.0, -95.07, 1.85, 0.34, -0.03, -103.2, 9.41, -25.08, -0.01, -92.67, 1.31, -41.29, -31.18, -81.39, -22.57, -17.08]
[-0.0, -95.07, 1.85, 0.34, -0.03, -103.2, 9.41, -25.08, -0.01, -92.67, 1.31, -41.29, -31.73, -81.28, -23.0, -17.33]
[-0.0, -95.07, 1.85, 0.34, -0.03, -103.2, 9.41, -25.08, -0.01, -92.67, 1.31, -41.29, -32.29, -81.14, -23.43, -17.58]
[-0.0, -95.07, 1.85, 0.34, -0.03, -103.2, 9.41, -25.08, -0.01, -92.67, 1.31, -41.29, -32.86, -81.0, -23.85, -17.83]
[-0.0, -95.07, 1.85, 0.34, -0.03, -103.2, 9.41, -25.08, -0.01, -92.67, 1.31, -41.29, -33.44, -80.84, -24.27, -18.08]
[-0.0, -95.07, 1.85, 0.34, -0.03, -103.2, 9.41, -25.08, -0.01, -92.67, 1.31, -41.29, -34.03, -80.66, -24.69, -18.33]
[-0.0, -95.07, 1.85, 0.34, -0.03, -103.2, 9.41, -25.08, -0.01, -92.67, 1.31, -41.29, -34.63, -80.47, -25.1, -18.58]
[-0.0, -95.07, 1.85, 0.34, -0.03, -103.2, 9.41, -25.08, -0.01, -92.67, 1.31, -41.29, -35.24, -80.26, -25.5, -18.83]
[-0.0, -95.07, 1.85, 0.34, -0.03, -103.2, 9.41, -25.08, -0.01, -92.67, 1.31, -41.29, -35.86, -80.04, -25.9, -19.08]
[-0.0, -95.07, 1.85, 0.34, -0.03, -103.2, 9.41, -25.08, -0.01, -92.67, 1.31, -41.29, -36.49, -79.81, -26.3, -19.33]
[-0.0, -95.07, 1.85, 0.34, -0.03, -103.2, 9.41, -25.08, -0.01, -92.67, 1.31, -41.29, -37.13, -79.56, -26.69, -19.58]
[-0.01, -95.07, 1.85, 0.34, -0.0, -103.21, 9.4, -25.09, -0.03, -92.65, 1.31, -41.29, -37.13, -79.57, -26.69, -19.57]
[-0.01, -95.07, 1.85, 0.34, -0.0, -103.21, 9.4, -25.09, -0.03, -92.65, 1.31, -41.29, -36.64, -79.6, -26.24, -19.57]
[-0.01, -95.07, 1.85, 0.34, -0.0, -103.21, 9.4, -25.09, -0.03, -92.65, 1.31, -41.29, -36.17, -79.63, -25.8, -19.57]
[-0.01, -95.07, 1.85, 0.34, -0.0, -103.21, 9.4, -25.09, -0.03, -92.65, 1.31, -41.29, -35.71, -79.65, -25.35, -19.57]
[-0.01, -95.07, 1.85, 0.34, -0.0, -103.21, 9.4, -25.09, -0.03, -92.65, 1.31, -41.29, -35.25, -79.65, -24.9, -19.57]
[-0.01, -95.07, 1.85, 0.34, -0.0, -103.21, 9.4, -25.09, -0.03, -92.65, 1.31, -41.29, -34.8, -79.65, -24.44, -19.57]
[-0.01, -95.07, 1.85, 0.34, -0.0, -103.21, 9.4, -25.09, -0.03, -92.65, 1.31, -41.29, -34.36, -79.63, -23.99, -19.57]
[-0.01, -95.07, 1.85, 0.34, -0.0, -103.21, 9.4, -25.09, -0.03, -92.65, 1.31, -41.29, -33.92, -79.61, -23.53, -19.57]
[-0.01, -95.07, 1.85, 0.34, -0.0, -103.21, 9.4, -25.09, -0.03, -92.65, 1.31, -41.29, -33.49, -79.58, -23.07, -19.57]
[-0.01, -95.07, 1.85, 0.34, -0.0, -103.21, 9.4, -25.09, -0.03, -92.65, 1.31, -41.29, -33.08, -79.53, -22.6, -19.57]
[-0.01, -95.07, 1.85, 0.34, -0.0, -103.21, 9.4, -25.09, -0.03, -92.65, 1.31, -41.29, -32.66, -79.47, -22.14, -19.57]
[-0.01, -95.07, 1.85, 0.34, -0.0, -103.21, 9.4, -25.09, -0.03, -92.65, 1.31, -41.29, -32.26, -79.41, -21.67, -19.57]
[-0.01, -95.07, 1.85, 0.34, -0.0, -103.21, 9.4, -25.09, -0.03, -92.65, 1.31, -41.29, -31.87, -79.33, -21.2, -19.57]
[-0.01, -95.07, 1.85, 0.34, -0.0, -103.21, 9.4, -25.09, -0.03, -92.65, 1.31, -41.29, -31.48, -79.25, -20.72, -19.57]
[-0.01, -95.07, 1.85, 0.34, -0.0, -103.21, 9.4, -25.09, -0.03, -92.65, 1.31, -41.29, -31.1, -79.15, -20.25, -19.57]
[-0.01, -95.07, 1.85, 0.34, -0.0, -103.21, 9.4, -25.09, -0.03, -92.65, 1.31, -41.29, -30.73, -79.04, -19.77, -19.57]
[-0.01, -95.07, 1.85, 0.34, -0.0, -103.21, 9.4, -25.09, -0.03, -92.65, 1.31, -41.29, -30.37, -78.93, -19.29, -19.57]
[-0.01, -95.07, 1.85, 0.34, -0.0, -103.21, 9.4, -25.09, -0.03, -92.65, 1.31, -41.29, -30.02, -78.8, -18.81, -19.57]
[-0.01, -95.07, 1.85, 0.34, -0.0, -103.21, 9.4, -25.09, -0.03, -92.65, 1.31, -41.29, -29.67, -78.66, -18.33, -19.57]
[-0.01, -95.07, 1.85, 0.34, -0.0, -103.21, 9.4, -25.09, -0.03, -92.65, 1.31, -41.29, -29.34, -78.51, -17.85, -19.57]
[-0.01, -95.07, 1.85, 0.34, -0.0, -103.21, 9.4, -25.09, -0.03, -92.65, 1.31, -41.29, -29.01, -78.35, -17.36, -19.57]
[-0.01, -95.07, 1.85, 0.34, -0.0, -103.21, 9.4, -25.09, -0.03, -92.65, 1.31, -41.29, -28.69, -78.18, -16.87, -19.57]
[-0.01, -95.07, 1.85, 0.34, -0.0, -103.21, 9.4, -25.09, -0.03, -92.65, 1.31, -41.29, -28.38, -78.0, -16.38, -19.57]
[-0.01, -95.07, 1.85, 0.34, -0.0, -103.21, 9.4, -25.09, -0.03, -92.65, 1.31, -41.29, -28.08, -77.81, -15.89, -19.57]
[-0.01, -95.07, 1.85, 0.34, -0.0, -103.21, 9.4, -25.09, -0.03, -92.65, 1.31, -41.29, -27.79, -77.61, -15.4, -19.57]
[-0.01, -95.07, 1.85, 0.34, -0.0, -103.21, 9.4, -25.09, -0.03, -92.65, 1.31, -41.29, -27.5, -77.4, -14.9, -19.57]
[-0.01, -95.07, 1.85, 0.34, -0.0, -103.21, 9.4, -25.09, -0.03, -92.65, 1.31, -41.29, -27.23, -77.18, -14.4, -19.57]
[-0.01, -95.07, 1.85, 0.34, -0.0, -103.21, 9.4, -25.09, -0.03, -92.65, 1.31, -41.29, -26.96, -76.95, -13.91, -19.57]
[-0.01, -95.07, 1.85, 0.34, -0.0, -103.21, 9.4, -25.09, -0.03, -92.65, 1.31, -41.29, -26.7, -76.71, -13.41, -19.57]
[-0.01, -95.07, 1.85, 0.34, -0.0, -103.21, 9.4, -25.09, -0.03, -92.65, 1.31, -41.29, -26.46, -76.45, -12.9, -19.57]
[-0.01, -95.07, 1.85, 0.34, -0.0, -103.21, 9.4, -25.09, -0.03, -92.65, 1.31, -41.29, -26.22, -76.19, -12.4, -19.57]
[-0.01, -95.07, 1.85, 0.34, -0.0, -103.21, 9.4, -25.09, -0.03, -92.65, 1.31, -41.29, -25.99, -75.91, -11.9, -19.57]
[-0.01, -95.07, 1.85, 0.34, -0.0, -103.21, 9.4, -25.09, -0.03, -92.65, 1.31, -41.29, -25.77, -75.63, -11.39, -19.57]
[-0.01, -95.07, 1.85, 0.34, -0.0, -103.21, 9.4, -25.09, -0.03, -92.65, 1.31, -41.29, -25.55, -75.33, -10.88, -19.57]
[-0.01, -95.07, 1.85, 0.34, -0.0, -103.21, 9.4, -25.09, -0.03, -92.65, 1.31, -41.29, -25.35, -75.02, -10.37, -19.57]
[-0.01, -95.07, 1.85, 0.34, -0.0, -103.21, 9.4, -25.09, -0.03, -92.65, 1.31, -41.29, -25.16, -74.71, -9.86, -19.57]
[-0.01, -95.07, 1.85, 0.34, -0.0, -103.21, 9.4, -25.09, -0.03, -92.65, 1.31, -41.29, -24.98, -74.38, -9.35, -19.57]
[-0.01, -95.07, 1.85, 0.34, -0.0, -103.21, 9.4, -25.09, -0.03, -92.65, 1.31, -41.29, -24.8, -74.04, -8.83, -19.57]
[-0.01, -95.07, 1.85, 0.34, -0.0, -103.21, 9.4, -25.09, -0.03, -92.65, 1.31, -41.29, -24.64, -73.68, -8.32, -19.57]
[-0.01, -95.07, 1.85, 0.34, -0.0, -103.21, 9.4, -25.09, -0.03, -92.65, 1.31, -41.29, -24.48, -73.32, -7.8, -19.57]
[-0.01, -95.07, 1.85, 0.34, -0.0, -103.21, 9.4, -25.09, -0.03, -92.65, 1.31, -41.29, -24.34, -72.95, -7.28, -19.57]
[-0.01, -95.07, 1.85, 0.34, -0.0, -103.21, 9.4, -25.09, -0.03, -92.65, 1.31, -41.29, -24.2, -72.56, -6.76, -19.57]
[-0.01, -95.07, 1.85, 0.34, -0.0, -103.21, 9.4, -25.09, -0.03, -92.65, 1.31, -41.29, -24.07, -72.17, -6.24, -19.57]
[-0.01, -95.07, 1.85, 0.34, -0.0, -103.21, 9.4, -25.09, -0.03, -92.65, 1.31, -41.29, -23.96, -71.76, -5.71, -19.57]
[-0.01, -95.07, 1.85, 0.34, -0.0, -103.21, 9.4, -25.09, -0.03, -92.65, 1.31, -41.29, -23.85, -71.34, -5.19, -19.57]
[-0.01, -95.07, 1.85, 0.34, -0.0, -103.21, 9.4, -25.09, -0.03, -92.65, 1.31, -41.29, -23.76, -70.91, -4.66, -19.57]
[-0.01, -95.07, 1.85, 0.34, -0.0, -103.21, 9.4, -25.09, -0.03, -92.65, 1.31, -41.29, -23.67, -70.46, -4.13, -19.57]
[-0.01, -95.07, 1.85, 0.34, -0.0, -103.21, 9.4, -25.09, -0.03, -92.65, 1.31, -41.29, -23.59, -70.01, -3.6, -19.57]
[-0.01, -95.07, 1.85, 0.34, -0.0, -103.21, 9.4, -25.09, -0.03, -92.65, 1.31, -41.29, -23.53, -69.54, -3.07, -19.57]
[-0.01, -95.07, 1.85, 0.34, -0.0, -103.21, 9.4, -25.09, -0.03, -92.65, 1.31, -41.29, -23.47, -69.06, -2.53, -19.57]
[-0.01, -95.07, 1.85, 0.34, -0.0, -103.21, 9.4, -25.09, -0.03, -92.65, 1.31, -41.29, -23.43, -68.57, -1.99, -19.57]
[-0.01, -95.07, 1.85, 0.34, -0.0, -103.21, 9.4, -25.09, -0.03, -92.65, 1.31, -41.29, -23.39, -68.07, -1.45, -19.57]
[-0.01, -95.07, 1.85, 0.34, -0.0, -103.21, 9.4, -25.09, -0.03, -92.65, 1.31, -41.29, -23.37, -67.55, -0.91, -19.57]
[-0.01, -95.07, 1.85, 0.34, -0.0, -103.21, 9.4, -25.09, -0.03, -92.65, 1.31, -41.29, -23.36, -67.02, -0.37, -19.57]
[-0.01, -95.07, 1.85, 0.34, -0.0, -103.21, 9.4, -25.09, -0.03, -92.65, 1.31, -41.29, -23.35, -66.47, 0.17, -19.57]
[-0.01, -95.07, 1.85, 0.34, -0.0, -103.21, 9.4, -25.09, -0.03, -92.65, 1.31, -41.29, -23.36, -65.92, 0.72, -19.57]
[-0.01, -95.07, 1.85, 0.34, -0.0, -103.21, 9.4, -25.09, -0.03, -92.65, 1.31, -41.29, -23.38, -65.35, 1.27, -19.57]
[-0.01, -95.07, 1.85, 0.34, -0.0, -103.21, 9.4, -25.09, -0.03, -92.65, 1.31, -41.29, -23.42, -64.76, 1.82, -19.57]
[-0.01, -95.07, 1.85, 0.34, -0.0, -103.21, 9.4, -25.09, -0.03, -92.65, 1.31, -41.29, -23.46, -64.17, 2.38, -19.57]
[-0.01, -95.07, 1.85, 0.34, -0.0, -103.21, 9.4, -25.09, -0.03, -92.65, 1.31, -41.29, -23.51, -63.55, 2.94, -19.57]
[-0.01, -95.07, 1.85, 0.34, -0.0, -103.21, 9.4, -25.09, -0.03, -92.65, 1.31, -41.29, -23.58, -62.93, 3.5, -19.57]
[-0.03, -95.13, 1.87, -0.12, -0.0, -103.13, 9.16, -24.95, -0.01, -92.79, 1.33, -40.89, -22.24, -64.53, 3.23, -19.6]
[-0.01, -95.2, 1.89, -0.59, -0.0, -103.04, 8.93, -24.82, -0.01, -92.92, 1.35, -40.48, -20.92, -66.1, 2.98, -19.63]
[-0.01, -95.26, 1.91, -1.06, -0.0, -102.95, 8.7, -24.69, -0.0, -93.04, 1.37, -40.07, -19.62, -67.64, 2.75, -19.66]
[-0.02, -95.32, 1.93, -1.53, -0.0, -102.86, 8.47, -24.56, -0.01, -93.15, 1.39, -39.66, -18.33, -69.14, 2.53, -19.69]
[-0.0, -95.39, 1.95, -2.0, -0.0, -102.76, 8.24, -24.44, -0.03, -93.25, 1.41, -39.25, -17.05, -70.62, 2.33, -19.72]
[-0.03, -95.43, 1.96, -2.48, -0.0, -102.66, 8.02, -24.32, -0.01, -93.38, 1.43, -38.83, -15.79, -72.07, 2.15, -19.75]
[-0.03, -95.48, 1.98, -2.96, -0.0, -102.55, 7.8, -24.2, -0.01, -93.49, 1.45, -38.41, -14.53, -73.49, 1.98, -19.78]
[-0.0, -95.55, 2.0, -3.43, -0.0, -102.44, 7.58, -24.08, -0.01, -93.6, 1.47, -37.99, -13.29, -74.89, 1.82, -19.82]
[-0.02, -95.59, 2.01, -3.91, -0.0, -102.32, 7.37, -23.97, -0.02, -93.7, 1.5, -37.56, -12.05, -76.27, 1.68, -19.85]
[-0.01, -95.64, 2.03, -4.4, -0.0, -102.21, 7.16, -23.86, -0.0, -93.81, 1.52, -37.14, -10.82, -77.63, 1.56, -19.88]
[-0.01, -95.68, 2.05, -4.88, -0.0, -102.08, 6.95, -23.76, -0.03, -93.89, 1.54, -36.71, -9.59, -78.96, 1.45, -19.91]
[-0.03, -95.72, 2.06, -5.36, -0.0, -101.96, 6.75, -23.65, -0.03, -93.99, 1.56, -36.27, -8.37, -80.28, 1.35, -19.95]
[-0.01, -95.77, 2.07, -5.85, -0.0, -101.83, 6.55, -23.55, -0.0, -94.11, 1.58, -35.84, -7.16, -81.58, 1.26, -19.98]
[-0.01, -95.81, 2.09, -6.34, -0.0, -101.7, 6.36, -23.45, -0.02, -94.19, 1.61, -35.4, -5.95, -82.86, 1.19, -20.01]
[-0.01, -95.84, 2.1, -6.83, -0.0, -101.56, 6.16, -23.35, -0.01, -94.3, 1.63, -34.96, -4.74, -84.13, 1.14, -20.05]
[-0.03, -95.86, 2.11, -7.32, -0.0, -101.42, 5.98, -23.26, -0.0, -94.39, 1.65, -34.52, -3.54, -85.37, 1.09, -20.08]
[-0.02, -95.9, 2.12, -7.81, -0.0, -101.27, 5.79, -23.17, -0.01, -94.47, 1.67, -34.07, -2.34, -86.61, 1.06, -20.12]
[-0.02, -95.93, 2.13, -8.3, -0.0, -101.13, 5.61, -23.07, -0.02, -94.55, 1.69, -33.63, -1.14, -87.83, 1.04, -20.15]
[-0.03, -95.95, 2.14, -8.79, -0.0, -100.98, 5.43, -22.99, -0.01, -94.64, 1.71, -33.18, -0.01, -88.98, 1.04, -20.19]
[-0.01, -95.99, 2.15, -9.29, -0.0, -100.82, 5.26, -22.9, -0.0, -94.72, 1.74, -32.73, -0.02, -89.3, 1.04, -20.23]
[-0.01, -96.01, 2.16, -9.78, -0.0, -100.66, 5.09, -22.81, -0.01, -94.8, 1.76, -32.27, -0.03, -89.61, 1.04, -20.27]
[-0.01, -96.03, 2.17, -10.28, -0.0, -100.5, 4.92, -22.73, -0.02, -94.86, 1.78, -31.81, -0.01, -89.95, 1.05, -20.3]
[-0.03, -96.04, 2.18, -10.77, -0.0, -100.34, 4.75, -22.65, -0.01, -94.95, 1.8, -31.36, -0.02, -90.25, 1.06, -20.34]
[-0.01, -96.06, 2.18, -11.27, -0.0, -100.17, 4.59, -22.57, -0.0, -95.02, 1.82, -30.89, -0.03, -90.55, 1.08, -20.38]
[-0.01, -96.08, 2.19, -11.77, -0.0, -100.0, 4.44, -22.49, -0.01, -95.09, 1.84, -30.43, -0.0, -90.88, 1.1, -20.42]
[-0.02, -96.09, 2.19, -12.26, -0.0, -99.82, 4.28, -22.42, -0.02, -95.14, 1.86, -29.97, -0.01, -91.18, 1.12, -20.46]
[-0.01, -96.11, 2.2, -12.76, -0.0, -99.64, 4.13, -22.34, -0.01, -95.22, 1.88, -29.5, -0.03, -91.47, 1.15, -20.5]
[-0.0, -96.12, 2.2, -13.26, -0.0, -99.46, 3.99, -22.27, -0.0, -95.28, 1.9, -29.03, -0.0, -91.78, 1.18, -20.55]
[-0.01, -96.12, 2.2, -13.76, -0.0, -99.28, 3.84, -22.19, -0.01, -95.34, 1.92, -28.56, -0.01, -92.07, 1.21, -20.59]
[-0.02, -96.12, 2.2, -14.26, -0.0, -99.09, 3.7, -22.12, -0.02, -95.38, 1.93, -28.09, -0.02, -92.35, 1.25, -20.63]
[-0.01, -96.13, 2.2, -14.76, -0.0, -98.9, 3.57, -22.05, -0.01, -95.45, 1.95, -27.61, -0.0, -92.66, 1.29, -20.67]
[-0.01, -96.13, 2.2, -15.26, -0.0, -98.7, 3.43, -21.99, -0.01, -95.5, 1.97, -27.13, -0.01, -92.93, 1.34, -20.72]
[-0.02, -96.12, 2.2, -15.76, -0.0, -98.51, 3.31, -21.92, -0.02, -95.55, 1.99, -26.66, -0.02, -93.2, 1.38, -20.76]
[-0.0, -96.12, 2.2, -16.26, -0.0, -98.31, 3.18, -21.85, -0.0, -95.61, 2.0, -26.18, -0.0, -93.5, 1.43, -20.81]
[-0.0, -96.12, 2.2, -16.76, -0.0, -98.1, 3.06, -21.79, -0.03, -95.64, 2.02, -25.7, -0.01, -93.76, 1.49, -20.86]
[-0.01, -96.11, 2.2, -17.25, -0.0, -97.89, 2.94, -21.73, -0.03, -95.68, 2.03, -25.21, -0.02, -94.02, 1.55, -20.9]
[-0.02, -96.09, 2.19, -17.75, -0.0, -97.68, 2.82, -21.67, -0.01, -95.74, 2.05, -24.73, -0.03, -94.28, 1.61, -20.95]
[-0.01, -96.08, 2.19, -18.25, -0.0, -97.47, 2.71, -21.61, -0.03, -95.77, 2.06, -24.24, -0.0, -94.56, 1.68, -21.0]
[-0.01, -96.07, 2.18, -18.75, -0.0, -97.25, 2.6, -21.55, -0.02, -95.81, 2.07, -23.75, -0.01, -94.82, 1.74, -21.05]
[-0.02, -96.04, 2.18, -19.25, -0.0, -97.03, 2.5, -21.49, -0.03, -95.84, 2.09, -23.27, -0.02, -95.07, 1.82, -21.1]
[-0.01, -96.04, 2.17, -19.74, -0.0, -96.81, 2.4, -21.43, -0.0, -95.89, 2.1, -22.78, -0.03, -95.31, 1.89, -21.15]
[-0.0, -96.02, 2.16, -20.24, -0.0, -96.58, 2.3, -21.37, -0.03, -95.9, 2.11, -22.29, -0.0, -95.58, 1.97, -21.2]
[-0.01, -95.99, 2.15, -20.73, -0.0, -96.35, 2.21, -21.32, -0.03, -95.94, 2.12, -21.79, -0.01, -95.82, 2.06, -21.26]
[-0.02, -95.96, 2.14, -21.23, -0.0, -96.12, 2.12, -21.26, -0.0, -95.98, 2.13, -21.3, -0.02, -96.06, 2.14, -21.31]
[-0.01, -96.1, 2.19, -20.5, -0.03, -96.24, 2.17, -20.54, -0.02, -96.1, 2.18, -20.58, -0.0, -96.2, 2.19, -20.59]
[-0.02, -96.2, 2.24, -19.76, -0.0, -96.37, 2.21, -19.79, -0.03, -96.21, 2.22, -19.84, -0.01, -96.31, 2.24, -19.84]
[-0.03, -96.3, 2.27, -18.97, -0.01, -96.47, 2.25, -19.0, -0.03, -96.31, 2.26, -19.05, -0.01, -96.41, 2.28, -19.05]
[-0.01, -96.39, 2.3, -18.2, -0.02, -96.53, 2.28, -18.22, -0.01, -96.4, 2.29, -18.27, -0.03, -96.47, 2.31, -18.28]
[-0.01, -96.46, 2.33, -17.42, -0.0, -96.61, 2.31, -17.4, -0.01, -96.47, 2.32, -17.5, -0.03, -96.54, 2.33, -17.5]
[-0.0, -96.5, 2.35, -16.62, -0.0, -96.65, 2.32, -16.6, -0.0, -96.52, 2.34, -16.7, -0.02, -96.59, 2.35, -16.7]
[-0.02, -96.52, 2.36, -15.82, -0.02, -96.67, 2.34, -15.8, -0.02, -96.54, 2.35, -15.9, -0.0, -96.63, 2.36, -15.89]
[-0.01, -96.53, 2.36, -15.04, -0.02, -96.68, 2.34, -15.01, -0.01, -96.56, 2.35, -15.11, -0.03, -96.62, 2.37, -15.11]