[-0.81, -95.83, 2.36, 0.0, -0.81, -95.83, 2.36, 0.0, -0.81, -95.83, 2.36, 0.0, -0.81, -95.83, 2.36, 0.0]
[-0.01, -96.2, 2.27, -0.16, -0.0, -96.34, 2.33, 0.46, -0.0, -96.63, 2.45, 0.17, -0.02, -96.48, 2.39, -0.46]
[-0.01, -95.98, 2.19, -0.32, -0.0, -96.26, 2.3, 0.92, -0.0, -96.84, 2.54, 0.33, -0.01, -96.56, 2.42, -0.93]
[-0.02, -95.75, 2.11, -0.48, -0.01, -96.17, 2.26, 1.37, -0.0, -97.05, 2.63, 0.5, -0.0, -96.64, 2.45, -1.39]
[-0.03, -95.52, 2.03, -0.64, -0.0, -96.1, 2.23, 1.82, -0.0, -97.26, 2.73, 0.68, -0.01, -96.7, 2.48, -1.86]
[-0.0, -95.31, 1.96, -0.79, -0.03, -95.99, 2.2, 2.27, -0.0, -97.46, 2.83, 0.85, -0.02, -96.76, 2.51, -2.33]
[-0.01, -95.08, 1.89, -0.94, -0.03, -95.91, 2.17, 2.71, -0.0, -97.65, 2.93, 1.03, -0.01, -96.83, 2.54, -2.81]
[-0.02, -94.84, 1.82, -1.09, -0.0, -95.84, 2.14, 3.16, -0.0, -97.85, 3.04, 1.22, -0.01, -96.9, 2.56, -3.29]
[-0.03, -94.59, 1.76, -1.23, -0.02, -95.73, 2.1, 3.6, -0.01, -98.03, 3.14, 1.4, -0.01, -96.96, 2.59, -3.77]
[-0.0, -94.37, 1.7, -1.38, -0.01, -95.65, 2.07, 4.03, -0.01, -98.22, 3.25, 1.59, -0.03, -97.01, 2.62, -4.25]
[-0.01, -94.12, 1.64, -1.52, -0.0, -95.55, 2.04, 4.47, -0.01, -98.4, 3.37, 1.78, -0.01, -97.07, 2.65, -4.73]
[-0.02, -93.87, 1.58, -1.66, -0.01, -95.45, 2.01, 4.9, -0.02, -98.58, 3.48, 1.98, -0.01, -97.13, 2.67, -5.22]
[-0.03, -93.61, 1.53, -1.79, -0.02, -95.34, 1.97, 5.33, -0.03, -98.75, 3.6, 2.18, -0.02, -97.18, 2.7, -5.7]
[-0.01, -93.37, 1.48, -1.93, -0.01, -95.25, 1.94, 5.75, -0.0, -98.95, 3.73, 2.38, -0.0, -97.24, 2.72, -6.19]
[-0.02, -93.11, 1.43, -2.06, -0.0, -95.15, 1.91, 6.18, -0.01, -99.12, 3.85, 2.59, -0.03, -97.27, 2.74, -6.69]
[-0.03, -92.84, 1.39, -2.19, -0.0, -95.04, 1.88, 6.6, -0.02, -99.28, 3.98, 2.8, -0.03, -97.32, 2.77, -7.18]
[-0.01, -92.59, 1.35, -2.32, -0.01, -94.93, 1.84, 7.01, -0.0, -99.46, 4.11, 3.01, -0.0, -97.39, 2.79, -7.68]
[-0.02, -92.32, 1.31, -2.45, -0.02, -94.81, 1.81, 7.43, -0.02, -99.62, 4.24, 3.23, -0.02, -97.41, 2.81, -8.17]
[-0.0, -92.07, 1.27, -2.58, -0.01, -94.7, 1.78, 7.84, -0.03, -99.77, 4.38, 3.45, -0.01, -97.46, 2.83, -8.67]
[-0.02, -91.78, 1.24, -2.7, -0.0, -94.59, 1.75, 8.24, -0.01, -99.94, 4.52, 3.67, -0.02, -97.5, 2.85, -9.18]
[-0.03, -91.5, 1.21, -2.82, -0.0, -94.47, 1.72, 8.65, -0.03, -100.08, 4.66, 3.9, -0.03, -97.53, 2.87, -9.68]
[-0.01, -91.23, 1.19, -2.94, -0.01, -94.35, 1.69, 9.05, -0.01, -100.25, 4.8, 4.14, -0.01, -97.57, 2.89, -10.18]
[-0.03, -90.94, 1.16, -3.06, -0.02, -94.21, 1.66, 9.45, -0.03, -100.38, 4.95, 4.38, -0.01, -97.61, 2.91, -10.69]
[-0.01, -90.67, 1.14, -3.18, -0.0, -94.1, 1.63, 9.84, -0.02, -100.53, 5.09, 4.62, -0.02, -97.63, 2.93, -11.2]
[-0.03, -90.37, 1.13, -3.3, -0.0, -93.98, 1.6, 10.23, -0.0, -100.68, 5.25, 4.87, -0.0, -97.68, 2.94, -11.7]
[-0.01, -90.09, 1.11, -3.41, -0.0, -93.85, 1.57, 10.62, -0.03, -100.81, 5.4, 5.12, -0.03, -97.69, 2.96, -12.21]
[-0.03, -89.78, 1.1, -3.52, -0.01, -93.71, 1.54, 11.01, -0.02, -100.95, 5.55, 5.38, -0.03, -97.71, 2.97, -12.73]
[-0.01, -89.5, 1.1, -3.63, -0.02, -93.57, 1.52, 11.39, -0.02, -101.09, 5.71, 5.64, -0.0, -97.75, 2.98, -13.24]
[-0.03, -89.18, 1.09, -3.74, -0.0, -93.45, 1.49, 11.77, -0.01, -101.22, 5.87, 5.91, -0.03, -97.76, 2.99, -13.75]
[-0.05, -88.86, 1.09, -3.85, -0.03, -93.29, 1.46, 12.15, -0.01, -101.35, 6.04, 6.18, -0.02, -97.78, 3.01, -14.27]
[-1.17, -87.73, 1.1, -3.96, -0.02, -93.15, 1.44, 12.52, -0.01, -101.47, 6.2, 6.46, -0.03, -97.8, 3.02, -14.78]
[-2.3, -86.59, 1.11, -4.06, -0.02, -93.01, 1.41, 12.89, -0.01, -101.59, 6.37, 6.74, -0.01, -97.83, 3.02, -15.3]
[-3.42, -85.44, 1.14, -4.17, -0.03, -92.85, 1.39, 13.26, -0.02, -101.71, 6.54, 7.03, -0.0, -97.85, 3.03, -15.81]
[-4.55, -84.27, 1.18, -4.27, -0.0, -92.72, 1.36, 13.63, -0.03, -101.81, 6.71, 7.33, -0.0, -97.86, 3.04, -16.33]
[-5.68, -83.09, 1.23, -4.37, -0.02, -92.56, 1.34, 13.99, -0.0, -101.95, 6.89, 7.63, -0.01, -97.86, 3.05, -16.85]
[-6.81, -81.89, 1.3, -4.47, -0.01, -92.41, 1.32, 14.35, -0.01, -102.05, 7.07, 7.94, -0.0, -97.88, 3.05, -17.37]
[-7.95, -80.68, 1.37, -4.57, -0.0, -92.26, 1.3, 14.7, -0.03, -102.14, 7.24, 8.25, -0.0, -97.89, 3.05, -17.88]
[-9.09, -79.45, 1.46, -4.67, -0.0, -92.1, 1.27, 15.06, -0.01, -102.26, 7.43, 8.58, -0.01, -97.89, 3.06, -18.4]
[-10.24, -78.2, 1.56, -4.76, -0.01, -91.93, 1.26, 15.41, -0.0, -102.37, 7.61, 8.9, -0.03, -97.89, 3.06, -18.92]
[-11.4, -76.94, 1.67, -4.86, -0.02, -91.76, 1.24, 15.75, -0.03, -102.45, 7.79, 9.24, -0.02, -97.89, 3.06, -19.44]
[-12.55, -75.65, 1.79, -4.95, -0.0, -91.61, 1.22, 16.1, -0.02, -102.55, 7.98, 9.58, -0.02, -97.89, 3.06, -19.96]
[-13.72, -74.35, 1.93, -5.05, -0.02, -91.42, 1.2, 16.44, -0.02, -102.64, 8.17, 9.93, -0.0, -97.91, 3.06, -20.48]
[-14.9, -73.02, 2.08, -5.14, -0.02, -91.25, 1.19, 16.78, -0.02, -102.73, 8.36, 10.29, -0.03, -97.89, 3.06, -21.0]
[-16.08, -71.68, 2.24, -5.23, -0.01, -91.08, 1.17, 17.11, -0.02, -102.81, 8.55, 10.66, -0.02, -97.88, 3.05, -21.52]
[-17.27, -70.31, 2.42, -5.32, -0.01, -90.9, 1.16, 17.44, -0.03, -102.89, 8.75, 11.03, -0.03, -97.87, 3.05, -22.04]
[-18.48, -68.92, 2.61, -5.4, -0.02, -90.72, 1.15, 17.77, -0.0, -102.99, 8.94, 11.41, -0.01, -97.87, 3.04, -22.55]
[-19.69, -67.5, 2.81, -5.49, -0.0, -90.55, 1.13, 18.1, -0.02, -103.05, 9.14, 11.81, -0.01, -97.87, 3.04, -23.07]
[-20.92, -66.05, 3.03, -5.58, -0.02, -90.35, 1.12, 18.42, -0.0, -103.14, 9.34, 12.21, -0.01, -97.85, 3.03, -23.59]
[-22.16, -64.57, 3.27, -5.66, -0.01, -90.18, 1.12, 18.74, -0.03, -103.19, 9.54, 12.62, -0.02, -97.82, 3.02, -24.11]
[-21.89, -65.44, 2.67, -5.41, -0.01, -90.18, 1.12, 18.74, -0.03, -103.19, 9.54, 12.62, -0.02, -97.82, 3.02, -24.11]
[-21.64, -66.29, 2.07, -5.16, -0.01, -90.18, 1.12, 18.74, -0.03, -103.19, 9.54, 12.62, -0.02, -97.82, 3.02, -24.11]
[-21.4, -67.12, 1.48, -4.91, -0.01, -90.18, 1.12, 18.74, -0.03, -103.19, 9.54, 12.62, -0.02, -97.82, 3.02, -24.11]
[-21.18, -67.92, 0.9, -4.66, -0.01, -90.18, 1.12, 18.74, -0.03, -103.19, 9.54, 12.62, -0.02, -97.82, 3.02, -24.11]
[-20.98, -68.71, 0.31, -4.41, -0.01, -90.18, 1.12, 18.74, -0.03, -103.19, 9.54, 12.62, -0.02, -97.82, 3.02, -24.11]
[-20.79, -69.48, -0.27, -4.16, -0.01, -90.18, 1.12, 18.74, -0.03, -103.19, 9.54, 12.62, -0.02, -97.82, 3.02, -24.11]
[-20.62, -70.22, -0.84, -3.91, -0.01, -90.18, 1.12, 18.74, -0.03, -103.19, 9.54, 12.62, -0.02, -97.82, 3.02, -24.11]
[-20.47, -70.95, -1.42, -3.65, -0.01, -90.18, 1.12, 18.74, -0.03, -103.19, 9.54, 12.62, -0.02, -97.82, 3.02, -24.11]
[-20.33, -71.66, -1.99, -3.4, -0.01, -90.18, 1.12, 18.74, -0.03, -103.19, 9.54, 12.62, -0.02, -97.82, 3.02, -24.11]
[-20.21, -72.35, -2.55, -3.15, -0.01, -90.18, 1.12, 18.74, -0.03, -103.19, 9.54, 12.62, -0.02, -97.82, 3.02, -24.11]
[-20.1, -73.02, -3.12, -2.89, -0.01, -90.18, 1.12, 18.74, -0.03, -103.19, 9.54, 12.62, -0.02, -97.82, 3.02, -24.11]
[-20.01, -73.68, -3.68, -2.64, -0.01, -90.18, 1.12, 18.74, -0.03, -103.19, 9.54, 12.62, -0.02, -97.82, 3.02, -24.11]
[-19.93, -74.32, -4.24, -2.38, -0.01, -90.18, 1.12, 18.74, -0.03, -103.19, 9.54, 12.62, -0.02, -97.82, 3.02, -24.11]
[-19.87, -74.94, -4.8, -2.13, -0.01, -90.18, 1.12, 18.74, -0.03, -103.19, 9.54, 12.62, -0.02, -97.82, 3.02, -24.11]
[-19.82, -75.54, -5.36, -1.87, -0.01, -90.18, 1.12, 18.74, -0.03, -103.19, 9.54, 12.62, -0.02, -97.82, 3.02, -24.11]
[-19.79, -76.13, -5.91, -1.62, -0.01, -90.18, 1.12, 18.74, -0.03, -103.19, 9.54, 12.62, -0.02, -97.82, 3.02, -24.11]
[-19.77, -76.7, -6.46, -1.36, -0.01, -90.18, 1.12, 18.74, -0.03, -103.19, 9.54, 12.62, -0.02, -97.82, 3.02, -24.11]
[-19.76, -77.25, -7.01, -1.1, -0.01, -90.18, 1.12, 18.74, -0.03, -103.19, 9.54, 12.62, -0.02, -97.82, 3.02, -24.11]
[-19.77, -77.79, -7.56, -0.85, -0.01, -90.18, 1.12, 18.74, -0.03, -103.19, 9.54, 12.62, -0.02, -97.82, 3.02, -24.11]
[-19.8, -78.31, -8.11, -0.59, -0.01, -90.18, 1.12, 18.74, -0.03, -103.19, 9.54, 12.62, -0.02, -97.82, 3.02, -24.11]
[-19.84, -78.82, -8.65, -0.33, -0.01, -90.18, 1.12, 18.74, -0.03, -103.19, 9.54, 12.62, -0.02, -97.82, 3.02, -24.11]
[-19.89, -79.31, -9.2, -0.07, -0.01, -90.18, 1.12, 18.74, -0.03, -103.19, 9.54, 12.62, -0.02, -97.82, 3.02, -24.11]
[-19.96, -79.78, -9.74, 0.18, -0.01, -90.18, 1.12, 18.74, -0.03, -103.19, 9.54, 12.62, -0.02, -97.82, 3.02, -24.11]
[-20.04, -80.24, -10.28, 0.44, -0.01, -90.18, 1.12, 18.74, -0.03, -103.19, 9.54, 12.62, -0.02, -97.82, 3.02, -24.11]
[-20.13, -80.68, -10.82, 0.7, -0.01, -90.18, 1.12, 18.74, -0.03, -103.19, 9.54, 12.62, -0.02, -97.82, 3.02, -24.11]
[-20.24, -81.11, -11.35, 0.96, -0.01, -90.18, 1.12, 18.74, -0.03, -103.19, 9.54, 12.62, -0.02, -97.82, 3.02, -24.11]
[-20.36, -81.52, -11.89, 1.22, -0.01, -90.18, 1.12, 18.74, -0.03, -103.19, 9.54, 12.62, -0.02, -97.82, 3.02, -24.11]
[-20.5, -81.92, -12.42, 1.48, -0.01, -90.18, 1.12, 18.74, -0.03, -103.19, 9.54, 12.62, -0.02, -97.82, 3.02, -24.11]
[-20.65, -82.3, -12.95, 1.74, -0.01, -90.18, 1.12, 18.74, -0.03, -103.19, 9.54, 12.62, -0.02, -97.82, 3.02, -24.11]
[-20.81, -82.67, -13.48, 2.0, -0.01, -90.18, 1.12, 18.74, -0.03, -103.19, 9.54, 12.62, -0.02, -97.82, 3.02, -24.11]
[-20.99, -83.02, -14.01, 2.26, -0.01, -90.18, 1.12, 18.74, -0.03, -103.19, 9.54, 12.62, -0.02, -97.82, 3.02, -24.11]
[-21.18, -83.36, -14.54, 2.52, -0.01, -90.18, 1.12, 18.74, -0.03, -103.19, 9.54, 12.62, -0.02, -97.82, 3.02, -24.11]
[-21.38, -83.68, -15.06, 2.78, -0.01, -90.18, 1.12, 18.74, -0.03, -103.19, 9.54, 12.62, -0.02, -97.82, 3.02, -24.11]
[-21.6, -83.99, -15.59, 3.04, -0.01, -90.18, 1.12, 18.74, -0.03, -103.19, 9.54, 12.62, -0.02, -97.82, 3.02, -24.11]
[-21.83, -84.28, -16.11, 3.3, -0.01, -90.18, 1.12, 18.74, -0.03, -103.19, 9.54, 12.62, -0.02, -97.82, 3.02, -24.11]
[-22.07, -84.56, -16.63, 3.57, -0.01, -90.18, 1.12, 18.74, -0.03, -103.19, 9.54, 12.62, -0.02, -97.82, 3.02, -24.11]
[-22.32, -84.83, -17.15, 3.83, -0.01, -90.18, 1.12, 18.74, -0.03, -103.19, 9.54, 12.62, -0.02, -97.82, 3.02, -24.11]
[-22.59, -85.07, -17.66, 4.09, -0.01, -90.18, 1.12, 18.74, -0.03, -103.19, 9.54, 12.62, -0.02, -97.82, 3.02, -24.11]
[-22.87, -85.31, -18.18, 4.35, -0.01, -90.18, 1.12, 18.74, -0.03, -103.19, 9.54, 12.62, -0.02, -97.82, 3.02, -24.11]
[-23.17, -85.53, -18.69, 4.61, -0.01, -90.18, 1.12, 18.74, -0.03, -103.19, 9.54, 12.62, -0.02, -97.82, 3.02, -24.11]
[-23.47, -85.73, -19.2, 4.88, -0.01, -90.18, 1.12, 18.74, -0.03, -103.19, 9.54, 12.62, -0.02, -97.82, 3.02, -24.11]
[-23.79, -85.92, -19.71, 5.14, -0.01, -90.18, 1.12, 18.74, -0.03, -103.19, 9.54, 12.62, -0.02, -97.82, 3.02, -24.11]
[-24.12, -86.1, -20.22, 5.4, -0.01, -90.18, 1.12, 18.74, -0.03, -103.19, 9.54, 12.62, -0.02, -97.82, 3.02, -24.11]
[-24.47, -86.26, -20.72, 5.66, -0.01, -90.18, 1.12, 18.74, -0.03, -103.19, 9.54, 12.62, -0.02, -97.82, 3.02, -24.11]
[-24.82, -86.4, -21.23, 5.93, -0.01, -90.18, 1.12, 18.74, -0.03, -103.19, 9.54, 12.62, -0.02, -97.82, 3.02, -24.11]
[-25.19, -86.53, -21.73, 6.19, -0.01, -90.18, 1.12, 18.74, -0.03, -103.19, 9.54, 12.62, -0.02, -97.82, 3.02, -24.11]
[-25.57, -86.65, -22.22, 6.45, -0.01, -90.18, 1.12, 18.74, -0.03, -103.19, 9.54, 12.62, -0.02, -97.82, 3.02, -24.11]
[-25.97, -86.75, -22.72, 6.71, -0.01, -90.18, 1.12, 18.74, -0.03, -103.19, 9.54, 12.62, -0.02, -97.82, 3.02, -24.11]
[-26.37, -86.84, -23.21, 6.98, -0.01, -90.18, 1.12, 18.74, -0.03, -103.19, 9.54, 12.62, -0.02, -97.82, 3.02, -24.11]
[-26.79, -86.91, -23.7, 7.24, -0.01, -90.18, 1.12, 18.74, -0.03, -103.19, 9.54, 12.62, -0.02, -97.82, 3.02, -24.11]
[-27.22, -86.97, -24.19, 7.5, -0.01, -90.18, 1.12, 18.74, -0.03, -103.19, 9.54, 12.62, -0.02, -97.82, 3.02, -24.11]
[-27.66, -87.01, -24.67, 7.76, -0.01, -90.18, 1.12, 18.74, -0.03, -103.19, 9.54, 12.62, -0.02, -97.82, 3.02, -24.11]
[-28.11, -87.04, -25.15, 8.03, -0.01, -90.18, 1.12, 18.74, -0.03, -103.19, 9.54, 12.62, -0.02, -97.82, 3.02, -24.11]
[-28.58, -87.06, -25.63, 8.29, -0.01, -90.18, 1.12, 18.74, -0.03, -103.19, 9.54, 12.62, -0.02, -97.82, 3.02, -24.11]
[-29.05, -87.06, -26.11, 8.55, -0.01, -90.18, 1.12, 18.74, -0.03, -103.19, 9.54, 12.62, -0.02, -97.82, 3.02, -24.11]
[-29.54, -87.04, -26.58, 8.82, -0.01, -90.18, 1.12, 18.74, -0.03, -103.19, 9.54, 12.62, -0.02, -97.82, 3.02, -24.11]
[-30.04, -87.01, -27.05, 9.08, -0.01, -90.18, 1.12, 18.74, -0.03, -103.19, 9.54, 12.62, -0.02, -97.82, 3.02, -24.11]
[-30.55, -86.97, -27.52, 9.34, -0.01, -90.18, 1.12, 18.74, -0.03, -103.19, 9.54, 12.62, -0.02, -97.82, 3.02, -24.11]
[-31.07, -86.91, -27.98, 9.6, -0.01, -90.18, 1.12, 18.74, -0.03, -103.19, 9.54, 12.62, -0.02, -97.82, 3.02, -24.11]
[-31.6, -86.84, -28.43, 9.87, -0.01, -90.18, 1.12, 18.74, -0.03, -103.19, 9.54, 12.62, -0.02, -97.82, 3.02, -24.11]
[-31.59, -86.85, -28.44, 9.87, -0.03, -90.16, 1.12, 18.74, -0.01, -103.21, 9.54, 12.61, -0.02, -97.83, 3.02, -24.1]
[-31.08, -86.89, -27.97, 9.87, -0.03, -90.16, 1.12, 18.74, -0.01, -103.21, 9.54, 12.61, -0.02, -97.83, 3.02, -24.1]
[-30.59, -86.92, -27.5, 9.87, -0.03, -90.16, 1.12, 18.74, -0.01, -103.21, 9.54, 12.61, -0.02, -97.83, 3.02, -24.1]
[-30.1, -86.93, -27.03, 9.87, -0.03, -90.16, 1.12, 18.74, -0.01, -103.21, 9.54, 12.61, -0.02, -97.83, 3.02, -24.1]
[-29.62, -86.94, -26.56, 9.87, -0.03, -90.16, 1.12, 18.74, -0.01, -103.21, 9.54, 12.61, -0.02, -97.83, 3.02, -24.1]
[-29.15, -86.93, -26.08, 9.87, -0.03, -90.16, 1.12, 18.74, -0.01, -103.21, 9.54, 12.61, -0.02, -97.83, 3.02, -24.1]
[-28.69, -86.92, -25.6, 9.87, -0.03, -90.16, 1.12, 18.74, -0.01, -103.21, 9.54, 12.61, -0.02, -97.83, 3.02, -24.1]
[-28.23, -86.89, -25.12, 9.87, -0.03, -90.16, 1.12, 18.74, -0.01, -103.21, 9.54, 12.61, -0.02, -97.83, 3.02, -24.1]
[-27.79, -86.85, -24.64, 9.87, -0.03, -90.16, 1.12, 18.74, -0.01, -103.21, 9.54, 12.61, -0.02, -97.83, 3.02, -24.1]
[-27.35, -86.81, -24.16, 9.87, -0.03, -90.16, 1.12, 18.74, -0.01, -103.21, 9.54, 12.61, -0.02, -97.83, 3.02, -24.1]
[-26.92, -86.75, -23.67, 9.87, -0.03, -90.16, 1.12, 18.74, -0.01, -103.21, 9.54, 12.61, -0.02, -97.83, 3.02, -24.1]
[-26.49, -86.69, -23.18, 9.87, -0.03, -90.16, 1.12, 18.74, -0.01, -103.21, 9.54, 12.61, -0.02, -97.83, 3.02, -24.1]
[-26.08, -86.61, -22.69, 9.87, -0.03, -90.16, 1.12, 18.74, -0.01, -103.21, 9.54, 12.61, -0.02, -97.83, 3.02, -24.1]
[-25.67, -86.53, -22.2, 9.87, -0.03, -90.16, 1.12, 18.74, -0.01, -103.21, 9.54, 12.61, -0.02, -97.83, 3.02, -24.1]
[-25.28, -86.43, -21.71, 9.87, -0.03, -90.16, 1.12, 18.74, -0.01, -103.21, 9.54, 12.61, -0.02, -97.83, 3.02, -24.1]
[-24.89, -86.32, -21.21, 9.87, -0.03, -90.16, 1.12, 18.74, -0.01, -103.21, 9.54, 12.61, -0.02, -97.83, 3.02, -24.1]
[-24.51, -86.21, -20.71, 9.87, -0.03, -90.16, 1.12, 18.74, -0.01, -103.21, 9.54, 12.61, -0.02, -97.83, 3.02, -24.1]
[-24.14, -86.08, -20.22, 9.87, -0.03, -90.16, 1.12, 18.74, -0.01, -103.21, 9.54, 12.61, -0.02, -97.83, 3.02, -24.1]
[-23.77, -85.94, -19.72, 9.87, -0.03, -90.16, 1.12, 18.74, -0.01, -103.21, 9.54, 12.61, -0.02, -97.83, 3.02, -24.1]
[-23.42, -85.8, -19.21, 9.87, -0.03, -90.16, 1.12, 18.74, -0.01, -103.21, 9.54, 12.61, -0.02, -97.83, 3.02, -24.1]
[-23.07, -85.64, -18.71, 9.87, -0.03, -90.16, 1.12, 18.74, -0.01, -103.21, 9.54, 12.61, -0.02, -97.83, 3.02, -24.1]
[-22.74, -85.47, -18.21, 9.87, -0.03, -90.16, 1.12, 18.74, -0.01, -103.21, 9.54, 12.61, -0.02, -97.83, 3.02, -24.1]
[-22.41, -85.3, -17.7, 9.87, -0.03, -90.16, 1.12, 18.74, -0.01, -103.21, 9.54, 12.61, -0.02, -97.83, 3.02, -24.1]
[-22.09, -85.11, -17.19, 9.87, -0.03, -90.16, 1.12, 18.74, -0.01, -103.21, 9.54, 12.61, -0.02, -97.83, 3.02, -24.1]
[-21.78, -84.91, -16.69, 9.87, -0.03, -90.16, 1.12, 18.74, -0.01, -103.21, 9.54, 12.61, -0.02, -97.83, 3.02, -24.1]
[-21.48, -84.7, -16.18, 9.87, -0.03, -90.16, 1.12, 18.74, -0.01, -103.21, 9.54, 12.61, -0.02, -97.83, 3.02, -24.1]
[-21.18, -84.48, -15.67, 9.87, -0.03, -90.16, 1.12, 18.74, -0.01, -103.21, 9.54, 12.61, -0.02, -97.83, 3.02, -24.1]
[-20.9, -84.26, -15.16, 9.87, -0.03, -90.16, 1.12, 18.74, -0.01, -103.21, 9.54, 12.61, -0.02, -97.83, 3.02, -24.1]
[-20.63, -84.02, -14.64, 9.87, -0.03, -90.16, 1.12, 18.74, -0.01, -103.21, 9.54, 12.61, -0.02, -97.83, 3.02, -24.1]
[-20.36, -83.77, -14.13, 9.87, -0.03, -90.16, 1.12, 18.74, -0.01, -103.21, 9.54, 12.61, -0.02, -97.83, 3.02, -24.1]
[-20.11, -83.51, -13.61, 9.87, -0.03, -90.16, 1.12, 18.74, -0.01, -103.21, 9.54, 12.61, -0.02, -97.83, 3.02, -24.1]
[-19.86, -83.24, -13.1, 9.87, -0.03, -90.16, 1.12, 18.74, -0.01, -103.21, 9.54, 12.61, -0.02, -97.83, 3.02, -24.1]
[-19.62, -82.96, -12.58, 9.87, -0.03, -90.16, 1.12, 18.74, -0.01, -103.21, 9.54, 12.61, -0.02, -97.83, 3.02, -24.1]
[-19.39, -82.67, -12.06, 9.87, -0.03, -90.16, 1.12, 18.74, -0.01, -103.21, 9.54, 12.61, -0.02, -97.83, 3.02, -24.1]
[-19.17, -82.37, -11.54, 9.87, -0.03, -90.16, 1.12, 18.74, -0.01, -103.21, 9.54, 12.61, -0.02, -97.83, 3.02, -24.1]
[-18.96, -82.06, -11.02, 9.87, -0.03, -90.16, 1.12, 18.74, -0.01, -103.21, 9.54, 12.61, -0.02, -97.83, 3.02, -24.1]
[-18.76, -81.74, -10.5, 9.87, -0.03, -90.16, 1.12, 18.74, -0.01, -103.21, 9.54, 12.61, -0.02, -97.83, 3.02, -24.1]
[-18.57, -81.4, -9.98, 9.87, -0.03, -90.16, 1.12, 18.74, -0.01, -103.21, 9.54, 12.61, -0.02, -97.83, 3.02, -24.1]
[-18.39, -81.06, -9.45, 9.87, -0.03, -90.16, 1.12, 18.74, -0.01, -103.21, 9.54, 12.61, -0.02, -97.83, 3.02, -24.1]
[-18.22, -80.71, -8.93, 9.87, -0.03, -90.16, 1.12, 18.74, -0.01, -103.21, 9.54, 12.61, -0.02, -97.83, 3.02, -24.1]
[-18.06, -80.34, -8.4, 9.87, -0.03, -90.16, 1.12, 18.74, -0.01, -103.21, 9.54, 12.61, -0.02, -97.83, 3.02, -24.1]
[-17.91, -79.97, -7.88, 9.87, -0.03, -90.16, 1.12, 18.74, -0.01, -103.21, 9.54, 12.61, -0.02, -97.83, 3.02, -24.1]
[-17.76, -79.59, -7.35, 9.87, -0.03, -90.16, 1.12, 18.74, -0.01, -103.21, 9.54, 12.61, -0.02, -97.83, 3.02, -24.1]
[-17.63, -79.19, -6.82, 9.87, -0.03, -90.16, 1.12, 18.74, -0.01, -103.21, 9.54, 12.61, -0.02, -97.83, 3.02, -24.1]
[-17.51, -78.78, -6.29, 9.87, -0.03, -90.16, 1.12, 18.74, -0.01, -103.21, 9.54, 12.61, -0.02, -97.83, 3.02, -24.1]
[-17.39, -78.37, -5.76, 9.87, -0.03, -90.16, 1.12, 18.74, -0.01, -103.21, 9.54, 12.61, -0.02, -97.83, 3.02, -24.1]
[-17.29, -77.94, -5.23, 9.87, -0.03, -90.16, 1.12, 18.74, -0.01, -103.21, 9.54, 12.61, -0.02, -97.83, 3.02, -24.1]
[-17.2, -77.5, -4.69, 9.87, -0.03, -90.16, 1.12, 18.74, -0.01, -103.21, 9.54, 12.61, -0.02, -97.83, 3.02, -24.1]
[-17.11, -77.05, -4.16, 9.87, -0.03, -90.16, 1.12, 18.74, -0.01, -103.21, 9.54, 12.61, -0.02, -97.83, 3.02, -24.1]
[-17.04, -76.58, -3.62, 9.87, -0.03, -90.16, 1.12, 18.74, -0.01, -103.21, 9.54, 12.61, -0.02, -97.83, 3.02, -24.1]
[-16.97, -76.11, -3.09, 9.87, -0.03, -90.16, 1.12, 18.74, -0.01, -103.21, 9.54, 12.61, -0.02, -97.83, 3.02, -24.1]
[-16.92, -75.63, -2.55, 9.87, -0.03, -90.16, 1.12, 18.74, -0.01, -103.21, 9.54, 12.61, -0.02, -97.83, 3.02, -24.1]
[-16.88, -75.13, -2.01, 9.87, -0.03, -90.16, 1.12, 18.74, -0.01, -103.21, 9.54, 12.61, -0.02, -97.83, 3.02, -24.1]
[-16.84, -74.62, -1.47, 9.87, -0.03, -90.16, 1.12, 18.74, -0.01, -103.21, 9.54, 12.61, -0.02, -97.83, 3.02, -24.1]
[-16.82, -74.1, -0.92, 9.87, -0.03, -90.16, 1.12, 18.74, -0.01, -103.21, 9.54, 12.61, -0.02, -97.83, 3.02, -24.1]
[-16.81, -73.57, -0.38, 9.87, -0.03, -90.16, 1.12, 18.74, -0.01, -103.21, 9.54, 12.61, -0.02, -97.83, 3.02, -24.1]
[-16.81, -73.03, 0.17, 9.87, -0.03, -90.16, 1.12, 18.74, -0.01, -103.21, 9.54, 12.61, -0.02, -97.83, 3.02, -24.1]
[-16.81, -72.47, 0.71, 9.87, -0.03, -90.16, 1.12, 18.74, -0.01, -103.21, 9.54, 12.61, -0.02, -97.83, 3.02, -24.1]
[-16.83, -71.91, 1.26, 9.87, -0.03, -90.16, 1.12, 18.74, -0.01, -103.21, 9.54, 12.61, -0.02, -97.83, 3.02, -24.1]
[-16.86, -71.33, 1.81, 9.87, -0.03, -90.16, 1.12, 18.74, -0.01, -103.21, 9.54, 12.61, -0.02, -97.83, 3.02, -24.1]
[-16.9, -70.73, 2.36, 9.87, -0.03, -90.16, 1.12, 18.74, -0.01, -103.21, 9.54, 12.61, -0.02, -97.83, 3.02, -24.1]
[-15.44, -72.41, 2.15, 9.97, -0.03, -90.3, 1.12, 18.27, -0.01, -103.11, 9.26, 12.36, -0.02, -97.92, 3.07, -23.5]
[-13.99, -74.05, 1.96, 10.06, -0.0, -90.45, 1.13, 17.8, -0.01, -103.0, 8.99, 12.12, -0.03, -98.0, 3.12, -22.91]
[-12.55, -75.66, 1.79, 10.16, -0.02, -90.57, 1.14, 17.33, -0.02, -102.88, 8.72, 11.89, -0.02, -98.09, 3.17, -22.31]
[-11.12, -77.24, 1.64, 10.27, -0.01, -90.7, 1.14, 16.86, -0.02, -102.76, 8.45, 11.66, -0.02, -98.17, 3.22, -21.7]
[-9.7, -78.79, 1.51, 10.37, -0.02, -90.82, 1.15, 16.38, -0.03, -102.64, 8.19, 11.44, -0.0, -98.26, 3.27, -21.09]
[-8.29, -80.31, 1.4, 10.47, -0.03, -90.92, 1.16, 15.9, -0.0, -102.53, 7.93, 11.23, -0.0, -98.34, 3.31, -20.47]
[-6.89, -81.81, 1.3, 10.58, -0.02, -91.04, 1.17, 15.42, -0.01, -102.39, 7.68, 11.02, -0.01, -98.4, 3.36, -19.85]
[-5.49, -83.29, 1.22, 10.69, -0.02, -91.15, 1.18, 14.94, -0.03, -102.25, 7.43, 10.82, -0.0, -98.48, 3.4, -19.23]
[-4.1, -84.74, 1.16, 10.8, -0.0, -91.28, 1.19, 14.45, -0.0, -102.13, 7.19, 10.63, -0.0, -98.55, 3.44, -18.6]
[-2.71, -86.17, 1.12, 10.91, -0.03, -91.37, 1.2, 13.96, -0.02, -101.97, 6.95, 10.44, -0.02, -98.6, 3.48, -17.97]
[-1.32, -87.58, 1.1, 11.03, -0.03, -91.47, 1.21, 13.47, -0.0, -101.84, 6.71, 10.25, -0.02, -98.66, 3.52, -17.34]
[-0.01, -88.92, 1.09, 11.14, -0.0, -91.59, 1.22, 12.97, -0.02, -101.67, 6.48, 10.07, -0.0, -98.73, 3.56, -16.7]
[-0.02, -89.29, 1.09, 11.26, -0.02, -91.66, 1.23, 12.47, -0.0, -101.52, 6.26, 9.9, -0.0, -98.8, 3.6, -16.06]
[-0.03, -89.65, 1.1, 11.38, -0.02, -91.76, 1.24, 11.97, -0.02, -101.35, 6.04, 9.73, -0.01, -98.84, 3.64, -15.41]
[-0.0, -90.04, 1.11, 11.5, -0.03, -91.84, 1.25, 11.47, -0.0, -101.19, 5.82, 9.56, -0.0, -98.9, 3.67, -14.76]
[-0.02, -90.39, 1.13, 11.62, -0.02, -91.93, 1.25, 10.97, -0.02, -101.0, 5.61, 9.4, -0.01, -98.95, 3.7, -14.11]
[-0.03, -90.73, 1.15, 11.75, -0.01, -92.01, 1.26, 10.46, -0.0, -100.84, 5.4, 9.24, -0.02, -98.98, 3.73, -13.45]
[-0.01, -91.1, 1.18, 11.88, -0.02, -92.09, 1.27, 9.95, -0.02, -100.64, 5.2, 9.09, -0.02, -99.02, 3.76, -12.79]
[-0.02, -91.44, 1.21, 12.01, -0.01, -92.17, 1.28, 9.44, -0.01, -100.46, 5.0, 8.94, -0.0, -99.08, 3.79, -12.13]
[-0.0, -91.79, 1.24, 12.14, -0.01, -92.24, 1.29, 8.93, -0.03, -100.25, 4.81, 8.79, -0.03, -99.09, 3.82, -11.47]
[-0.02, -92.12, 1.28, 12.27, -0.02, -92.3, 1.3, 8.41, -0.01, -100.07, 4.62, 8.65, -0.01, -99.14, 3.84, -10.8]
[-0.0, -92.46, 1.33, 12.41, -0.0, -92.38, 1.31, 7.9, -0.0, -99.87, 4.44, 8.51, -0.0, -99.18, 3.86, -10.13]
[-0.02, -92.78, 1.37, 12.55, -0.0, -92.44, 1.32, 7.38, -0.02, -99.65, 4.26, 8.38, -0.01, -99.2, 3.88, -9.46]
[-0.0, -93.11, 1.43, 12.69, -0.01, -92.49, 1.33, 6.86, -0.01, -99.45, 4.09, 8.24, -0.0, -99.23, 3.9, -8.79]
[-0.02, -93.42, 1.49, 12.84, -0.0, -92.56, 1.34, 6.34, -0.03, -99.21, 3.92, 8.11, -0.01, -99.25, 3.92, -8.12]
[-0.0, -93.74, 1.55, 12.98, -0.0, -92.61, 1.34, 5.82, -0.02, -99.0, 3.76, 7.99, -0.03, -99.26, 3.93, -7.44]
[-0.02, -94.03, 1.62, 13.13, -0.01, -92.65, 1.35, 5.29, -0.0, -98.79, 3.6, 7.86, -0.03, -99.27, 3.95, -6.77]
[-0.0, -94.35, 1.69, 13.29, -0.0, -92.7, 1.36, 4.76, -0.02, -98.54, 3.45, 7.74, -0.01, -99.3, 3.96, -6.09]
[-0.02, -94.63, 1.77, 13.44, -0.01, -92.74, 1.36, 4.24, -0.01, -98.31, 3.3, 7.62, -0.01, -99.31, 3.97, -5.41]
[-0.01, -94.94, 1.85, 13.6, -0.02, -92.77, 1.37, 3.71, -0.03, -98.06, 3.15, 7.51, -0.02, -99.31, 3.97, -4.73]
[-0.03, -95.21, 1.93, 13.76, -0.01, -92.81, 1.38, 3.18, -0.01, -97.82, 3.01, 7.4, -0.02, -99.32, 3.98, -4.05]
[-0.01, -95.5, 2.02, 13.93, -0.02, -92.84, 1.38, 2.65, -0.0, -97.58, 2.88, 7.29, -0.0, -99.34, 3.98, -3.37]
[-0.0, -95.79, 2.12, 14.09, -0.0, -92.88, 1.39, 2.12, -0.02, -97.31, 2.75, 7.18, -0.0, -99.35, 3.98, -2.69]
[-0.02, -96.05, 2.22, 14.27, -0.0, -92.92, 1.39, 1.59, -0.01, -97.06, 2.62, 7.07, -0.01, -99.34, 3.98, -2.01]
[-0.01, -96.33, 2.32, 14.44, -0.01, -92.93, 1.4, 1.05, -0.03, -96.78, 2.5, 6.97, -0.0, -99.34, 3.98, -1.33]
[-0.0, -96.6, 2.43, 14.62, -0.0, -92.97, 1.4, 0.52, -0.01, -96.52, 2.39, 6.87, -0.01, -99.33, 3.97, -0.65]
[-0.03, -96.85, 2.54, 14.8, -0.0, -92.98, 1.4, -0.02, -0.03, -96.23, 2.28, 6.77, -0.0, -99.33, 3.97, 0.03]
[-0.02, -97.11, 2.66, 14.99, -0.01, -92.99, 1.4, -0.55, -0.01, -95.97, 2.17, 6.67, -0.01, -99.31, 3.96, 0.71]
[-0.01, -97.37, 2.78, 15.18, -0.0, -93.01, 1.41, -1.09, -0.0, -95.69, 2.07, 6.57, -0.03, -99.28, 3.94, 1.39]
[-0.0, -97.62, 2.91, 15.37, -0.0, -93.02, 1.41, -1.62, -0.02, -95.39, 1.98, 6.48, -0.0, -99.28, 3.93, 2.06]
[-0.03, -97.84, 3.04, 15.57, -0.02, -93.01, 1.41, -2.16, -0.0, -95.11, 1.88, 6.39, -0.02, -99.25, 3.92, 2.74]
[-0.02, -98.08, 3.17, 15.77, -0.01, -93.02, 1.41, -2.69, -0.02, -94.8, 1.8, 6.3, -0.02, -99.23, 3.9, 3.41]
[-0.02, -98.32, 3.31, 15.97, -0.01, -93.02, 1.41, -3.23, -0.01, -94.5, 1.72, 6.21, -0.0, -99.22, 3.88, 4.09]
[-0.01, -98.55, 3.46, 16.18, -0.03, -93.0, 1.41, -3.76, -0.02, -94.18, 1.64, 6.12, -0.0, -99.19, 3.86, 4.76]
[-0.01, -98.78, 3.6, 16.4, -0.02, -93.0, 1.41, -4.3, -0.01, -93.88, 1.57, 6.04, -0.02, -99.15, 3.84, 5.42]
[-0.01, -99.0, 3.76, 16.62, -0.0, -93.01, 1.4, -4.84, -0.02, -93.55, 1.5, 5.95, -0.01, -99.12, 3.81, 6.09]
[-0.01, -99.21, 3.91, 16.84, -0.03, -92.98, 1.4, -5.37, -0.0, -93.24, 1.44, 5.87, -0.02, -99.08, 3.78, 6.75]
[-0.01, -99.42, 4.07, 17.07, -0.02, -92.96, 1.4, -5.91, -0.02, -92.9, 1.38, 5.79, -0.01, -99.04, 3.76, 7.41]
[-0.01, -99.62, 4.24, 17.31, -0.0, -92.96, 1.4, -6.44, -0.0, -92.58, 1.33, 5.71, -0.02, -99.0, 3.73, 8.07]
[-0.01, -99.82, 4.41, 17.55, -0.03, -92.92, 1.39, -6.97, -0.02, -92.23, 1.29, 5.64, -0.0, -98.96, 3.69, 8.73]
[-0.02, -100.01, 4.58, 17.8, -0.03, -92.89, 1.39, -7.51, -0.0, -91.9, 1.24, 5.56, -0.0, -98.91, 3.66, 9.38]
[-0.02, -100.2, 4.76, 18.05, -0.01, -92.88, 1.38, -8.04, -0.02, -91.54, 1.21, 5.49, -0.02, -98.85, 3.63, 10.03]
[-0.03, -100.38, 4.94, 18.3, -0.0, -92.86, 1.38, -8.57, -0.0, -91.2, 1.17, 5.41, -0.02, -98.8, 3.59, 10.67]
[-0.0, -100.58, 5.13, 18.57, -0.01, -92.82, 1.37, -9.1, -0.02, -90.83, 1.15, 5.34, -0.03, -98.74, 3.55, 11.32]
[-0.02, -100.74, 5.32, 18.84, -0.03, -92.77, 1.37, -9.63, -0.0, -90.48, 1.12, 5.27, -0.02, -98.68, 3.51, 11.96]
[-0.03, -100.91, 5.51, 19.12, -0.02, -92.73, 1.36, -10.16, -0.02, -90.1, 1.1, 5.2, -0.03, -98.62, 3.47, 12.59]
[-0.01, -101.09, 5.71, 19.4, -0.02, -92.68, 1.35, -10.68, -0.0, -89.74, 1.09, 5.13, -0.02, -98.56, 3.43, 13.22]
[-0.03, -101.24, 5.91, 19.69, -0.01, -92.64, 1.35, -11.21, -0.02, -89.35, 1.08, 5.06, -0.02, -98.5, 3.39, 13.85]
[-0.01, -101.41, 6.12, 19.99, -0.0, -92.6, 1.34, -11.73, -0.0, -88.99, 1.08, 5.0, -0.0, -98.44, 3.34, 14.47]
[-0.0, -101.57, 6.33, 20.29, -0.01, -92.54, 1.33, -12.25, -1.16, -87.75, 1.09, 4.93, -0.0, -98.37, 3.3, 15.09]
[-0.03, -101.7, 6.54, 20.61, -0.0, -92.49, 1.32, -12.77, -2.57, -86.31, 1.11, 4.87, -0.01, -98.29, 3.25, 15.71]
[-0.02, -101.85, 6.76, 20.93, -0.0, -92.43, 1.31, -13.29, -3.99, -84.86, 1.15, 4.81, -0.0, -98.22, 3.2, 16.32]
[-0.02, -101.99, 6.98, 21.26, -0.01, -92.36, 1.3, -13.81, -5.41, -83.38, 1.21, 4.74, -0.0, -98.14, 3.16, 16.92]
[-0.02, -102.12, 7.2, 21.6, -0.0, -92.3, 1.3, -14.33, -6.84, -81.87, 1.29, 4.68, -0.02, -98.04, 3.11, 17.52]
[-0.03, -102.25, 7.43, 21.94, -0.0, -92.23, 1.29, -14.84, -8.27, -80.34, 1.39, 4.62, -0.01, -97.96, 3.06, 18.12]
[-0.0, -102.4, 7.66, 22.3, -0.01, -92.15, 1.28, -15.35, -9.7, -78.79, 1.5, 4.56, -0.02, -97.86, 3.01, 18.71]
[-0.02, -102.51, 7.9, 22.67, -0.0, -92.08, 1.27, -15.86, -11.15, -77.21, 1.64, 4.51, -0.0, -97.78, 2.95, 19.3]
[-0.03, -102.62, 8.14, 23.05, -0.0, -92.0, 1.26, -16.37, -12.6, -75.6, 1.79, 4.45, -0.0, -97.69, 2.9, 19.88]
[-0.01, -102.74, 8.38, 23.43, -0.01, -91.91, 1.25, -16.88, -14.07, -73.96, 1.96, 4.39, -0.01, -97.58, 2.85, 20.46]
[-0.0, -102.86, 8.62, 23.83, -0.0, -91.84, 1.24, -17.38, -15.55, -72.29, 2.16, 4.34, -0.0, -97.49, 2.8, 21.03]
[-0.0, -102.97, 8.87, 24.24, -0.0, -91.75, 1.23, -17.88, -17.04, -70.59, 2.37, 4.28, -0.0, -97.38, 2.74, 21.6]
[-0.0, -103.07, 9.12, 24.66, -0.01, -91.65, 1.22, -18.38, -18.54, -68.84, 2.61, 4.23, -0.01, -97.26, 2.69, 22.16]
[-0.01, -103.16, 9.38, 25.1, -0.0, -91.56, 1.21, -18.87, -20.07, -67.06, 2.87, 4.18, -0.0, -97.16, 2.63, 22.72]
[-0.01, -103.16, 9.38, 25.1, -0.0, -91.56, 1.21, -18.87, -19.97, -67.73, 2.31, 4.43, -0.0, -97.16, 2.63, 22.72]
[-0.01, -103.16, 9.38, 25.1, -0.0, -91.56, 1.21, -18.87, -19.88, -68.37, 1.74, 4.69, -0.0, -97.16, 2.63, 22.72]
[-0.01, -103.16, 9.38, 25.1, -0.0, -91.56, 1.21, -18.87, -19.81, -69.0, 1.19, 4.95, -0.0, -97.16, 2.63, 22.72]
[-0.01, -103.16, 9.38, 25.1, -0.0, -91.56, 1.21, -18.87, -19.75, -69.62, 0.63, 5.21, -0.0, -97.16, 2.63, 22.72]
[-0.01, -103.16, 9.38, 25.1, -0.0, -91.56, 1.21, -18.87, -19.71, -70.21, 0.08, 5.47, -0.0, -97.16, 2.63, 22.72]
[-0.01, -103.16, 9.38, 25.1, -0.0, -91.56, 1.21, -18.87, -19.68, -70.79, -0.47, 5.73, -0.0, -97.16, 2.63, 22.72]
[-0.01, -103.16, 9.38, 25.1, -0.0, -91.56, 1.21, -18.87, -19.67, -71.35, -1.02, 5.98, -0.0, -97.16, 2.63, 22.72]
[-0.01, -103.16, 9.38, 25.1, -0.0, -91.56, 1.21, -18.87, -19.67, -71.89, -1.57, 6.24, -0.0, -97.16, 2.63, 22.72]
[-0.01, -103.16, 9.38, 25.1, -0.0, -91.56, 1.21, -18.87, -19.69, -72.41, -2.11, 6.5, -0.0, -97.16, 2.63, 22.72]
[-0.01, -103.16, 9.38, 25.1, -0.0, -91.56, 1.21, -18.87, -19.72, -72.92, -2.65, 6.76, -0.0, -97.16, 2.63, 22.72]
[-0.01, -103.16, 9.38, 25.1, -0.0, -91.56, 1.21, -18.87, -19.77, -73.41, -3.19, 7.02, -0.0, -97.16, 2.63, 22.72]
[-0.01, -103.16, 9.38, 25.1, -0.0, -91.56, 1.21, -18.87, -19.83, -73.89, -3.72, 7.28, -0.0, -97.16, 2.63, 22.72]
[-0.01, -103.16, 9.38, 25.1, -0.0, -91.56, 1.21, -18.87, -19.91, -74.35, -4.26, 7.54, -0.0, -97.16, 2.63, 22.72]
[-0.01, -103.16, 9.38, 25.1, -0.0, -91.56, 1.21, -18.87, -20.0, -74.79, -4.79, 7.8, -0.0, -97.16, 2.63, 22.72]
[-0.01, -103.16, 9.38, 25.1, -0.0, -91.56, 1.21, -18.87, -20.1, -75.22, -5.32, 8.06, -0.0, -97.16, 2.63, 22.72]
[-0.01, -103.16, 9.38, 25.1, -0.0, -91.56, 1.21, -18.87, -20.22, -75.63, -5.85, 8.31, -0.0, -97.16, 2.63, 22.72]
[-0.01, -103.16, 9.38, 25.1, -0.0, -91.56, 1.21, -18.87, -20.35, -76.02, -6.37, 8.57, -0.0, -97.16, 2.63, 22.72]
[-0.01, -103.16, 9.38, 25.1, -0.0, -91.56, 1.21, -18.87, -20.49, -76.4, -6.89, 8.83, -0.0, -97.16, 2.63, 22.72]
[-0.01, -103.16, 9.38, 25.1, -0.0, -91.56, 1.21, -18.87, -20.65, -76.76, -7.42, 9.09, -0.0, -97.16, 2.63, 22.72]
[-0.01, -103.16, 9.38, 25.1, -0.0, -91.56, 1.21, -18.87, -20.82, -77.11, -7.93, 9.35, -0.0, -97.16, 2.63, 22.72]
[-0.01, -103.16, 9.38, 25.1, -0.0, -91.56, 1.21, -18.87, -21.0, -77.44, -8.45, 9.61, -0.0, -97.16, 2.63, 22.72]
[-0.01, -103.16, 9.38, 25.1, -0.0, -91.56, 1.21, -18.87, -21.2, -77.76, -8.97, 9.87, -0.0, -97.16, 2.63, 22.72]
[-0.01, -103.16, 9.38, 25.1, -0.0, -91.56, 1.21, -18.87, -21.41, -78.06, -9.48, 10.12, -0.0, -97.16, 2.63, 22.72]
[-0.01, -103.16, 9.38, 25.1, -0.0, -91.56, 1.21, -18.87, -21.64, -78.35, -9.99, 10.38, -0.0, -97.16, 2.63, 22.72]
[-0.01, -103.16, 9.38, 25.1, -0.0, -91.56, 1.21, -18.87, -21.87, -78.62, -10.5, 10.64, -0.0, -97.16, 2.63, 22.72]
[-0.01, -103.16, 9.38, 25.1, -0.0, -91.56, 1.21, -18.87, -22.12, -78.88, -11.0, 10.9, -0.0, -97.16, 2.63, 22.72]
[-0.01, -103.16, 9.38, 25.1, -0.0, -91.56, 1.21, -18.87, -22.39, -79.12, -11.51, 11.16, -0.0, -97.16, 2.63, 22.72]
[-0.01, -103.16, 9.38, 25.1, -0.0, -91.56, 1.21, -18.87, -22.66, -79.34, -12.01, 11.42, -0.0, -97.16, 2.63, 22.72]
[-0.01, -103.16, 9.38, 25.1, -0.0, -91.56, 1.21, -18.87, -22.95, -79.56, -12.51, 11.67, -0.0, -97.16, 2.63, 22.72]
[-0.01, -103.16, 9.38, 25.1, -0.0, -91.56, 1.21, -18.87, -23.25, -79.75, -13.01, 11.93, -0.0, -97.16, 2.63, 22.72]
[-0.01, -103.16, 9.38, 25.1, -0.0, -91.56, 1.21, -18.87, -23.57, -79.93, -13.5, 12.19, -0.0, -97.16, 2.63, 22.72]
[-0.01, -103.16, 9.38, 25.1, -0.0, -91.56, 1.21, -18.87, -23.89, -80.1, -13.99, 12.44, -0.0, -97.16, 2.63, 22.72]
[-0.01, -103.16, 9.38, 25.1, -0.0, -91.56, 1.21, -18.87, -24.23, -80.25, -14.48, 12.7, -0.0, -97.16, 2.63, 22.72]
[-0.01, -103.16, 9.38, 25.1, -0.0, -91.56, 1.21, -18.87, -24.58, -80.39, -14.97, 12.96, -0.0, -97.16, 2.63, 22.72]
[-0.01, -103.16, 9.38, 25.1, -0.0, -91.56, 1.21, -18.87, -24.95, -80.51, -15.46, 13.21, -0.0, -97.16, 2.63, 22.72]
[-0.01, -103.16, 9.38, 25.1, -0.0, -91.56, 1.21, -18.87, -25.32, -80.61, -15.94, 13.47, -0.0, -97.16, 2.63, 22.72]
[-0.01, -103.16, 9.38, 25.1, -0.0, -91.56, 1.21, -18.87, -25.71, -80.71, -16.42, 13.73, -0.0, -97.16, 2.63, 22.72]
[-0.01, -103.16, 9.38, 25.1, -0.0, -91.56, 1.21, -18.87, -26.11, -80.78, -16.89, 13.98, -0.0, -97.16, 2.63, 22.72]
[-0.01, -103.16, 9.38, 25.1, -0.0, -91.56, 1.21, -18.87, -26.52, -80.84, -17.37, 14.24, -0.0, -97.16, 2.63, 22.72]
[-0.01, -103.16, 9.38, 25.1, -0.0, -91.56, 1.21, -18.87, -26.94, -80.89, -17.84, 14.49, -0.0, -97.16, 2.63, 22.72]
[-0.01, -103.16, 9.38, 25.1, -0.0, -91.56, 1.21, -18.87, -27.37, -80.92, -18.3, 14.75, -0.0, -97.16, 2.63, 22.72]
[-0.01, -103.16, 9.38, 25.1, -0.0, -91.56, 1.21, -18.87, -27.82, -80.94, -18.77, 15.0, -0.0, -97.16, 2.63, 22.72]
[-0.01, -103.16, 9.38, 25.1, -0.0, -91.56, 1.21, -18.87, -28.28, -80.94, -19.23, 15.26, -0.0, -97.16, 2.63, 22.72]
[-0.01, -103.16, 9.38, 25.1, -0.0, -91.56, 1.21, -18.87, -28.75, -80.93, -19.68, 15.51, -0.0, -97.16, 2.63, 22.72]
[-0.01, -103.16, 9.38, 25.1, -0.0, -91.56, 1.21, -18.87, -29.23, -80.91, -20.14, 15.76, -0.0, -97.16, 2.63, 22.72]
[-0.01, -103.16, 9.38, 25.1, -0.0, -91.56, 1.21, -18.87, -29.72, -80.86, -20.58, 16.02, -0.0, -97.16, 2.63, 22.72]
[-0.01, -103.16, 9.38, 25.1, -0.0, -91.56, 1.21, -18.87, -30.22, -80.81, -21.03, 16.27, -0.0, -97.16, 2.63, 22.72]
[-0.01, -103.16, 9.38, 25.1, -0.0, -91.56, 1.21, -18.87, -30.73, -80.73, -21.47, 16.52, -0.0, -97.16, 2.63, 22.72]
[-0.01, -103.16, 9.38, 25.1, -0.0, -91.56, 1.21, -18.87, -31.26, -80.65, -21.91, 16.78, -0.0, -97.16, 2.63, 22.72]
[-0.01, -103.16, 9.38, 25.1, -0.0, -91.56, 1.21, -18.87, -31.79, -80.55, -22.34, 17.03, -0.0, -97.16, 2.63, 22.72]
[-0.01, -103.16, 9.38, 25.1, -0.0, -91.56, 1.21, -18.87, -32.34, -80.43, -22.77, 17.28, -0.0, -97.16, 2.63, 22.72]
[-0.01, -103.16, 9.38, 25.1, -0.0, -91.56, 1.21, -18.87, -32.9, -80.3, -23.2, 17.53, -0.0, -97.16, 2.63, 22.72]
[-0.01, -103.16, 9.38, 25.1, -0.0, -91.56, 1.21, -18.87, -33.46, -80.15, -23.62, 17.78, -0.0, -97.16, 2.63, 22.72]
[-0.01, -103.16, 9.38, 25.1, -0.0, -91.56, 1.21, -18.87, -34.04, -79.99, -24.04, 18.03, -0.0, -97.16, 2.63, 22.72]
[-0.01, -103.16, 9.38, 25.1, -0.0, -91.56, 1.21, -18.87, -34.63, -79.82, -24.45, 18.28, -0.0, -97.16, 2.63, 22.72]
[-0.01, -103.16, 9.38, 25.1, -0.0, -91.56, 1.21, -18.87, -35.23, -79.62, -24.85, 18.53, -0.0, -97.16, 2.63, 22.72]
[-0.01, -103.16, 9.38, 25.1, -0.0, -91.56, 1.21, -18.87, -35.83, -79.42, -25.25, 18.78, -0.0, -97.16, 2.63, 22.72]
[-0.01, -103.16, 9.38, 25.1, -0.0, -91.56, 1.21, -18.87, -36.45, -79.2, -25.65, 19.03, -0.0, -97.16, 2.63, 22.72]
[-0.01, -103.16, 9.38, 25.1, -0.0, -91.56, 1.21, -18.87, -37.08, -78.96, -26.04, 19.28, -0.0, -97.16, 2.63, 22.72]
[-0.01, -103.16, 9.38, 25.1, -0.0, -91.56, 1.21, -18.87, -37.72, -78.71, -26.43, 19.53, -0.0, -97.16, 2.63, 22.72]
[-0.0, -103.16, 9.37, 25.08, -0.0, -91.56, 1.21, -18.86, -37.69, -78.75, -26.44, 19.53, -0.01, -97.16, 2.64, 22.71]
[-0.0, -103.16, 9.37, 25.08, -0.0, -91.56, 1.21, -18.86, -37.21, -78.79, -26.0, 19.53, -0.01, -97.16, 2.64, 22.71]
[-0.0, -103.16, 9.37, 25.08, -0.0, -91.56, 1.21, -18.86, -36.74, -78.81, -25.55, 19.53, -0.01, -97.16, 2.64, 22.71]
[-0.0, -103.16, 9.37, 25.08, -0.0, -91.56, 1.21, -18.86, -36.28, -78.83, -25.11, 19.53, -0.01, -97.16, 2.64, 22.71]
[-0.0, -103.16, 9.37, 25.08, -0.0, -91.56, 1.21, -18.86, -35.82, -78.83, -24.66, 19.53, -0.01, -97.16, 2.64, 22.71]
[-0.0, -103.16, 9.37, 25.08, -0.0, -91.56, 1.21, -18.86, -35.37, -78.83, -24.21, 19.53, -0.01, -97.16, 2.64, 22.71]
[-0.0, -103.16, 9.37, 25.08, -0.0, -91.56, 1.21, -18.86, -34.93, -78.81, -23.75, 19.53, -0.01, -97.16, 2.64, 22.71]
[-0.0, -103.16, 9.37, 25.08, -0.0, -91.56, 1.21, -18.86, -34.5, -78.79, -23.29, 19.53, -0.01, -97.16, 2.64, 22.71]
[-0.0, -103.16, 9.37, 25.08, -0.0, -91.56, 1.21, -18.86, -34.08, -78.75, -22.83, 19.53, -0.01, -97.16, 2.64, 22.71]
[-0.0, -103.16, 9.37, 25.08, -0.0, -91.56, 1.21, -18.86, -33.66, -78.71, -22.37, 19.53, -0.01, -97.16, 2.64, 22.71]
[-0.0, -103.16, 9.37, 25.08, -0.0, -91.56, 1.21, -18.86, -33.26, -78.65, -21.91, 19.53, -0.01, -97.16, 2.64, 22.71]
[-0.0, -103.16, 9.37, 25.08, -0.0, -91.56, 1.21, -18.86, -32.86, -78.58, -21.44, 19.53, -0.01, -97.16, 2.64, 22.71]
[-0.0, -103.16, 9.37, 25.08, -0.0, -91.56, 1.21, -18.86, -32.46, -78.5, -20.97, 19.53, -0.01, -97.16, 2.64, 22.71]
[-0.0, -103.16, 9.37, 25.08, -0.0, -91.56, 1.21, -18.86, -32.08, -78.42, -20.5, 19.53, -0.01, -97.16, 2.64, 22.71]
[-0.0, -103.16, 9.37, 25.08, -0.0, -91.56, 1.21, -18.86, -31.71, -78.32, -20.03, 19.53, -0.01, -97.16, 2.64, 22.71]
[-0.0, -103.16, 9.37, 25.08, -0.0, -91.56, 1.21, -18.86, -31.34, -78.21, -19.55, 19.53, -0.01, -97.16, 2.64, 22.71]
[-0.0, -103.16, 9.37, 25.08, -0.0, -91.56, 1.21, -18.86, -30.98, -78.09, -19.08, 19.53, -0.01, -97.16, 2.64, 22.71]
[-0.0, -103.16, 9.37, 25.08, -0.0, -91.56, 1.21, -18.86, -30.63, -77.96, -18.6, 19.53, -0.01, -97.16, 2.64, 22.71]
[-0.0, -103.16, 9.37, 25.08, -0.0, -91.56, 1.21, -18.86, -30.29, -77.82, -18.12, 19.53, -0.01, -97.16, 2.64, 22.71]
[-0.0, -103.16, 9.37, 25.08, -0.0, -91.56, 1.21, -18.86, -29.95, -77.68, -17.63, 19.53, -0.01, -97.16, 2.64, 22.71]
[-0.0, -103.16, 9.37, 25.08, -0.0, -91.56, 1.21, -18.86, -29.63, -77.51, -17.15, 19.53, -0.01, -97.16, 2.64, 22.71]
[-0.0, -103.16, 9.37, 25.08, -0.0, -91.56, 1.21, -18.86, -29.31, -77.34, -16.66, 19.53, -0.01, -97.16, 2.64, 22.71]
[-0.0, -103.16, 9.37, 25.08, -0.0, -91.56, 1.21, -18.86, -29.01, -77.16, -16.17, 19.53, -0.01, -97.16, 2.64, 22.71]
[-0.0, -103.16, 9.37, 25.08, -0.0, -91.56, 1.21, -18.86, -28.71, -76.97, -15.68, 19.53, -0.01, -97.16, 2.64, 22.71]
[-0.0, -103.16, 9.37, 25.08, -0.0, -91.56, 1.21, -18.86, -28.42, -76.77, -15.19, 19.53, -0.01, -97.16, 2.64, 22.71]
[-0.0, -103.16, 9.37, 25.08, -0.0, -91.56, 1.21, -18.86, -28.14, -76.56, -14.7, 19.53, -0.01, -97.16, 2.64, 22.71]
[-0.0, -103.16, 9.37, 25.08, -0.0, -91.56, 1.21, -18.86, -27.86, -76.33, -14.2, 19.53, -0.01, -97.16, 2.64, 22.71]
[-0.0, -103.16, 9.37, 25.08, -0.0, -91.56, 1.21, -18.86, -27.6, -76.1, -13.7, 19.53, -0.01, -97.16, 2.64, 22.71]
[-0.0, -103.16, 9.37, 25.08, -0.0, -91.56, 1.21, -18.86, -27.35, -75.86, -13.2, 19.53, -0.01, -97.16, 2.64, 22.71]
[-0.0, -103.16, 9.37, 25.08, -0.0, -91.56, 1.21, -18.86, -27.1, -75.6, -12.7, 19.53, -0.01, -97.16, 2.64, 22.71]
[-0.0, -103.16, 9.37, 25.08, -0.0, -91.56, 1.21, -18.86, -26.86, -75.33, -12.2, 19.53, -0.01, -97.16, 2.64, 22.71]
[-0.0, -103.16, 9.37, 25.08, -0.0, -91.56, 1.21, -18.86, -26.64, -75.06, -11.7, 19.53, -0.01, -97.16, 2.64, 22.71]
[-0.0, -103.16, 9.37, 25.08, -0.0, -91.56, 1.21, -18.86, -26.42, -74.77, -11.19, 19.53, -0.01, -97.16, 2.64, 22.71]
[-0.0, -103.16, 9.37, 25.08, -0.0, -91.56, 1.21, -18.86, -26.21, -74.47, -10.68, 19.53, -0.01, -97.16, 2.64, 22.71]
[-0.0, -103.16, 9.37, 25.08, -0.0, -91.56, 1.21, -18.86, -26.01, -74.16, -10.18, 19.53, -0.01, -97.16, 2.64, 22.71]
[-0.0, -103.16, 9.37, 25.08, -0.0, -91.56, 1.21, -18.86, -25.82, -73.84, -9.67, 19.53, -0.01, -97.16, 2.64, 22.71]
[-0.0, -103.16, 9.37, 25.08, -0.0, -91.56, 1.21, -18.86, -25.64, -73.51, -9.15, 19.53, -0.01, -97.16, 2.64, 22.71]
[-0.0, -103.16, 9.37, 25.08, -0.0, -91.56, 1.21, -18.86, -25.47, -73.17, -8.64, 19.53, -0.01, -97.16, 2.64, 22.71]
[-0.0, -103.16, 9.37, 25.08, -0.0, -91.56, 1.21, -18.86, -25.31, -72.81, -8.12, 19.53, -0.01, -97.16, 2.64, 22.71]
[-0.0, -103.16, 9.37, 25.08, -0.0, -91.56, 1.21, -18.86, -25.15, -72.45, -7.61, 19.53, -0.01, -97.16, 2.64, 22.71]
[-0.0, -103.16, 9.37, 25.08, -0.0, -91.56, 1.21, -18.86, -25.01, -72.07, -7.09, 19.53, -0.01, -97.16, 2.64, 22.71]
[-0.0, -103.16, 9.37, 25.08, -0.0, -91.56, 1.21, -18.86, -24.88, -71.68, -6.57, 19.53, -0.01, -97.16, 2.64, 22.71]
[-0.0, -103.16, 9.37, 25.08, -0.0, -91.56, 1.21, -18.86, -24.76, -71.28, -6.04, 19.53, -0.01, -97.16, 2.64, 22.71]
[-0.0, -103.16, 9.37, 25.08, -0.0, -91.56, 1.21, -18.86, -24.64, -70.87, -5.52, 19.53, -0.01, -97.16, 2.64, 22.71]
[-0.0, -103.16, 9.37, 25.08, -0.0, -91.56, 1.21, -18.86, -24.54, -70.45, -4.99, 19.53, -0.01, -97.16, 2.64, 22.71]
[-0.0, -103.16, 9.37, 25.08, -0.0, -91.56, 1.21, -18.86, -24.45, -70.02, -4.47, 19.53, -0.01, -97.16, 2.64, 22.71]
[-0.0, -103.16, 9.37, 25.08, -0.0, -91.56, 1.21, -18.86, -24.36, -69.57, -3.94, 19.53, -0.01, -97.16, 2.64, 22.71]
[-0.0, -103.16, 9.37, 25.08, -0.0, -91.56, 1.21, -18.86, -24.29, -69.11, -3.41, 19.53, -0.01, -97.16, 2.64, 22.71]
[-0.0, -103.16, 9.37, 25.08, -0.0, -91.56, 1.21, -18.86, -24.23, -68.64, -2.87, 19.53, -0.01, -97.16, 2.64, 22.71]
[-0.0, -103.16, 9.37, 25.08, -0.0, -91.56, 1.21, -18.86, -24.18, -68.16, -2.34, 19.53, -0.01, -97.16, 2.64, 22.71]
[-0.0, -103.16, 9.37, 25.08, -0.0, -91.56, 1.21, -18.86, -24.14, -67.66, -1.8, 19.53, -0.01, -97.16, 2.64, 22.71]
[-0.0, -103.16, 9.37, 25.08, -0.0, -91.56, 1.21, -18.86, -24.11, -67.15, -1.26, 19.53, -0.01, -97.16, 2.64, 22.71]
[-0.0, -103.16, 9.37, 25.08, -0.0, -91.56, 1.21, -18.86, -24.09, -66.63, -0.72, 19.53, -0.01, -97.16, 2.64, 22.71]
[-0.0, -103.16, 9.37, 25.08, -0.0, -91.56, 1.21, -18.86, -24.08, -66.1, -0.18, 19.53, -0.01, -97.16, 2.64, 22.71]
[-0.0, -103.16, 9.37, 25.08, -0.0, -91.56, 1.21, -18.86, -24.08, -65.55, 0.37, 19.53, -0.01, -97.16, 2.64, 22.71]
[-0.0, -103.16, 9.37, 25.08, -0.0, -91.56, 1.21, -18.86, -24.09, -64.99, 0.92, 19.53, -0.01, -97.16, 2.64, 22.71]
[-0.0, -103.16, 9.37, 25.08, -0.0, -91.56, 1.21, -18.86, -24.12, -64.41, 1.47, 19.53, -0.01, -97.16, 2.64, 22.71]
[-0.0, -103.16, 9.37, 25.08, -0.0, -91.56, 1.21, -18.86, -24.15, -63.82, 2.02, 19.53, -0.01, -97.16, 2.64, 22.71]
[-0.0, -103.16, 9.37, 25.08, -0.0, -91.56, 1.21, -18.86, -24.2, -63.22, 2.58, 19.53, -0.01, -97.16, 2.64, 22.71]
[-0.0, -103.16, 9.37, 25.08, -0.0, -91.56, 1.21, -18.86, -24.26, -62.6, 3.14, 19.53, -0.01, -97.16, 2.64, 22.71]
[-0.0, -103.16, 9.37, 25.08, -0.0, -91.56, 1.21, -18.86, -24.33, -61.97, 3.7, 19.53, -0.01, -97.16, 2.64, 22.71]
[-0.0, -103.15, 9.33, 24.39, -0.03, -91.39, 1.19, -18.54, -23.99, -62.38, 3.63, 19.84, -0.0, -97.36, 2.73, 22.6]
[-0.01, -103.13, 9.28, 23.7, -0.02, -91.24, 1.18, -18.23, -23.65, -62.78, 3.56, 20.14, -0.03, -97.53, 2.82, 22.49]
[-0.0, -103.12, 9.23, 23.02, -0.02, -91.09, 1.17, -17.92, -23.33, -63.18, 3.49, 20.45, -0.01, -97.73, 2.92, 22.38]
[-0.0, -103.11, 9.18, 22.34, -0.02, -90.93, 1.15, -17.62, -23.01, -63.56, 3.43, 20.76, -0.03, -97.9, 3.02, 22.26]
[-0.01, -103.08, 9.13, 21.67, -0.03, -90.76, 1.14, -17.31, -22.69, -63.94, 3.36, 21.07, -0.02, -98.09, 3.13, 22.15]
[-0.03, -103.04, 9.08, 21.0, -0.0, -90.62, 1.13, -17.01, -22.39, -64.31, 3.3, 21.38, -0.0, -98.28, 3.23, 22.03]
[-0.03, -103.02, 9.02, 20.33, -0.02, -90.44, 1.12, -16.71, -22.09, -64.66, 3.24, 21.69, -0.02, -98.44, 3.34, 21.91]
[-0.0, -103.02, 8.96, 19.67, -0.0, -90.28, 1.11, -16.41, -21.8, -65.01, 3.19, 22.0, -0.01, -98.62, 3.45, 21.79]
[-0.02, -102.98, 8.9, 19.02, -0.03, -90.1, 1.11, -16.12, -21.51, -65.35, 3.13, 22.31, -0.03, -98.78, 3.57, 21.67]
[-0.02, -102.96, 8.84, 18.36, -0.02, -89.93, 1.1, -15.82, -21.23, -65.68, 3.08, 22.62, -0.02, -98.96, 3.68, 21.54]
[-0.02, -102.93, 8.77, 17.72, -0.02, -89.76, 1.09, -15.53, -20.96, -66.0, 3.03, 22.94, -0.0, -99.13, 3.8, 21.41]
[-0.01, -102.91, 8.71, 17.07, -0.02, -89.58, 1.09, -15.24, -20.7, -66.32, 2.98, 23.25, -0.03, -99.28, 3.92, 21.28]
[-0.0, -102.89, 8.64, 16.43, -0.02, -89.4, 1.09, -14.96, -20.44, -66.62, 2.94, 23.57, -0.01, -99.45, 4.05, 21.15]
[-0.01, -102.85, 8.57, 15.8, -0.0, -89.24, 1.08, -14.67, -20.19, -66.92, 2.89, 23.88, -0.0, -99.61, 4.17, 21.02]
[-0.02, -102.81, 8.49, 15.17, -0.02, -89.05, 1.08, -14.39, -19.95, -67.2, 2.85, 24.2, -0.03, -99.75, 4.3, 20.88]
[-0.01, -102.78, 8.42, 14.55, -0.15, -88.77, 1.08, -14.11, -19.71, -67.48, 2.81, 24.52, -0.01, -99.91, 4.43, 20.74]
[-0.01, -102.75, 8.34, 13.93, -0.83, -88.09, 1.08, -13.84, -19.48, -67.75, 2.77, 24.84, -0.0, -100.07, 4.57, 20.6]
[-0.02, -102.7, 8.27, 13.32, -1.51, -87.39, 1.09, -13.56, -19.25, -68.01, 2.73, 25.15, -0.03, -100.2, 4.7, 20.46]
[-0.01, -102.68, 8.19, 12.72, -2.2, -86.69, 1.1, -13.29, -19.04, -68.27, 2.69, 25.47, -0.02, -100.35, 4.84, 20.31]
[-0.01, -102.64, 8.11, 12.12, -2.9, -85.98, 1.12, -13.02, -18.83, -68.51, 2.66, 25.79, -0.0, -100.5, 4.98, 20.16]
[-0.01, -102.6, 8.02, 11.52, -3.6, -85.26, 1.14, -12.75, -18.62, -68.75, 2.62, 26.12, -0.03, -100.62, 5.13, 20.01]
[-0.03, -102.54, 7.94, 10.93, -4.3, -84.53, 1.16, -12.48, -18.43, -68.98, 2.59, 26.44, -0.02, -100.76, 5.27, 19.85]
[-0.02, -102.51, 7.86, 10.35, -5.01, -83.8, 1.19, -12.22, -18.23, -69.2, 2.56, 26.76, -0.01, -100.9, 5.42, 19.7]
[-0.02, -102.46, 7.77, 9.77, -5.72, -83.05, 1.23, -11.96, -18.05, -69.41, 2.53, 27.08, -0.01, -101.04, 5.58, 19.54]
[-0.03, -102.41, 7.68, 9.2, -6.44, -82.29, 1.27, -11.7, -17.87, -69.62, 2.5, 27.41, -0.0, -101.17, 5.73, 19.37]
[-0.01, -102.38, 7.59, 8.63, -7.16, -81.53, 1.31, -11.44, -17.7, -69.82, 2.48, 27.73, -0.0, -101.3, 5.89, 19.21]
[-0.0, -102.33, 7.51, 8.07, -7.89, -80.75, 1.36, -11.18, -17.54, -70.01, 2.45, 28.05, -0.0, -101.43, 6.05, 19.04]
[-0.01, -102.28, 7.42, 7.52, -8.62, -79.96, 1.41, -10.93, -17.38, -70.19, 2.43, 28.38, -0.0, -101.55, 6.21, 18.86]
[-0.02, -102.22, 7.32, 6.97, -9.36, -79.17, 1.47, -10.68, -17.23, -70.36, 2.4, 28.71, -0.0, -101.67, 6.37, 18.69]
[-0.0, -102.18, 7.23, 6.42, -10.1, -78.36, 1.54, -10.43, -17.08, -70.53, 2.38, 29.03, -0.0, -101.79, 6.54, 18.5]
[-0.03, -102.11, 7.14, 5.89, -10.85, -77.54, 1.61, -10.18, -16.95, -70.69, 2.36, 29.36, -0.0, -101.9, 6.71, 18.32]
[-0.03, -102.05, 7.04, 5.35, -11.61, -76.71, 1.68, -9.94, -16.81, -70.84, 2.34, 29.69, -0.0, -102.01, 6.88, 18.13]
[-0.0, -102.01, 6.95, 4.83, -12.37, -75.87, 1.77, -9.69, -16.69, -70.99, 2.32, 30.01, -0.0, -102.12, 7.05, 17.94]
[-0.02, -101.94, 6.86, 4.31, -13.13, -75.01, 1.85, -9.45, -16.57, -71.12, 2.3, 30.34, -0.0, -102.22, 7.23, 17.75]
[-0.01, -101.89, 6.76, 3.79, -13.91, -74.15, 1.95, -9.21, -16.46, -71.25, 2.29, 30.67, -0.0, -102.32, 7.4, 17.55]
[-0.0, -101.83, 6.66, 3.29, -14.69, -73.27, 2.04, -8.98, -16.35, -71.37, 2.27, 31.0, -0.01, -102.42, 7.58, 17.34]
[-0.01, -101.76, 6.57, 2.78, -15.47, -72.38, 2.15, -8.74, -16.25, -71.48, 2.26, 31.33, -0.01, -102.51, 7.77, 17.13]
[-0.02, -101.68, 6.47, 2.29, -16.27, -71.47, 2.26, -8.51, -16.16, -71.59, 2.25, 31.66, -0.02, -102.6, 7.95, 16.92]
[-0.01, -101.63, 6.37, 1.8, -17.07, -70.55, 2.38, -8.28, -16.07, -71.69, 2.23, 31.99, -0.02, -102.68, 8.14, 16.7]
[-0.0, -101.56, 6.27, 1.31, -17.87, -69.62, 2.5, -8.05, -16.0, -71.78, 2.22, 32.32, -0.0, -102.79, 8.33, 16.48]
[-0.0, -101.49, 6.18, 0.83, -18.69, -68.67, 2.64, -7.82, -15.92, -71.86, 2.21, 32.65, -0.01, -102.87, 8.52, 16.25]
[-0.01, -101.41, 6.08, 0.36, -19.52, -67.71, 2.78, -7.59, -15.86, -71.94, 2.2, 32.98, -0.03, -102.94, 8.71, 16.02]
[-0.02, -101.33, 5.98, -0.11, -20.35, -66.73, 2.92, -7.37, -15.79, -72.01, 2.19, 33.31, -0.0, -103.04, 8.91, 15.78]
[-0.0, -101.26, 5.88, -0.58, -21.19, -65.73, 3.08, -7.14, -15.74, -72.07, 2.19, 33.64, -0.02, -103.11, 9.11, 15.54]
[-0.03, -101.17, 5.78, -1.03, -22.05, -64.71, 3.24, -6.92, -15.69, -72.12, 2.18, 33.97, -0.0, -103.2, 9.31, 15.29]
[-0.03, -101.09, 5.68, -1.48, -22.91, -63.68, 3.41, -6.71, -15.65, -72.17, 2.17, 34.3, -0.02, -103.26, 9.51, 15.04]
[-0.0, -101.03, 5.58, -1.93, -23.78, -62.63, 3.59, -6.49, -15.62, -72.21, 2.17, 34.63, -0.0, -103.34, 9.71, 14.78]
[-0.01, -100.94, 5.49, -2.37, -24.67, -61.56, 3.77, -6.27, -15.59, -72.24, 2.16, 34.96, -0.03, -103.39, 9.92, 14.51]
[-0.03, -100.84, 5.39, -2.81, -25.57, -60.46, 3.97, -6.06, -15.57, -72.27, 2.16, 35.3, -0.02, -103.46, 10.13, 14.24]
[-0.02, -100.76, 5.29, -3.24, -26.48, -59.35, 4.18, -5.85, -15.55, -72.28, 2.16, 35.63, -0.01, -103.53, 10.34, 13.96]
[-0.01, -100.68, 5.19, -3.66, -27.4, -58.21, 4.39, -5.64, -15.55, -72.29, 2.16, 35.96, -0.0, -103.59, 10.55, 13.68]
[-0.01, -100.58, 5.09, -4.08, -28.34, -57.04, 4.62, -5.43, -15.54, -72.3, 2.16, 36.29, -0.0, -103.65, 10.76, 13.38]
[-0.01, -100.49, 5.0, -4.5, -29.29, -55.85, 4.85, -5.22, -15.55, -72.29, 2.16, 36.62, -0.0, -103.71, 10.98, 13.08]
[-0.01, -100.49, 5.0, -4.5, -28.97, -56.81, 4.23, -4.98, -15.55, -72.29, 2.16, 36.62, -0.0, -103.71, 10.98, 13.08]
[-0.01, -100.49, 5.0, -4.5, -28.66, -57.73, 3.6, -4.74, -15.55, -72.29, 2.16, 36.62, -0.0, -103.71, 10.98, 13.08]
[-0.01, -100.49, 5.0, -4.5, -28.38, -58.63, 2.99, -4.5, -15.55, -72.29, 2.16, 36.62, -0.0, -103.71, 10.98, 13.08]
[-0.01, -100.49, 5.0, -4.5, -28.12, -59.5, 2.38, -4.25, -15.55, -72.29, 2.16, 36.62, -0.0, -103.71, 10.98, 13.08]
[-0.01, -100.49, 5.0, -4.5, -27.88, -60.35, 1.77, -4.01, -15.55, -72.29, 2.16, 36.62, -0.0, -103.71, 10.98, 13.08]
[-0.01, -100.49, 5.0, -4.5, -27.66, -61.17, 1.17, -3.77, -15.55, -72.29, 2.16, 36.62, -0.0, -103.71, 10.98, 13.08]
[-0.01, -100.49, 5.0, -4.5, -27.45, -61.97, 0.58, -3.52, -15.55, -72.29, 2.16, 36.62, -0.0, -103.71, 10.98, 13.08]
[-0.01, -100.49, 5.0, -4.5, -27.26, -62.75, -0.01, -3.28, -15.55, -72.29, 2.16, 36.62, -0.0, -103.71, 10.98, 13.08]
[-0.01, -100.49, 5.0, -4.5, -27.09, -63.5, -0.6, -3.03, -15.55, -72.29, 2.16, 36.62, -0.0, -103.71, 10.98, 13.08]
[-0.01, -100.49, 5.0, -4.5, -26.94, -64.24, -1.18, -2.79, -15.55, -72.29, 2.16, 36.62, -0.0, -103.71, 10.98, 13.08]
[-0.01, -100.49, 5.0, -4.5, -26.8, -64.95, -1.76, -2.54, -15.55, -72.29, 2.16, 36.62, -0.0, -103.71, 10.98, 13.08]
[-0.01, -100.49, 5.0, -4.5, -26.69, -65.64, -2.33, -2.3, -15.55, -72.29, 2.16, 36.62, -0.0, -103.71, 10.98, 13.08]
[-0.01, -100.49, 5.0, -4.5, -26.58, -66.32, -2.9, -2.05, -15.55, -72.29, 2.16, 36.62, -0.0, -103.71, 10.98, 13.08]
[-0.01, -100.49, 5.0, -4.5, -26.49, -66.97, -3.47, -1.8, -15.55, -72.29, 2.16, 36.62, -0.0, -103.71, 10.98, 13.08]
[-0.01, -100.49, 5.0, -4.5, -26.42, -67.6, -4.03, -1.56, -15.55, -72.29, 2.16, 36.62, -0.0, -103.71, 10.98, 13.08]
[-0.01, -100.49, 5.0, -4.5, -26.37, -68.22, -4.59, -1.31, -15.55, -72.29, 2.16, 36.62, -0.0, -103.71, 10.98, 13.08]
[-0.01, -100.49, 5.0, -4.5, -26.33, -68.82, -5.15, -1.06, -15.55, -72.29, 2.16, 36.62, -0.0, -103.71, 10.98, 13.08]
[-0.01, -100.49, 5.0, -4.5, -26.3, -69.4, -5.7, -0.81, -15.55, -72.29, 2.16, 36.62, -0.0, -103.71, 10.98, 13.08]
[-0.01, -100.49, 5.0, -4.5, -26.29, -69.96, -6.25, -0.57, -15.55, -72.29, 2.16, 36.62, -0.0, -103.71, 10.98, 13.08]
[-0.01, -100.49, 5.0, -4.5, -26.29, -70.5, -6.8, -0.32, -15.55, -72.29, 2.16, 36.62, -0.0, -103.71, 10.98, 13.08]
[-0.01, -100.49, 5.0, -4.5, -26.31, -71.03, -7.34, -0.07, -15.55, -72.29, 2.16, 36.62, -0.0, -103.71, 10.98, 13.08]
[-0.01, -100.49, 5.0, -4.5, -26.35, -71.54, -7.89, 0.18, -15.55, -72.29, 2.16, 36.62, -0.0, -103.71, 10.98, 13.08]
[-0.01, -100.49, 5.0, -4.5, -26.39, -72.03, -8.43, 0.43, -15.55, -72.29, 2.16, 36.62, -0.0, -103.71, 10.98, 13.08]
[-0.01, -100.49, 5.0, -4.5, -26.46, -72.51, -8.97, 0.68, -15.55, -72.29, 2.16, 36.62, -0.0, -103.71, 10.98, 13.08]
[-0.01, -100.49, 5.0, -4.5, -26.53, -72.97, -9.5, 0.93, -15.55, -72.29, 2.16, 36.62, -0.0, -103.71, 10.98, 13.08]
[-0.01, -100.49, 5.0, -4.5, -26.62, -73.41, -10.03, 1.18, -15.55, -72.29, 2.16, 36.62, -0.0, -103.71, 10.98, 13.08]
[-0.01, -100.49, 5.0, -4.5, -26.72, -73.84, -10.56, 1.43, -15.55, -72.29, 2.16, 36.62, -0.0, -103.71, 10.98, 13.08]
[-0.01, -100.49, 5.0, -4.5, -26.84, -74.25, -11.09, 1.68, -15.55, -72.29, 2.16, 36.62, -0.0, -103.71, 10.98, 13.08]
[-0.01, -100.49, 5.0, -4.5, -26.97, -74.64, -11.62, 1.93, -15.55, -72.29, 2.16, 36.62, -0.0, -103.71, 10.98, 13.08]
[-0.01, -100.49, 5.0, -4.5, -27.12, -75.02, -12.14, 2.19, -15.55, -72.29, 2.16, 36.62, -0.0, -103.71, 10.98, 13.08]
[-0.01, -100.49, 5.0, -4.5, -27.27, -75.39, -12.66, 2.44, -15.55, -72.29, 2.16, 36.62, -0.0, -103.71, 10.98, 13.08]
[-0.01, -100.49, 5.0, -4.5, -27.45, -75.73, -13.18, 2.69, -15.55, -72.29, 2.16, 36.62, -0.0, -103.71, 10.98, 13.08]
[-0.01, -100.49, 5.0, -4.5, -27.63, -76.06, -13.7, 2.94, -15.55, -72.29, 2.16, 36.62, -0.0, -103.71, 10.98, 13.08]
[-0.01, -100.49, 5.0, -4.5, -27.83, -76.38, -14.21, 3.19, -15.55, -72.29, 2.16, 36.62, -0.0, -103.71, 10.98, 13.08]
[-0.01, -100.49, 5.0, -4.5, -28.04, -76.68, -14.72, 3.44, -15.55, -72.29, 2.16, 36.62, -0.0, -103.71, 10.98, 13.08]
[-0.01, -100.49, 5.0, -4.5, -28.26, -76.97, -15.23, 3.7, -15.55, -72.29, 2.16, 36.62, -0.0, -103.71, 10.98, 13.08]
[-0.01, -100.49, 5.0, -4.5, -28.5, -77.24, -15.74, 3.95, -15.55, -72.29, 2.16, 36.62, -0.0, -103.71, 10.98, 13.08]
[-0.01, -100.49, 5.0, -4.5, -28.75, -77.49, -16.24, 4.2, -15.55, -72.29, 2.16, 36.62, -0.0, -103.71, 10.98, 13.08]
[-0.01, -100.49, 5.0, -4.5, -29.01, -77.73, -16.74, 4.45, -15.55, -72.29, 2.16, 36.62, -0.0, -103.71, 10.98, 13.08]
[-0.01, -100.49, 5.0, -4.5, -29.28, -77.95, -17.24, 4.71, -15.55, -72.29, 2.16, 36.62, -0.0, -103.71, 10.98, 13.08]
[-0.01, -100.49, 5.0, -4.5, -29.57, -78.16, -17.73, 4.96, -15.55, -72.29, 2.16, 36.62, -0.0, -103.71, 10.98, 13.08]
[-0.01, -100.49, 5.0, -4.5, -29.87, -78.36, -18.23, 5.21, -15.55, -72.29, 2.16, 36.62, -0.0, -103.71, 10.98, 13.08]
[-0.01, -100.49, 5.0, -4.5, -30.18, -78.54, -18.72, 5.47, -15.55, -72.29, 2.16, 36.62, -0.0, -103.71, 10.98, 13.08]
[-0.01, -100.49, 5.0, -4.5, -30.51, -78.7, -19.21, 5.72, -15.55, -72.29, 2.16, 36.62, -0.0, -103.71, 10.98, 13.08]
[-0.01, -100.49, 5.0, -4.5, -30.84, -78.85, -19.69, 5.97, -15.55, -72.29, 2.16, 36.62, -0.0, -103.71, 10.98, 13.08]
[-0.01, -100.49, 5.0, -4.5, -31.19, -78.98, -20.17, 6.23, -15.55, -72.29, 2.16, 36.62, -0.0, -103.71, 10.98, 13.08]
[-0.01, -100.49, 5.0, -4.5, -31.55, -79.1, -20.65, 6.48, -15.55, -72.29, 2.16, 36.62, -0.0, -103.71, 10.98, 13.08]
[-0.01, -100.49, 5.0, -4.5, -31.92, -79.2, -21.13, 6.73, -15.55, -72.29, 2.16, 36.62, -0.0, -103.71, 10.98, 13.08]
[-0.01, -100.49, 5.0, -4.5, -32.31, -79.29, -21.6, 6.99, -15.55, -72.29, 2.16, 36.62, -0.0, -103.71, 10.98, 13.08]
[-0.01, -100.49, 5.0, -4.5, -32.7, -79.37, -22.07, 7.24, -15.55, -72.29, 2.16, 36.62, -0.0, -103.71, 10.98, 13.08]
[-0.01, -100.49, 5.0, -4.5, -33.11, -79.43, -22.54, 7.5, -15.55, -72.29, 2.16, 36.62, -0.0, -103.71, 10.98, 13.08]
[-0.01, -100.49, 5.0, -4.5, -33.53, -79.47, -23.0, 7.75, -15.55, -72.29, 2.16, 36.62, -0.0, -103.71, 10.98, 13.08]
[-0.01, -100.49, 5.0, -4.5, -33.96, -79.5, -23.46, 8.0, -15.55, -72.29, 2.16, 36.62, -0.0, -103.71, 10.98, 13.08]
[-0.01, -100.49, 5.0, -4.5, -34.4, -79.52, -23.92, 8.26, -15.55, -72.29, 2.16, 36.62, -0.0, -103.71, 10.98, 13.08]
[-0.01, -100.49, 5.0, -4.5, -34.86, -79.52, -24.37, 8.51, -15.55, -72.29, 2.16, 36.62, -0.0, -103.71, 10.98, 13.08]
[-0.01, -100.49, 5.0, -4.5, -35.32, -79.5, -24.82, 8.76, -15.55, -72.29, 2.16, 36.62, -0.0, -103.71, 10.98, 13.08]
[-0.01, -100.49, 5.0, -4.5, -35.8, -79.47, -25.27, 9.02, -15.55, -72.29, 2.16, 36.62, -0.0, -103.71, 10.98, 13.08]
[-0.01, -100.49, 5.0, -4.5, -36.28, -79.43, -25.71, 9.27, -15.55, -72.29, 2.16, 36.62, -0.0, -103.71, 10.98, 13.08]
[-0.01, -100.49, 5.0, -4.5, -36.78, -79.37, -26.15, 9.52, -15.55, -72.29, 2.16, 36.62, -0.0, -103.71, 10.98, 13.08]
[-0.01, -100.49, 5.0, -4.5, -37.29, -79.29, -26.58, 9.78, -15.55, -72.29, 2.16, 36.62, -0.0, -103.71, 10.98, 13.08]
[-0.0, -100.49, 4.99, -4.5, -37.3, -79.27, -26.57, 9.78, -15.53, -72.31, 2.16, 36.63, -0.02, -103.69, 10.98, 13.07]
[-0.0, -100.49, 4.99, -4.5, -36.82, -79.31, -26.13, 9.78, -15.53, -72.31, 2.16, 36.63, -0.02, -103.69, 10.98, 13.07]
[-0.0, -100.49, 4.99, -4.5, -36.35, -79.33, -25.69, 9.78, -15.53, -72.31, 2.16, 36.63, -0.02, -103.69, 10.98, 13.07]
[-0.0, -100.49, 4.99, -4.5, -35.89, -79.35, -25.24, 9.78, -15.53, -72.31, 2.16, 36.63, -0.02, -103.69, 10.98, 13.07]
[-0.0, -100.49, 4.99, -4.5, -35.43, -79.35, -24.79, 9.78, -15.53, -72.31, 2.16, 36.63, -0.02, -103.69, 10.98, 13.07]
[-0.0, -100.49, 4.99, -4.5, -34.98, -79.35, -24.33, 9.78, -15.53, -72.31, 2.16, 36.63, -0.02, -103.69, 10.98, 13.07]
[-0.0, -100.49, 4.99, -4.5, -34.54, -79.33, -23.88, 9.78, -15.53, -72.31, 2.16, 36.63, -0.02, -103.69, 10.98, 13.07]
[-0.0, -100.49, 4.99, -4.5, -34.11, -79.31, -23.42, 9.78, -15.53, -72.31, 2.16, 36.63, -0.02, -103.69, 10.98, 13.07]
[-0.0, -100.49, 4.99, -4.5, -33.68, -79.27, -22.96, 9.78, -15.53, -72.31, 2.16, 36.63, -0.02, -103.69, 10.98, 13.07]
[-0.0, -100.49, 4.99, -4.5, -33.26, -79.23, -22.49, 9.78, -15.53, -72.31, 2.16, 36.63, -0.02, -103.69, 10.98, 13.07]
[-0.0, -100.49, 4.99, -4.5, -32.85, -79.17, -22.03, 9.78, -15.53, -72.31, 2.16, 36.63, -0.02, -103.69, 10.98, 13.07]
[-0.0, -100.49, 4.99, -4.5, -32.45, -79.1, -21.56, 9.78, -15.53, -72.31, 2.16, 36.63, -0.02, -103.69, 10.98, 13.07]
[-0.0, -100.49, 4.99, -4.5, -32.06, -79.03, -21.09, 9.78, -15.53, -72.31, 2.16, 36.63, -0.02, -103.69, 10.98, 13.07]
[-0.0, -100.49, 4.99, -4.5, -31.68, -78.94, -20.62, 9.78, -15.53, -72.31, 2.16, 36.63, -0.02, -103.69, 10.98, 13.07]
[-0.0, -100.49, 4.99, -4.5, -31.3, -78.84, -20.14, 9.78, -15.53, -72.31, 2.16, 36.63, -0.02, -103.69, 10.98, 13.07]
[-0.0, -100.49, 4.99, -4.5, -30.93, -78.73, -19.67, 9.78, -15.53, -72.31, 2.16, 36.63, -0.02, -103.69, 10.98, 13.07]
[-0.0, -100.49, 4.99, -4.5, -30.57, -78.62, -19.19, 9.78, -15.53, -72.31, 2.16, 36.63, -0.02, -103.69, 10.98, 13.07]
[-0.0, -100.49, 4.99, -4.5, -30.22, -78.49, -18.71, 9.78, -15.53, -72.31, 2.16, 36.63, -0.02, -103.69, 10.98, 13.07]
[-0.0, -100.49, 4.99, -4.5, -29.88, -78.35, -18.23, 9.78, -15.53, -72.31, 2.16, 36.63, -0.02, -103.69, 10.98, 13.07]
[-0.0, -100.49, 4.99, -4.5, -29.54, -78.2, -17.74, 9.78, -15.53, -72.31, 2.16, 36.63, -0.02, -103.69, 10.98, 13.07]
[-0.0, -100.49, 4.99, -4.5, -29.22, -78.04, -17.26, 9.78, -15.53, -72.31, 2.16, 36.63, -0.02, -103.69, 10.98, 13.07]
[-0.0, -100.49, 4.99, -4.5, -28.9, -77.87, -16.77, 9.78, -15.53, -72.31, 2.16, 36.63, -0.02, -103.69, 10.98, 13.07]
[-0.0, -100.49, 4.99, -4.5, -28.59, -77.69, -16.28, 9.78, -15.53, -72.31, 2.16, 36.63, -0.02, -103.69, 10.98, 13.07]
[-0.0, -100.49, 4.99, -4.5, -28.29, -77.5, -15.79, 9.78, -15.53, -72.31, 2.16, 36.63, -0.02, -103.69, 10.98, 13.07]
[-0.0, -100.49, 4.99, -4.5, -28.0, -77.3, -15.3, 9.78, -15.53, -72.31, 2.16, 36.63, -0.02, -103.69, 10.98, 13.07]
[-0.0, -100.49, 4.99, -4.5, -27.72, -77.08, -14.8, 9.78, -15.53, -72.31, 2.16, 36.63, -0.02, -103.69, 10.98, 13.07]
[-0.0, -100.49, 4.99, -4.5, -27.44, -76.86, -14.3, 9.78, -15.53, -72.31, 2.16, 36.63, -0.02, -103.69, 10.98, 13.07]
[-0.0, -100.49, 4.99, -4.5, -27.18, -76.63, -13.81, 9.78, -15.53, -72.31, 2.16, 36.63, -0.02, -103.69, 10.98, 13.07]
[-0.0, -100.49, 4.99, -4.5, -26.92, -76.38, -13.31, 9.78, -15.53, -72.31, 2.16, 36.63, -0.02, -103.69, 10.98, 13.07]
[-0.0, -100.49, 4.99, -4.5, -26.68, -76.13, -12.8, 9.78, -15.53, -72.31, 2.16, 36.63, -0.02, -103.69, 10.98, 13.07]
[-0.0, -100.49, 4.99, -4.5, -26.44, -75.86, -12.3, 9.78, -15.53, -72.31, 2.16, 36.63, -0.02, -103.69, 10.98, 13.07]
[-0.0, -100.49, 4.99, -4.5, -26.21, -75.59, -11.8, 9.78, -15.53, -72.31, 2.16, 36.63, -0.02, -103.69, 10.98, 13.07]
[-0.0, -100.49, 4.99, -4.5, -25.99, -75.3, -11.29, 9.78, -15.53, -72.31, 2.16, 36.63, -0.02, -103.69, 10.98, 13.07]
[-0.0, -100.49, 4.99, -4.5, -25.78, -75.0, -10.78, 9.78, -15.53, -72.31, 2.16, 36.63, -0.02, -103.69, 10.98, 13.07]
[-0.0, -100.49, 4.99, -4.5, -25.58, -74.69, -10.27, 9.78, -15.53, -72.31, 2.16, 36.63, -0.02, -103.69, 10.98, 13.07]
[-0.0, -100.49, 4.99, -4.5, -25.39, -74.37, -9.76, 9.78, -15.53, -72.31, 2.16, 36.63, -0.02, -103.69, 10.98, 13.07]
[-0.0, -100.49, 4.99, -4.5, -25.2, -74.04, -9.25, 9.78, -15.53, -72.31, 2.16, 36.63, -0.02, -103.69, 10.98, 13.07]
[-0.0, -100.49, 4.99, -4.5, -25.03, -73.7, -8.74, 9.78, -15.53, -72.31, 2.16, 36.63, -0.02, -103.69, 10.98, 13.07]
[-0.0, -100.49, 4.99, -4.5, -24.87, -73.35, -8.22, 9.78, -15.53, -72.31, 2.16, 36.63, -0.02, -103.69, 10.98, 13.07]
[-0.0, -100.49, 4.99, -4.5, -24.72, -72.98, -7.7, 9.78, -15.53, -72.31, 2.16, 36.63, -0.02, -103.69, 10.98, 13.07]
[-0.0, -100.49, 4.99, -4.5, -24.57, -72.61, -7.18, 9.78, -15.53, -72.31, 2.16, 36.63, -0.02, -103.69, 10.98, 13.07]
[-0.0, -100.49, 4.99, -4.5, -24.44, -72.22, -6.66, 9.78, -15.53, -72.31, 2.16, 36.63, -0.02, -103.69, 10.98, 13.07]
[-0.0, -100.49, 4.99, -4.5, -24.31, -71.82, -6.14, 9.78, -15.53, -72.31, 2.16, 36.63, -0.02, -103.69, 10.98, 13.07]
[-0.0, -100.49, 4.99, -4.5, -24.2, -71.41, -5.61, 9.78, -15.53, -72.31, 2.16, 36.63, -0.02, -103.69, 10.98, 13.07]
[-0.0, -100.49, 4.99, -4.5, -24.09, -70.99, -5.09, 9.78, -15.53, -72.31, 2.16, 36.63, -0.02, -103.69, 10.98, 13.07]
[-0.0, -100.49, 4.99, -4.5, -24.0, -70.56, -4.56, 9.78, -15.53, -72.31, 2.16, 36.63, -0.02, -103.69, 10.98, 13.07]
[-0.0, -100.49, 4.99, -4.5, -23.92, -70.11, -4.03, 9.78, -15.53, -72.31, 2.16, 36.63, -0.02, -103.69, 10.98, 13.07]
[-0.0, -100.49, 4.99, -4.5, -23.84, -69.66, -3.5, 9.78, -15.53, -72.31, 2.16, 36.63, -0.02, -103.69, 10.98, 13.07]
[-0.0, -100.49, 4.99, -4.5, -23.78, -69.19, -2.97, 9.78, -15.53, -72.31, 2.16, 36.63, -0.02, -103.69, 10.98, 13.07]
[-0.0, -100.49, 4.99, -4.5, -23.72, -68.71, -2.43, 9.78, -15.53, -72.31, 2.16, 36.63, -0.02, -103.69, 10.98, 13.07]
[-0.0, -100.49, 4.99, -4.5, -23.68, -68.21, -1.89, 9.78, -15.53, -72.31, 2.16, 36.63, -0.02, -103.69, 10.98, 13.07]
[-0.0, -100.49, 4.99, -4.5, -23.65, -67.71, -1.36, 9.78, -15.53, -72.31, 2.16, 36.63, -0.02, -103.69, 10.98, 13.07]
[-0.0, -100.49, 4.99, -4.5, -23.63, -67.19, -0.81, 9.78, -15.53, -72.31, 2.16, 36.63, -0.02, -103.69, 10.98, 13.07]
[-0.0, -100.49, 4.99, -4.5, -23.62, -66.65, -0.27, 9.78, -15.53, -72.31, 2.16, 36.63, -0.02, -103.69, 10.98, 13.07]
[-0.0, -100.49, 4.99, -4.5, -23.62, -66.11, 0.27, 9.78, -15.53, -72.31, 2.16, 36.63, -0.02, -103.69, 10.98, 13.07]
[-0.0, -100.49, 4.99, -4.5, -23.63, -65.55, 0.82, 9.78, -15.53, -72.31, 2.16, 36.63, -0.02, -103.69, 10.98, 13.07]
[-0.0, -100.49, 4.99, -4.5, -23.65, -64.98, 1.37, 9.78, -15.53, -72.31, 2.16, 36.63, -0.02, -103.69, 10.98, 13.07]
[-0.0, -100.49, 4.99, -4.5, -23.68, -64.39, 1.93, 9.78, -15.53, -72.31, 2.16, 36.63, -0.02, -103.69, 10.98, 13.07]
[-0.0, -100.49, 4.99, -4.5, -23.73, -63.79, 2.48, 9.78, -15.53, -72.31, 2.16, 36.63, -0.02, -103.69, 10.98, 13.07]
[-0.0, -100.49, 4.99, -4.5, -23.79, -63.17, 3.04, 9.78, -15.53, -72.31, 2.16, 36.63, -0.02, -103.69, 10.98, 13.07]
[-0.0, -100.49, 4.99, -4.5, -23.85, -62.54, 3.6, 9.78, -15.53, -72.31, 2.16, 36.63, -0.02, -103.69, 10.98, 13.07]
[-0.02, -100.48, 5.0, -3.77, -22.29, -64.43, 3.28, 9.87, -14.6, -73.37, 2.03, 36.28, -0.03, -103.61, 10.68, 12.8]
[-0.03, -100.48, 5.0, -3.04, -20.74, -66.26, 2.99, 9.96, -13.67, -74.41, 1.92, 35.92, -0.0, -103.54, 10.38, 12.54]
[-0.02, -100.5, 5.01, -2.3, -19.22, -68.05, 2.73, 10.05, -12.76, -75.43, 1.81, 35.57, -0.02, -103.45, 10.08, 12.29]
[-0.02, -100.49, 5.01, -1.57, -17.72, -69.8, 2.48, 10.15, -11.86, -76.43, 1.71, 35.21, -0.0, -103.37, 9.79, 12.05]
[-0.01, -100.5, 5.0, -0.83, -16.23, -71.51, 2.26, 10.24, -10.97, -77.41, 1.62, 34.84, -0.02, -103.26, 9.5, 11.81]
[-0.01, -100.49, 5.0, -0.1, -14.76, -73.18, 2.05, 10.34, -10.09, -78.37, 1.54, 34.47, -0.0, -103.17, 9.22, 11.58]
[-0.0, -100.49, 4.99, 0.63, -13.3, -74.82, 1.87, 10.44, -9.22, -79.32, 1.46, 34.1, -0.03, -103.04, 8.94, 11.36]
[-0.01, -100.47, 4.98, 1.36, -11.86, -76.43, 1.71, 10.54, -8.36, -80.24, 1.39, 33.73, -0.01, -102.94, 8.67, 11.15]
[-0.03, -100.44, 4.96, 2.1, -10.42, -78.01, 1.57, 10.64, -7.51, -81.15, 1.33, 33.35, -0.0, -102.83, 8.4, 10.94]
[-0.0, -100.45, 4.95, 2.82, -8.99, -79.56, 1.44, 10.74, -6.68, -82.04, 1.28, 32.97, -0.03, -102.69, 8.13, 10.74]
[-0.02, -100.41, 4.93, 3.55, -7.57, -81.08, 1.34, 10.84, -5.85, -82.92, 1.23, 32.58, -0.02, -102.57, 7.87, 10.55]
[-0.03, -100.39, 4.91, 4.28, -6.16, -82.59, 1.25, 10.95, -5.03, -83.78, 1.19, 32.19, -0.01, -102.44, 7.62, 10.36]
[-0.02, -100.37, 4.88, 5.0, -4.75, -84.06, 1.18, 11.06, -4.22, -84.62, 1.16, 31.8, -0.01, -102.31, 7.37, 10.18]
[-0.03, -100.34, 4.86, 5.72, -3.35, -85.52, 1.13, 11.17, -3.42, -85.45, 1.13, 31.4, -0.0, -102.17, 7.12, 10.0]
[-0.01, -100.32, 4.83, 6.44, -1.95, -86.95, 1.1, 11.28, -2.63, -86.26, 1.11, 31.0, -0.0, -102.03, 6.88, 9.83]
[-0.02, -100.29, 4.8, 7.16, -0.55, -88.36, 1.08, 11.39, -1.84, -87.06, 1.1, 30.6, -0.0, -101.88, 6.64, 9.66]
[-0.01, -100.26, 4.77, 7.87, -0.0, -89.15, 1.08, 11.5, -1.07, -87.84, 1.09, 30.19, -0.0, -101.72, 6.41, 9.49]
[-0.01, -100.22, 4.73, 8.58, -0.0, -89.52, 1.09, 11.62, -0.31, -88.61, 1.08, 29.78, -0.0, -101.56, 6.18, 9.33]
[-0.0, -100.19, 4.7, 9.29, -0.0, -89.9, 1.1, 11.74, -0.03, -89.02, 1.08, 29.36, -0.0, -101.4, 5.96, 9.18]
[-0.01, -100.15, 4.66, 9.99, -0.0, -90.26, 1.11, 11.86, -0.02, -89.23, 1.08, 28.94, -0.0, -101.22, 5.74, 9.03]
[-0.03, -100.09, 4.62, 10.69, -0.0, -90.62, 1.13, 11.98, -0.01, -89.43, 1.08, 28.52, -0.0, -101.05, 5.53, 8.88]
[-0.03, -100.04, 4.57, 11.39, -0.0, -90.98, 1.16, 12.11, -0.02, -89.62, 1.09, 28.09, -0.0, -100.87, 5.32, 8.74]
[-0.01, -100.01, 4.53, 12.08, -0.0, -91.33, 1.18, 12.23, -0.0, -89.82, 1.09, 27.66, -0.0, -100.68, 5.12, 8.6]
[-0.01, -99.95, 4.48, 12.77, -0.01, -91.67, 1.22, 12.36, -0.03, -89.99, 1.1, 27.23, -0.0, -100.49, 4.92, 8.46]
[-0.02, -99.89, 4.43, 13.45, -0.01, -92.01, 1.26, 12.49, -0.02, -90.18, 1.11, 26.79, -0.0, -100.29, 4.72, 8.33]
[-0.02, -99.83, 4.38, 14.13, -0.01, -92.34, 1.3, 12.63, -0.03, -90.35, 1.12, 26.35, -0.0, -100.09, 4.53, 8.2]
[-0.03, -99.76, 4.33, 14.81, -0.02, -92.67, 1.35, 12.76, -0.01, -90.54, 1.13, 25.91, -0.0, -99.88, 4.35, 8.07]
[-0.02, -99.71, 4.27, 15.48, -0.02, -92.99, 1.4, 12.9, -0.0, -90.72, 1.14, 25.46, -0.0, -99.67, 4.17, 7.95]
[-0.03, -99.64, 4.22, 16.14, -0.02, -93.31, 1.46, 13.04, -0.0, -90.89, 1.15, 25.01, -0.0, -99.45, 4.0, 7.83]
[-0.02, -99.58, 4.16, 16.8, -0.03, -93.62, 1.52, 13.19, -0.01, -91.05, 1.16, 24.55, -0.0, -99.23, 3.83, 7.71]
[-0.02, -99.5, 4.1, 17.46, -0.0, -93.96, 1.59, 13.33, -0.03, -91.19, 1.17, 24.09, -0.01, -99.01, 3.66, 7.6]
[-0.0, -99.44, 4.04, 18.1, -0.01, -94.26, 1.66, 13.48, -0.02, -91.36, 1.19, 23.63, -0.01, -98.77, 3.51, 7.48]
[-0.0, -99.36, 3.98, 18.75, -0.01, -94.56, 1.73, 13.63, -0.03, -91.51, 1.2, 23.16, -0.01, -98.54, 3.35, 7.37]
[-0.01, -99.28, 3.92, 19.39, -0.02, -94.85, 1.81, 13.79, -0.01, -91.67, 1.22, 22.69, -0.01, -98.3, 3.2, 7.27]
[-0.0, -99.2, 3.86, 20.02, -0.03, -95.13, 1.9, 13.95, -0.0, -91.83, 1.23, 22.21, -0.0, -98.05, 3.06, 7.16]
[-0.01, -99.11, 3.79, 20.65, -0.0, -95.44, 1.99, 14.11, -0.0, -91.97, 1.25, 21.74, -0.0, -97.8, 2.92, 7.06]
[-0.03, -99.0, 3.73, 21.27, -0.01, -95.72, 2.08, 14.27, -0.01, -92.1, 1.27, 21.25, -0.0, -97.55, 2.78, 6.96]
[-0.02, -98.91, 3.66, 21.88, -0.02, -95.99, 2.18, 14.44, -0.0, -92.25, 1.29, 20.77, -0.0, -97.29, 2.65, 6.86]
[-0.0, -98.84, 3.59, 22.49, -0.03, -96.26, 2.29, 14.61, -0.0, -92.39, 1.3, 20.28, -0.0, -97.03, 2.53, 6.77]
[-0.03, -98.72, 3.53, 23.1, -0.01, -96.54, 2.39, 14.79, -0.01, -92.51, 1.32, 19.79, -0.0, -96.76, 2.41, 6.67]
[-0.03, -98.62, 3.46, 23.7, -0.02, -96.8, 2.51, 14.96, -0.03, -92.62, 1.34, 19.29, -0.0, -96.48, 2.3, 6.58]
[-0.01, -98.53, 3.39, 24.29, -0.03, -97.05, 2.63, 15.14, -0.02, -92.75, 1.36, 18.79, -0.0, -96.21, 2.19, 6.49]
[-0.0, -98.42, 3.32, 24.87, -0.01, -97.32, 2.75, 15.33, -0.03, -92.86, 1.38, 18.29, -0.0, -95.92, 2.08, 6.4]
[-0.01, -98.31, 3.25, 25.45, -0.02, -97.56, 2.87, 15.52, -0.01, -92.99, 1.4, 17.79, -0.0, -95.64, 1.98, 6.31]
[-0.02, -98.18, 3.18, 26.03, -0.0, -97.82, 3.0, 15.71, -0.0, -93.11, 1.42, 17.28, -0.0, -95.34, 1.89, 6.23]
[-0.02, -98.07, 3.11, 26.6, -0.02, -98.05, 3.14, 15.91, -0.01, -93.22, 1.44, 16.77, -0.0, -95.05, 1.8, 6.15]
[-0.02, -97.94, 3.04, 27.16, -0.0, -98.3, 3.28, 16.11, -0.03, -93.31, 1.46, 16.25, -0.0, -94.75, 1.71, 6.06]
[-0.0, -97.83, 2.97, 27.71, -0.02, -98.52, 3.42, 16.32, -0.02, -93.42, 1.47, 15.73, -0.0, -94.44, 1.63, 5.98]
[-0.0, -97.71, 2.91, 28.26, -0.0, -98.76, 3.57, 16.53, -0.02, -93.51, 1.49, 15.21, -0.0, -94.13, 1.56, 5.91]
[-0.01, -97.57, 2.84, 28.81, -0.02, -98.96, 3.73, 16.74, -0.0, -93.62, 1.51, 14.69, -0.0, -93.82, 1.49, 5.83]
[-0.02, -97.42, 2.77, 29.34, -0.01, -99.19, 3.89, 16.96, -0.0, -93.72, 1.53, 14.16, -0.0, -93.5, 1.42, 5.75]
[-0.01, -97.29, 2.7, 29.88, -0.03, -99.39, 4.05, 17.19, -0.01, -93.81, 1.55, 13.63, -0.0, -93.17, 1.36, 5.68]
[-0.02, -97.15, 2.63, 30.4, -0.02, -99.6, 4.21, 17.42, -0.03, -93.88, 1.57, 13.1, -0.0, -92.84, 1.3, 5.61]
[-0.03, -96.99, 2.56, 30.92, -0.0, -99.81, 4.38, 17.65, -0.02, -93.96, 1.59, 12.56, -0.0, -92.51, 1.25, 5.53]
[-0.02, -96.85, 2.49, 31.43, -0.03, -99.99, 4.56, 17.9, -0.03, -94.04, 1.61, 12.02, -0.0, -92.17, 1.21, 5.46]
[-0.01, -96.7, 2.43, 31.94, -0.02, -100.19, 4.74, 18.14, -0.02, -94.12, 1.62, 11.48, -0.0, -91.83, 1.17, 5.4]
[-0.02, -96.54, 2.36, 32.44, -0.01, -100.38, 4.92, 18.4, -0.01, -94.2, 1.64, 10.94, -0.0, -91.48, 1.13, 5.33]
[-0.0, -96.39, 2.3, 32.94, -0.01, -100.57, 5.11, 18.65, -0.02, -94.26, 1.66, 10.39, -0.0, -91.12, 1.1, 5.26]
[-0.03, -96.21, 2.23, 33.43, -0.01, -100.75, 5.3, 18.92, -0.01, -94.34, 1.67, 9.85, -0.0, -90.77, 1.08, 5.2]
[-0.03, -96.04, 2.17, 33.91, -0.01, -100.93, 5.5, 19.19, -0.01, -94.4, 1.69, 9.3, -0.0, -90.4, 1.05, 5.13]
[-0.01, -95.89, 2.11, 34.39, -0.01, -101.1, 5.7, 19.47, -0.03, -94.45, 1.71, 8.74, -0.0, -90.03, 1.04, 5.07]
[-0.03, -95.7, 2.05, 34.86, -0.01, -101.26, 5.9, 19.76, -0.02, -94.51, 1.72, 8.19, -0.0, -89.66, 1.03, 5.01]
[-0.02, -95.53, 1.99, 35.32, -0.02, -101.41, 6.11, 20.05, -0.03, -94.56, 1.73, 7.63, -0.0, -89.28, 1.02, 4.95]
[-0.02, -95.35, 1.93, 35.78, -0.03, -101.56, 6.32, 20.35, -0.01, -94.63, 1.75, 7.07, -0.33, -88.66, 1.02, 4.89]
[-0.03, -95.15, 1.87, 36.24, -0.0, -101.73, 6.54, 20.66, -0.01, -94.68, 1.76, 6.51, -1.72, -87.25, 1.03, 4.83]
[-0.01, -94.98, 1.82, 36.69, -0.02, -101.87, 6.76, 20.97, -0.02, -94.71, 1.77, 5.95, -3.15, -85.79, 1.06, 4.77]
[-0.0, -94.79, 1.76, 37.13, -0.0, -102.02, 6.98, 21.3, -0.0, -94.77, 1.78, 5.39, -4.58, -84.31, 1.11, 4.71]
[-0.0, -94.59, 1.71, 37.57, -0.02, -102.14, 7.21, 21.63, -0.01, -94.8, 1.8, 4.83, -6.01, -82.8, 1.18, 4.66]
[-0.01, -94.39, 1.66, 38.0, -0.01, -102.28, 7.44, 21.97, -0.02, -94.83, 1.81, 4.26, -7.45, -81.28, 1.27, 4.6]
[-0.02, -94.17, 1.61, 38.43, -0.0, -102.42, 7.68, 22.32, -0.02, -94.86, 1.81, 3.69, -8.9, -79.72, 1.37, 4.55]
[-0.01, -93.97, 1.56, 38.85, -0.0, -102.54, 7.92, 22.69, -0.02, -94.89, 1.82, 3.12, -10.35, -78.15, 1.5, 4.49]
[-0.0, -93.76, 1.51, 39.26, -0.0, -102.66, 8.16, 23.06, -0.01, -94.93, 1.83, 2.55, -11.81, -76.54, 1.64, 4.44]
[-0.01, -93.55, 1.47, 39.67, -0.0, -102.77, 8.4, 23.44, -0.01, -94.95, 1.84, 1.98, -13.28, -74.9, 1.81, 4.39]
[-0.02, -93.32, 1.43, 40.08, -0.01, -102.88, 8.65, 23.83, -0.02, -94.96, 1.84, 1.41, -14.77, -73.23, 1.99, 4.34]
[-0.03, -93.08, 1.39, 40.48, -0.03, -102.97, 8.9, 24.24, -0.01, -94.98, 1.85, 0.84, -16.26, -71.53, 2.2, 4.29]
[-0.02, -92.86, 1.35, 40.88, -0.01, -103.09, 9.16, 24.65, -0.02, -94.99, 1.85, 0.27, -17.78, -69.79, 2.43, 4.24]
[-0.01, -92.64, 1.31, 41.27, -0.03, -103.17, 9.42, 25.08, -0.0, -95.02, 1.86, -0.3, -19.3, -68.01, 2.68, 4.19]
[-0.01, -92.64, 1.31, 41.27, -0.03, -103.17, 9.42, 25.08, -0.0, -95.02, 1.86, -0.3, -19.24, -68.64, 2.12, 4.45]
[-0.01, -92.64, 1.31, 41.27, -0.03, -103.17, 9.42, 25.08, -0.0, -95.02, 1.86, -0.3, -19.16, -69.28, 1.56, 4.71]
[-0.01, -92.64, 1.31, 41.27, -0.03, -103.17, 9.42, 25.08, -0.0, -95.02, 1.86, -0.3, -19.09, -69.91, 1.0, 4.97]
[-0.01, -92.64, 1.31, 41.27, -0.03, -103.17, 9.42, 25.08, -0.0, -95.02, 1.86, -0.3, -19.04, -70.52, 0.45, 5.22]
[-0.01, -92.64, 1.31, 41.27, -0.03, -103.17, 9.42, 25.08, -0.0, -95.02, 1.86, -0.3, -19.0, -71.11, -0.1, 5.48]
[-0.01, -92.64, 1.31, 41.27, -0.03, -103.17, 9.42, 25.08, -0.0, -95.02, 1.86, -0.3, -18.98, -71.68, -0.65, 5.74]
[-0.01, -92.64, 1.31, 41.27, -0.03, -103.17, 9.42, 25.08, -0.0, -95.02, 1.86, -0.3, -18.97, -72.23, -1.2, 6.0]
[-0.01, -92.64, 1.31, 41.27, -0.03, -103.17, 9.42, 25.08, -0.0, -95.02, 1.86, -0.3, -18.98, -72.77, -1.75, 6.26]
[-0.01, -92.64, 1.31, 41.27, -0.03, -103.17, 9.42, 25.08, -0.0, -95.02, 1.86, -0.3, -19.0, -73.29, -2.29, 6.52]
[-0.01, -92.64, 1.31, 41.27, -0.03, -103.17, 9.42, 25.08, -0.0, -95.02, 1.86, -0.3, -19.04, -73.8, -2.83, 6.78]
[-0.01, -92.64, 1.31, 41.27, -0.03, -103.17, 9.42, 25.08, -0.0, -95.02, 1.86, -0.3, -19.09, -74.28, -3.37, 7.04]
[-0.01, -92.64, 1.31, 41.27, -0.03, -103.17, 9.42, 25.08, -0.0, -95.02, 1.86, -0.3, -19.15, -74.76, -3.9, 7.3]
[-0.01, -92.64, 1.31, 41.27, -0.03, -103.17, 9.42, 25.08, -0.0, -95.02, 1.86, -0.3, -19.23, -75.21, -4.44, 7.56]
[-0.01, -92.64, 1.31, 41.27, -0.03, -103.17, 9.42, 25.08, -0.0, -95.02, 1.86, -0.3, -19.32, -75.65, -4.97, 7.82]
[-0.01, -92.64, 1.31, 41.27, -0.03, -103.17, 9.42, 25.08, -0.0, -95.02, 1.86, -0.3, -19.43, -76.07, -5.5, 8.08]
[-0.01, -92.64, 1.31, 41.27, -0.03, -103.17, 9.42, 25.08, -0.0, -95.02, 1.86, -0.3, -19.55, -76.48, -6.03, 8.34]
[-0.01, -92.64, 1.31, 41.27, -0.03, -103.17, 9.42, 25.08, -0.0, -95.02, 1.86, -0.3, -19.68, -76.87, -6.55, 8.6]
[-0.01, -92.64, 1.31, 41.27, -0.03, -103.17, 9.42, 25.08, -0.0, -95.02, 1.86, -0.3, -19.83, -77.25, -7.08, 8.85]
[-0.01, -92.64, 1.31, 41.27, -0.03, -103.17, 9.42, 25.08, -0.0, -95.02, 1.86, -0.3, -19.99, -77.61, -7.6, 9.11]
[-0.01, -92.64, 1.31, 41.27, -0.03, -103.17, 9.42, 25.08, -0.0, -95.02, 1.86, -0.3, -20.16, -77.96, -8.12, 9.37]
[-0.01, -92.64, 1.31, 41.27, -0.03, -103.17, 9.42, 25.08, -0.0, -95.02, 1.86, -0.3, -20.35, -78.29, -8.63, 9.63]
[-0.01, -92.64, 1.31, 41.27, -0.03, -103.17, 9.42, 25.08, -0.0, -95.02, 1.86, -0.3, -20.55, -78.6, -9.15, 9.89]
[-0.01, -92.64, 1.31, 41.27, -0.03, -103.17, 9.42, 25.08, -0.0, -95.02, 1.86, -0.3, -20.77, -78.9, -9.66, 10.15]
[-0.01, -92.64, 1.31, 41.27, -0.03, -103.17, 9.42, 25.08, -0.0, -95.02, 1.86, -0.3, -20.99, -79.19, -10.18, 10.41]
[-0.01, -92.64, 1.31, 41.27, -0.03, -103.17, 9.42, 25.08, -0.0, -95.02, 1.86, -0.3, -21.23, -79.46, -10.69, 10.67]
[-0.01, -92.64, 1.31, 41.27, -0.03, -103.17, 9.42, 25.08, -0.0, -95.02, 1.86, -0.3, -21.49, -79.71, -11.19, 10.93]
[-0.01, -92.64, 1.31, 41.27, -0.03, -103.17, 9.42, 25.08, -0.0, -95.02, 1.86, -0.3, -21.75, -79.95, -11.7, 11.18]
[-0.01, -92.64, 1.31, 41.27, -0.03, -103.17, 9.42, 25.08, -0.0, -95.02, 1.86, -0.3, -22.03, -80.18, -12.2, 11.44]
[-0.01, -92.64, 1.31, 41.27, -0.03, -103.17, 9.42, 25.08, -0.0, -95.02, 1.86, -0.3, -22.32, -80.39, -12.7, 11.7]
[-0.01, -92.64, 1.31, 41.27, -0.03, -103.17, 9.42, 25.08, -0.0, -95.02, 1.86, -0.3, -22.63, -80.58, -13.2, 11.96]
[-0.01, -92.64, 1.31, 41.27, -0.03, -103.17, 9.42, 25.08, -0.0, -95.02, 1.86, -0.3, -22.94, -80.76, -13.7, 12.22]
[-0.01, -92.64, 1.31, 41.27, -0.03, -103.17, 9.42, 25.08, -0.0, -95.02, 1.86, -0.3, -23.27, -80.92, -14.19, 12.47]
[-0.01, -92.64, 1.31, 41.27, -0.03, -103.17, 9.42, 25.08, -0.0, -95.02, 1.86, -0.3, -23.61, -81.07, -14.68, 12.73]
[-0.01, -92.64, 1.31, 41.27, -0.03, -103.17, 9.42, 25.08, -0.0, -95.02, 1.86, -0.3, -23.97, -81.21, -15.17, 12.99]
[-0.01, -92.64, 1.31, 41.27, -0.03, -103.17, 9.42, 25.08, -0.0, -95.02, 1.86, -0.3, -24.33, -81.33, -15.66, 13.25]
[-0.01, -92.64, 1.31, 41.27, -0.03, -103.17, 9.42, 25.08, -0.0, -95.02, 1.86, -0.3, -24.71, -81.44, -16.14, 13.5]
[-0.01, -92.64, 1.31, 41.27, -0.03, -103.17, 9.42, 25.08, -0.0, -95.02, 1.86, -0.3, -25.1, -81.53, -16.62, 13.76]
[-0.01, -92.64, 1.31, 41.27, -0.03, -103.17, 9.42, 25.08, -0.0, -95.02, 1.86, -0.3, -25.5, -81.6, -17.1, 14.01]
[-0.01, -92.64, 1.31, 41.27, -0.03, -103.17, 9.42, 25.08, -0.0, -95.02, 1.86, -0.3, -25.92, -81.66, -17.57, 14.27]
[-0.01, -92.64, 1.31, 41.27, -0.03, -103.17, 9.42, 25.08, -0.0, -95.02, 1.86, -0.3, -26.34, -81.71, -18.05, 14.53]
[-0.01, -92.64, 1.31, 41.27, -0.03, -103.17, 9.42, 25.08, -0.0, -95.02, 1.86, -0.3, -26.78, -81.74, -18.52, 14.78]
[-0.01, -92.64, 1.31, 41.27, -0.03, -103.17, 9.42, 25.08, -0.0, -95.02, 1.86, -0.3, -27.23, -81.76, -18.98, 15.04]
[-0.01, -92.64, 1.31, 41.27, -0.03, -103.17, 9.42, 25.08, -0.0, -95.02, 1.86, -0.3, -27.69, -81.76, -19.44, 15.29]
[-0.01, -92.64, 1.31, 41.27, -0.03, -103.17, 9.42, 25.08, -0.0, -95.02, 1.86, -0.3, -28.16, -81.75, -19.9, 15.55]
[-0.01, -92.64, 1.31, 41.27, -0.03, -103.17, 9.42, 25.08, -0.0, -95.02, 1.86, -0.3, -28.64, -81.72, -20.36, 15.8]
[-0.01, -92.64, 1.31, 41.27, -0.03, -103.17, 9.42, 25.08, -0.0, -95.02, 1.86, -0.3, -29.14, -81.68, -20.81, 16.05]
[-0.01, -92.64, 1.31, 41.27, -0.03, -103.17, 9.42, 25.08, -0.0, -95.02, 1.86, -0.3, -29.64, -81.62, -21.26, 16.31]
[-0.01, -92.64, 1.31, 41.27, -0.03, -103.17, 9.42, 25.08, -0.0, -95.02, 1.86, -0.3, -30.16, -81.55, -21.7, 16.56]
[-0.01, -92.64, 1.31, 41.27, -0.03, -103.17, 9.42, 25.08, -0.0, -95.02, 1.86, -0.3, -30.68, -81.46, -22.14, 16.81]
[-0.01, -92.64, 1.31, 41.27, -0.03, -103.17, 9.42, 25.08, -0.0, -95.02, 1.86, -0.3, -31.22, -81.36, -22.58, 17.07]
[-0.01, -92.64, 1.31, 41.27, -0.03, -103.17, 9.42, 25.08, -0.0, -95.02, 1.86, -0.3, -31.77, -81.24, -23.01, 17.32]
[-0.01, -92.64, 1.31, 41.27, -0.03, -103.17, 9.42, 25.08, -0.0, -95.02, 1.86, -0.3, -32.33, -81.11, -23.44, 17.57]
[-0.01, -92.64, 1.31, 41.27, -0.03, -103.17, 9.42, 25.08, -0.0, -95.02, 1.86, -0.3, -32.9, -80.97, -23.86, 17.82]
[-0.01, -92.64, 1.31, 41.27, -0.03, -103.17, 9.42, 25.08, -0.0, -95.02, 1.86, -0.3, -33.48, -80.8, -24.28, 18.07]
[-0.01, -92.64, 1.31, 41.27, -0.03, -103.17, 9.42, 25.08, -0.0, -95.02, 1.86, -0.3, -34.07, -80.63, -24.69, 18.32]
[-0.01, -92.64, 1.31, 41.27, -0.03, -103.17, 9.42, 25.08, -0.0, -95.02, 1.86, -0.3, -34.67, -80.44, -25.1, 18.57]
[-0.01, -92.64, 1.31, 41.27, -0.03, -103.17, 9.42, 25.08, -0.0, -95.02, 1.86, -0.3, -35.28, -80.23, -25.51, 18.82]
[-0.01, -92.64, 1.31, 41.27, -0.03, -103.17, 9.42, 25.08, -0.0, -95.02, 1.86, -0.3, -35.9, -80.01, -25.91, 19.07]
[-0.01, -92.64, 1.31, 41.27, -0.03, -103.17, 9.42, 25.08, -0.0, -95.02, 1.86, -0.3, -36.53, -79.77, -26.3, 19.32]
[-0.01, -92.64, 1.31, 41.27, -0.03, -103.17, 9.42, 25.08, -0.0, -95.02, 1.86, -0.3, -37.17, -79.52, -26.69, 19.57]
[-0.03, -92.62, 1.31, 41.26, -0.0, -103.18, 9.41, 25.1, -0.02, -95.01, 1.86, -0.3, -37.16, -79.53, -26.69, 19.56]
[-0.03, -92.62, 1.31, 41.26, -0.0, -103.18, 9.41, 25.1, -0.02, -95.01, 1.86, -0.3, -36.68, -79.57, -26.25, 19.56]
[-0.03, -92.62, 1.31, 41.26, -0.0, -103.18, 9.41, 25.1, -0.02, -95.01, 1.86, -0.3, -36.21, -79.6, -25.8, 19.56]
[-0.03, -92.62, 1.31, 41.26, -0.0, -103.18, 9.41, 25.1, -0.02, -95.01, 1.86, -0.3, -35.74, -79.61, -25.35, 19.56]
[-0.03, -92.62, 1.31, 41.26, -0.0, -103.18, 9.41, 25.1, -0.02, -95.01, 1.86, -0.3, -35.29, -79.62, -24.9, 19.56]
[-0.03, -92.62, 1.31, 41.26, -0.0, -103.18, 9.41, 25.1, -0.02, -95.01, 1.86, -0.3, -34.84, -79.62, -24.45, 19.56]
[-0.03, -92.62, 1.31, 41.26, -0.0, -103.18, 9.41, 25.1, -0.02, -95.01, 1.86, -0.3, -34.39, -79.6, -23.99, 19.56]
[-0.03, -92.62, 1.31, 41.26, -0.0, -103.18, 9.41, 25.1, -0.02, -95.01, 1.86, -0.3, -33.96, -79.58, -23.53, 19.56]
[-0.03, -92.62, 1.31, 41.26, -0.0, -103.18, 9.41, 25.1, -0.02, -95.01, 1.86, -0.3, -33.53, -79.54, -23.07, 19.56]
[-0.03, -92.62, 1.31, 41.26, -0.0, -103.18, 9.41, 25.1, -0.02, -95.01, 1.86, -0.3, -33.11, -79.5, -22.61, 19.56]
[-0.03, -92.62, 1.31, 41.26, -0.0, -103.18, 9.41, 25.1, -0.02, -95.01, 1.86, -0.3, -32.7, -79.44, -22.14, 19.56]
[-0.03, -92.62, 1.31, 41.26, -0.0, -103.18, 9.41, 25.1, -0.02, -95.01, 1.86, -0.3, -32.3, -79.38, -21.67, 19.56]
[-0.03, -92.62, 1.31, 41.26, -0.0, -103.18, 9.41, 25.1, -0.02, -95.01, 1.86, -0.3, -31.91, -79.3, -21.2, 19.56]
[-0.03, -92.62, 1.31, 41.26, -0.0, -103.18, 9.41, 25.1, -0.02, -95.01, 1.86, -0.3, -31.52, -79.22, -20.73, 19.56]
[-0.03, -92.62, 1.31, 41.26, -0.0, -103.18, 9.41, 25.1, -0.02, -95.01, 1.86, -0.3, -31.14, -79.12, -20.26, 19.56]
[-0.03, -92.62, 1.31, 41.26, -0.0, -103.18, 9.41, 25.1, -0.02, -95.01, 1.86, -0.3, -30.77, -79.01, -19.78, 19.56]
[-0.03, -92.62, 1.31, 41.26, -0.0, -103.18, 9.41, 25.1, -0.02, -95.01, 1.86, -0.3, -30.41, -78.9, -19.3, 19.56]
[-0.03, -92.62, 1.31, 41.26, -0.0, -103.18, 9.41, 25.1, -0.02, -95.01, 1.86, -0.3, -30.06, -78.77, -18.82, 19.56]
[-0.03, -92.62, 1.31, 41.26, -0.0, -103.18, 9.41, 25.1, -0.02, -95.01, 1.86, -0.3, -29.71, -78.63, -18.34, 19.56]
[-0.03, -92.62, 1.31, 41.26, -0.0, -103.18, 9.41, 25.1, -0.02, -95.01, 1.86, -0.3, -29.37, -78.48, -17.85, 19.56]
[-0.03, -92.62, 1.31, 41.26, -0.0, -103.18, 9.41, 25.1, -0.02, -95.01, 1.86, -0.3, -29.05, -78.33, -17.37, 19.56]
[-0.03, -92.62, 1.31, 41.26, -0.0, -103.18, 9.41, 25.1, -0.02, -95.01, 1.86, -0.3, -28.73, -78.16, -16.88, 19.56]
[-0.03, -92.62, 1.31, 41.26, -0.0, -103.18, 9.41, 25.1, -0.02, -95.01, 1.86, -0.3, -28.42, -77.98, -16.39, 19.56]
[-0.03, -92.62, 1.31, 41.26, -0.0, -103.18, 9.41, 25.1, -0.02, -95.01, 1.86, -0.3, -28.12, -77.79, -15.9, 19.56]
[-0.03, -92.62, 1.31, 41.26, -0.0, -103.18, 9.41, 25.1, -0.02, -95.01, 1.86, -0.3, -27.82, -77.59, -15.41, 19.56]
[-0.03, -92.62, 1.31, 41.26, -0.0, -103.18, 9.41, 25.1, -0.02, -95.01, 1.86, -0.3, -27.54, -77.38, -14.91, 19.56]
[-0.03, -92.62, 1.31, 41.26, -0.0, -103.18, 9.41, 25.1, -0.02, -95.01, 1.86, -0.3, -27.26, -77.15, -14.41, 19.56]
[-0.03, -92.62, 1.31, 41.26, -0.0, -103.18, 9.41, 25.1, -0.02, -95.01, 1.86, -0.3, -27.0, -76.92, -13.92, 19.56]
[-0.03, -92.62, 1.31, 41.26, -0.0, -103.18, 9.41, 25.1, -0.02, -95.01, 1.86, -0.3, -26.74, -76.68, -13.42, 19.56]
[-0.03, -92.62, 1.31, 41.26, -0.0, -103.18, 9.41, 25.1, -0.02, -95.01, 1.86, -0.3, -26.49, -76.43, -12.91, 19.56]
[-0.03, -92.62, 1.31, 41.26, -0.0, -103.18, 9.41, 25.1, -0.02, -95.01, 1.86, -0.3, -26.25, -76.16, -12.41, 19.56]
[-0.03, -92.62, 1.31, 41.26, -0.0, -103.18, 9.41, 25.1, -0.02, -95.01, 1.86, -0.3, -26.02, -75.89, -11.91, 19.56]
[-0.03, -92.62, 1.31, 41.26, -0.0, -103.18, 9.41, 25.1, -0.02, -95.01, 1.86, -0.3, -25.8, -75.6, -11.4, 19.56]
[-0.03, -92.62, 1.31, 41.26, -0.0, -103.18, 9.41, 25.1, -0.02, -95.01, 1.86, -0.3, -25.59, -75.31, -10.89, 19.56]
[-0.03, -92.62, 1.31, 41.26, -0.0, -103.18, 9.41, 25.1, -0.02, -95.01, 1.86, -0.3, -25.39, -75.0, -10.38, 19.56]
[-0.03, -92.62, 1.31, 41.26, -0.0, -103.18, 9.41, 25.1, -0.02, -95.01, 1.86, -0.3, -25.19, -74.68, -9.87, 19.56]
[-0.03, -92.62, 1.31, 41.26, -0.0, -103.18, 9.41, 25.1, -0.02, -95.01, 1.86, -0.3, -25.01, -74.35, -9.36, 19.56]
[-0.03, -92.62, 1.31, 41.26, -0.0, -103.18, 9.41, 25.1, -0.02, -95.01, 1.86, -0.3, -24.83, -74.01, -8.84, 19.56]
[-0.03, -92.62, 1.31, 41.26, -0.0, -103.18, 9.41, 25.1, -0.02, -95.01, 1.86, -0.3, -24.67, -73.66, -8.33, 19.56]
[-0.03, -92.62, 1.31, 41.26, -0.0, -103.18, 9.41, 25.1, -0.02, -95.01, 1.86, -0.3, -24.51, -73.3, -7.81, 19.56]
[-0.03, -92.62, 1.31, 41.26, -0.0, -103.18, 9.41, 25.1, -0.02, -95.01, 1.86, -0.3, -24.37, -72.93, -7.29, 19.56]
[-0.03, -92.62, 1.31, 41.26, -0.0, -103.18, 9.41, 25.1, -0.02, -95.01, 1.86, -0.3, -24.23, -72.54, -6.77, 19.56]
[-0.03, -92.62, 1.31, 41.26, -0.0, -103.18, 9.41, 25.1, -0.02, -95.01, 1.86, -0.3, -24.11, -72.15, -6.25, 19.56]
[-0.03, -92.62, 1.31, 41.26, -0.0, -103.18, 9.41, 25.1, -0.02, -95.01, 1.86, -0.3, -23.99, -71.74, -5.72, 19.56]
[-0.03, -92.62, 1.31, 41.26, -0.0, -103.18, 9.41, 25.1, -0.02, -95.01, 1.86, -0.3, -23.88, -71.32, -5.2, 19.56]
[-0.03, -92.62, 1.31, 41.26, -0.0, -103.18, 9.41, 25.1, -0.02, -95.01, 1.86, -0.3, -23.79, -70.89, -4.67, 19.56]
[-0.03, -92.62, 1.31, 41.26, -0.0, -103.18, 9.41, 25.1, -0.02, -95.01, 1.86, -0.3, -23.7, -70.44, -4.14, 19.56]
[-0.03, -92.62, 1.31, 41.26, -0.0, -103.18, 9.41, 25.1, -0.02, -95.01, 1.86, -0.3, -23.62, -69.99, -3.61, 19.56]
[-0.03, -92.62, 1.31, 41.26, -0.0, -103.18, 9.41, 25.1, -0.02, -95.01, 1.86, -0.3, -23.56, -69.52, -3.08, 19.56]
[-0.03, -92.62, 1.31, 41.26, -0.0, -103.18, 9.41, 25.1, -0.02, -95.01, 1.86, -0.3, -23.5, -69.04, -2.54, 19.56]
[-0.03, -92.62, 1.31, 41.26, -0.0, -103.18, 9.41, 25.1, -0.02, -95.01, 1.86, -0.3, -23.46, -68.55, -2.0, 19.56]
[-0.03, -92.62, 1.31, 41.26, -0.0, -103.18, 9.41, 25.1, -0.02, -95.01, 1.86, -0.3, -23.42, -68.05, -1.47, 19.56]
[-0.03, -92.62, 1.31, 41.26, -0.0, -103.18, 9.41, 25.1, -0.02, -95.01, 1.86, -0.3, -23.4, -67.53, -0.92, 19.56]
[-0.03, -92.62, 1.31, 41.26, -0.0, -103.18, 9.41, 25.1, -0.02, -95.01, 1.86, -0.3, -23.39, -67.0, -0.38, 19.56]
[-0.03, -92.62, 1.31, 41.26, -0.0, -103.18, 9.41, 25.1, -0.02, -95.01, 1.86, -0.3, -23.38, -66.46, 0.16, 19.56]
[-0.03, -92.62, 1.31, 41.26, -0.0, -103.18, 9.41, 25.1, -0.02, -95.01, 1.86, -0.3, -23.39, -65.9, 0.71, 19.56]
[-0.03, -92.62, 1.31, 41.26, -0.0, -103.18, 9.41, 25.1, -0.02, -95.01, 1.86, -0.3, -23.41, -65.33, 1.26, 19.56]
[-0.03, -92.62, 1.31, 41.26, -0.0, -103.18, 9.41, 25.1, -0.02, -95.01, 1.86, -0.3, -23.44, -64.75, 1.81, 19.56]
[-0.03, -92.62, 1.31, 41.26, -0.0, -103.18, 9.41, 25.1, -0.02, -95.01, 1.86, -0.3, -23.49, -64.15, 2.37, 19.56]
[-0.03, -92.62, 1.31, 41.26, -0.0, -103.18, 9.41, 25.1, -0.02, -95.01, 1.86, -0.3, -23.54, -63.54, 2.93, 19.56]
[-0.03, -92.62, 1.31, 41.26, -0.0, -103.18, 9.41, 25.1, -0.02, -95.01, 1.86, -0.3, -23.61, -62.91, 3.49, 19.56]
[-0.02, -92.75, 1.33, 40.86, -0.0, -103.1, 9.18, 24.96, -0.03, -95.07, 1.88, 0.16, -22.27, -64.51, 3.22, 19.59]
[-0.01, -92.88, 1.35, 40.45, -0.0, -103.02, 8.94, 24.83, -0.02, -95.14, 1.9, 0.63, -20.95, -66.08, 2.97, 19.62]
[-0.01, -93.0, 1.37, 40.04, -0.0, -102.93, 8.71, 24.7, -0.01, -95.21, 1.91, 1.1, -19.65, -67.62, 2.73, 19.65]
[-0.02, -93.11, 1.39, 39.63, -0.0, -102.83, 8.48, 24.57, -0.02, -95.26, 1.93, 1.57, -18.36, -69.12, 2.52, 19.68]
[-0.0, -93.24, 1.41, 39.22, -0.0, -102.73, 8.25, 24.45, -0.0, -95.33, 1.95, 2.04, -17.08, -70.6, 2.32, 19.71]
[-0.03, -93.34, 1.43, 38.8, -0.0, -102.63, 8.03, 24.33, -0.03, -95.37, 1.97, 2.51, -15.82, -72.05, 2.13, 19.74]
[-0.02, -93.45, 1.45, 38.38, -0.0, -102.52, 7.81, 24.21, -0.02, -95.42, 1.99, 2.99, -14.56, -73.48, 1.97, 19.77]
[-0.03, -93.56, 1.48, 37.96, -0.0, -102.41, 7.59, 24.1, -0.0, -95.5, 2.0, 3.47, -13.32, -74.88, 1.81, 19.8]
[-0.0, -93.68, 1.5, 37.54, -0.0, -102.3, 7.38, 23.98, -0.02, -95.53, 2.02, 3.94, -12.08, -76.25, 1.67, 19.83]
[-0.02, -93.77, 1.52, 37.11, -0.0, -102.18, 7.17, 23.88, -0.01, -95.58, 2.03, 4.42, -10.85, -77.61, 1.55, 19.86]
[-0.01, -93.88, 1.54, 36.68, -0.0, -102.06, 6.97, 23.77, -0.02, -95.63, 2.05, 4.91, -9.62, -78.95, 1.43, 19.9]
[-0.01, -93.97, 1.56, 36.25, -0.0, -101.93, 6.76, 23.67, -0.03, -95.66, 2.06, 5.39, -8.41, -80.26, 1.33, 19.93]
[-0.02, -94.06, 1.58, 35.81, -0.0, -101.8, 6.57, 23.56, -0.01, -95.71, 2.08, 5.88, -7.19, -81.56, 1.25, 19.96]
[-0.0, -94.17, 1.6, 35.38, -0.0, -101.67, 6.37, 23.47, -0.01, -95.75, 2.09, 6.36, -5.98, -82.84, 1.18, 19.99]
[-0.03, -94.24, 1.63, 34.94, -0.0, -101.54, 6.18, 23.37, -0.01, -95.78, 2.1, 6.85, -4.77, -84.11, 1.12, 20.03]
[-0.02, -94.34, 1.65, 34.5, -0.0, -101.4, 5.99, 23.27, -0.03, -95.81, 2.11, 7.34, -3.57, -85.36, 1.08, 20.06]
[-0.03, -94.42, 1.67, 34.05, -0.0, -101.25, 5.81, 23.18, -0.02, -95.85, 2.13, 7.83, -2.37, -86.59, 1.04, 20.1]
[-0.01, -94.52, 1.69, 33.6, -0.0, -101.1, 5.62, 23.09, -0.02, -95.88, 2.14, 8.32, -1.17, -87.81, 1.02, 20.13]
[-0.0, -94.61, 1.71, 33.16, -0.0, -100.95, 5.45, 23.0, -0.03, -95.9, 2.15, 8.81, -0.01, -88.99, 1.02, 20.17]
[-0.0, -94.69, 1.73, 32.7, -0.0, -100.8, 5.27, 22.92, -0.01, -95.93, 2.16, 9.31, -0.02, -89.31, 1.02, 20.21]
[-0.01, -94.76, 1.75, 32.25, -0.0, -100.64, 5.1, 22.83, -0.0, -95.96, 2.16, 9.8, -0.03, -89.62, 1.03, 20.24]
[-0.02, -94.83, 1.77, 31.79, -0.0, -100.48, 4.93, 22.75, -0.01, -95.98, 2.17, 10.29, -0.0, -89.95, 1.03, 20.28]
[-0.01, -94.91, 1.8, 31.34, -0.0, -100.32, 4.77, 22.67, -0.02, -95.99, 2.18, 10.79, -0.02, -90.26, 1.05, 20.32]
[-0.0, -94.99, 1.82, 30.88, -0.0, -100.15, 4.61, 22.59, -0.01, -96.01, 2.18, 11.29, -0.03, -90.56, 1.06, 20.36]
[-0.01, -95.05, 1.84, 30.41, -0.0, -99.98, 4.45, 22.51, -0.01, -96.03, 2.19, 11.78, -0.0, -90.89, 1.08, 20.4]
[-0.02, -95.1, 1.85, 29.95, -0.0, -99.8, 4.3, 22.43, -0.02, -96.04, 2.19, 12.28, -0.01, -91.18, 1.11, 20.44]
[-0.01, -95.18, 1.87, 29.48, -0.0, -99.63, 4.15, 22.36, -0.0, -96.06, 2.2, 12.78, -0.03, -91.48, 1.13, 20.48]
[-0.01, -95.24, 1.89, 29.01, -0.0, -99.44, 4.0, 22.29, -0.0, -96.07, 2.2, 13.27, -0.0, -91.79, 1.16, 20.52]
[-0.02, -95.3, 1.91, 28.54, -0.0, -99.26, 3.86, 22.21, -0.01, -96.08, 2.2, 13.77, -0.01, -92.08, 1.2, 20.56]
[-0.0, -95.37, 1.93, 28.07, -0.0, -99.07, 3.72, 22.14, -0.02, -96.07, 2.21, 14.27, -0.02, -92.36, 1.23, 20.6]
[-0.03, -95.4, 1.95, 27.6, -0.0, -98.88, 3.58, 22.08, -0.01, -96.08, 2.21, 14.77, -0.0, -92.66, 1.27, 20.65]
[-0.03, -95.46, 1.96, 27.12, -0.0, -98.69, 3.45, 22.01, -0.01, -96.08, 2.21, 15.27, -0.01, -92.94, 1.32, 20.69]
[-0.0, -95.53, 1.98, 26.64, -0.0, -98.49, 3.32, 21.94, -0.02, -96.07, 2.21, 15.77, -0.02, -93.21, 1.37, 20.74]
[-0.02, -95.56, 2.0, 26.16, -0.0, -98.29, 3.2, 21.88, -0.0, -96.08, 2.2, 16.26, -0.0, -93.5, 1.42, 20.78]
[-0.01, -95.62, 2.01, 25.68, -0.0, -98.09, 3.07, 21.81, -0.0, -96.08, 2.2, 16.76, -0.01, -93.77, 1.47, 20.83]
[-0.02, -95.66, 2.03, 25.2, -0.0, -97.88, 2.96, 21.75, -0.01, -96.07, 2.2, 17.26, -0.02, -94.03, 1.53, 20.87]
[-0.03, -95.69, 2.04, 24.72, -0.0, -97.67, 2.84, 21.69, -0.02, -96.05, 2.2, 17.76, -0.0, -94.31, 1.59, 20.92]
[-0.01, -95.74, 2.06, 24.23, -0.0, -97.46, 2.73, 21.63, -0.01, -96.04, 2.19, 18.26, -0.01, -94.57, 1.66, 20.97]
[-0.01, -95.78, 2.07, 23.74, -0.0, -97.24, 2.62, 21.57, -0.01, -96.03, 2.19, 18.75, -0.02, -94.82, 1.73, 21.02]
[-0.02, -95.81, 2.08, 23.26, -0.0, -97.02, 2.52, 21.51, -0.02, -96.01, 2.18, 19.25, -0.03, -95.07, 1.8, 21.07]
[-0.03, -95.84, 2.09, 22.77, -0.0, -96.8, 2.42, 21.45, -0.0, -96.0, 2.17, 19.75, -0.0, -95.34, 1.87, 21.12]
[-0.02, -95.87, 2.1, 22.28, -0.0, -96.57, 2.32, 21.4, -0.0, -95.98, 2.16, 20.24, -0.01, -95.58, 1.95, 21.17]
[-0.02, -95.9, 2.11, 21.79, -0.0, -96.34, 2.22, 21.34, -0.01, -95.96, 2.16, 20.73, -0.02, -95.82, 2.04, 21.22]
[-0.0, -95.95, 2.12, 21.29, -0.0, -96.11, 2.13, 21.29, -0.02, -95.92, 2.15, 21.23, -0.03, -96.06, 2.12, 21.28]
[-0.02, -96.08, 2.18, 20.56, -0.01, -96.24, 2.18, 20.54, -0.02, -96.05, 2.19, 20.51, -0.0, -96.2, 2.17, 20.53]
[-0.03, -96.19, 2.22, 19.82, -0.02, -96.35, 2.23, 19.8, -0.03, -96.16, 2.24, 19.77, -0.01, -96.31, 2.21, 19.79]
[-0.03, -96.29, 2.26, 19.03, -0.02, -96.44, 2.27, 19.01, -0.0, -96.28, 2.28, 18.98, -0.02, -96.41, 2.25, 19.0]
[-0.01, -96.38, 2.29, 18.26, -0.0, -96.53, 2.3, 18.23, -0.02, -96.34, 2.3, 18.21, -0.0, -96.5, 2.28, 18.22]
[-0.01, -96.45, 2.32, 17.48, -0.02, -96.58, 2.32, 17.41, -0.03, -96.41, 2.33, 17.43, -0.01, -96.57, 2.31, 17.44]
[-0.0, -96.5, 2.33, 16.69, -0.01, -96.62, 2.34, 16.61, -0.02, -96.45, 2.35, 16.64, -0.0, -96.61, 2.33, 16.64]
[-0.02, -96.52, 2.35, 15.88, -0.03, -96.64, 2.35, 15.8, -0.0, -96.5, 2.36, 15.83, -0.02, -96.63, 2.34, 15.84]
[-0.01, -96.53, 2.35, 15.1, -0.02, -96.66, 2.35, 15.02, -0.03, -96.49, 2.36, 15.05, -0.01, -96.64, 2.34, 15.05]