[-112.47, -52.33, -68.8, 0.0, -112.47, -52.33, -68.8, 0.0, -112.47, -52.33, -68.8, 0.0, -112.47, -52.33, -68.8, 0.0]
[-110.08, -55.28, -70.0, 0.0, -110.08, -55.28, -70.0, 0.0, -110.08, -55.28, -70.0, 0.0, -110.08, -55.28, -70.0, 0.0]
[-109.09, -56.37, -69.98, 0.0, -109.09, -56.37, -69.98, 0.0, -109.09, -56.37, -69.98, 0.0, -109.09, -56.37, -69.98, 0.0]
[-108.08, -57.47, -69.99, 0.0, -108.08, -57.47, -69.99, 0.0, -108.08, -57.47, -69.99, 0.0, -108.08, -57.47, -69.99, 0.0]
[-107.06, -58.58, -70.0, 0.0, -107.06, -58.58, -70.0, 0.0, -107.06, -58.58, -70.0, 0.0, -107.06, -58.58, -70.0, 0.0]
[-106.06, -59.66, -69.99, 0.0, -106.06, -59.66, -69.99, 0.0, -106.06, -59.66, -69.99, 0.0, -106.06, -59.66, -69.99, 0.0]
[-105.05, -60.74, -69.99, 0.0, -105.05, -60.74, -69.99, 0.0, -105.05, -60.74, -69.99, 0.0, -105.05, -60.74, -69.99, 0.0]
[-104.03, -61.82, -70.0, 0.0, -104.03, -61.82, -70.0, 0.0, -104.03, -61.82, -70.0, 0.0, -104.03, -61.82, -70.0, 0.0]
[-103.02, -62.87, -69.99, 0.0, -103.02, -62.87, -69.99, 0.0, -103.02, -62.87, -69.99, 0.0, -103.02, -62.87, -69.99, 0.0]
[-101.99, -63.95, -70.0, 0.0, -101.99, -63.95, -70.0, 0.0, -101.99, -63.95, -70.0, 0.0, -101.99, -63.95, -70.0, 0.0]
[-100.97, -65.01, -69.99, 0.0, -100.97, -65.01, -69.99, 0.0, -100.97, -65.01, -69.99, 0.0, -100.97, -65.01, -69.99, 0.0]
[-99.94, -66.07, -69.99, 0.0, -99.94, -66.07, -69.99, 0.0, -99.94, -66.07, -69.99, 0.0, -99.94, -66.07, -69.99, 0.0]
[-98.91, -67.13, -70.0, 0.0, -98.91, -67.13, -70.0, 0.0, -98.91, -67.13, -70.0, 0.0, -98.91, -67.13, -70.0, 0.0]
[-97.88, -68.18, -69.99, 0.0, -97.88, -68.18, -69.99, 0.0, -97.88, -68.18, -69.99, 0.0, -97.88, -68.18, -69.99, 0.0]
[-96.84, -69.22, -69.99, 0.0, -96.84, -69.22, -69.99, 0.0, -96.84, -69.22, -69.99, 0.0, -96.84, -69.22, -69.99, 0.0]
[-95.79, -70.27, -69.99, 0.0, -95.79, -70.27, -69.99, 0.0, -95.79, -70.27, -69.99, 0.0, -95.79, -70.27, -69.99, 0.0]
[-94.75, -71.31, -69.99, 0.0, -94.75, -71.31, -69.99, 0.0, -94.75, -71.31, -69.99, 0.0, -94.75, -71.31, -69.99, 0.0]
[-93.68, -72.36, -70.0, 0.0, -93.68, -72.36, -70.0, 0.0, -93.68, -72.36, -70.0, 0.0, -93.68, -72.36, -70.0, 0.0]
[-92.62, -73.41, -70.0, 0.0, -92.62, -73.41, -70.0, 0.0, -92.62, -73.41, -70.0, 0.0, -92.62, -73.41, -70.0, 0.0]
[-91.56, -74.43, -69.99, 0.0, -91.56, -74.43, -69.99, 0.0, -91.56, -74.43, -69.99, 0.0, -91.56, -74.43, -69.99, 0.0]
[-90.48, -75.49, -70.0, 0.0, -90.48, -75.49, -70.0, 0.0, -90.48, -75.49, -70.0, 0.0, -90.48, -75.49, -70.0, 0.0]
[-89.4, -76.52, -69.99, 0.0, -89.4, -76.52, -69.99, 0.0, -89.4, -76.52, -69.99, 0.0, -89.4, -76.52, -69.99, 0.0]
[-88.31, -77.57, -70.0, 0.0, -88.31, -77.57, -70.0, 0.0, -88.31, -77.57, -70.0, 0.0, -88.31, -77.57, -70.0, 0.0]
[-87.22, -78.6, -69.99, 0.0, -87.22, -78.6, -69.99, 0.0, -87.22, -78.6, -69.99, 0.0, -87.22, -78.6, -69.99, 0.0]
[-86.12, -79.64, -69.99, 0.0, -86.12, -79.64, -69.99, 0.0, -86.12, -79.64, -69.99, 0.0, -86.12, -79.64, -69.99, 0.0]
[-85.0, -80.68, -69.99, 0.0, -85.0, -80.68, -69.99, 0.0, -85.0, -80.68, -69.99, 0.0, -85.0, -80.68, -69.99, 0.0]
[-83.88, -81.74, -69.99, 0.0, -83.88, -81.74, -69.99, 0.0, -83.88, -81.74, -69.99, 0.0, -83.88, -81.74, -69.99, 0.0]
[-82.75, -82.78, -69.99, 0.0, -82.75, -82.78, -69.99, 0.0, -82.75, -82.78, -69.99, 0.0, -82.75, -82.78, -69.99, 0.0]
[-81.59, -83.85, -70.0, 0.0, -81.59, -83.85, -70.0, 0.0, -81.59, -83.85, -70.0, 0.0, -81.59, -83.85, -70.0, 0.0]
[-80.45, -84.88, -69.99, 0.0, -80.45, -84.88, -69.99, 0.0, -80.45, -84.88, -69.99, 0.0, -80.45, -84.88, -69.99, 0.0]
[-79.28, -85.95, -69.99, 0.0, -79.28, -85.95, -69.99, 0.0, -79.28, -85.95, -69.99, 0.0, -79.28, -85.95, -69.99, 0.0]
[-78.11, -87.0, -69.99, 0.0, -78.11, -87.0, -69.99, 0.0, -78.11, -87.0, -69.99, 0.0, -78.11, -87.0, -69.99, 0.0]
[-76.91, -88.09, -70.0, 0.0, -76.91, -88.09, -70.0, 0.0, -76.91, -88.09, -70.0, 0.0, -76.91, -88.09, -70.0, 0.0]
[-75.72, -89.14, -69.99, 0.0, -75.72, -89.14, -69.99, 0.0, -75.72, -89.14, -69.99, 0.0, -75.72, -89.14, -69.99, 0.0]
[-74.5, -90.23, -69.99, 0.0, -74.5, -90.23, -69.99, 0.0, -74.5, -90.23, -69.99, 0.0, -74.5, -90.23, -69.99, 0.0]
[-73.26, -91.32, -70.0, 0.0, -73.26, -91.32, -70.0, 0.0, -73.26, -91.32, -70.0, 0.0, -73.26, -91.32, -70.0, 0.0]
[-72.02, -92.41, -69.99, 0.0, -72.02, -92.41, -69.99, 0.0, -72.02, -92.41, -69.99, 0.0, -72.02, -92.41, -69.99, 0.0]
[-70.76, -93.51, -69.99, 0.0, -70.76, -93.51, -69.99, 0.0, -70.76, -93.51, -69.99, 0.0, -70.76, -93.51, -69.99, 0.0]
[-69.48, -94.62, -69.99, 0.0, -69.48, -94.62, -69.99, 0.0, -69.48, -94.62, -69.99, 0.0, -69.48, -94.62, -69.99, 0.0]
[-68.18, -95.74, -69.99, 0.0, -68.18, -95.74, -69.99, 0.0, -68.18, -95.74, -69.99, 0.0, -68.18, -95.74, -69.99, 0.0]
[-66.86, -96.87, -70.0, 0.0, -66.86, -96.87, -70.0, 0.0, -66.86, -96.87, -70.0, 0.0, -66.86, -96.87, -70.0, 0.0]
[-65.52, -98.02, -70.0, 0.0, -65.52, -98.02, -70.0, 0.0, -65.52, -98.02, -70.0, 0.0, -65.52, -98.02, -70.0, 0.0]
[-64.17, -99.16, -69.99, 0.0, -64.17, -99.16, -69.99, 0.0, -64.17, -99.16, -69.99, 0.0, -64.17, -99.16, -69.99, 0.0]
[-62.78, -100.33, -69.99, 0.0, -62.78, -100.33, -69.99, 0.0, -62.78, -100.33, -69.99, 0.0, -62.78, -100.33, -69.99, 0.0]
[-61.37, -101.52, -69.99, 0.0, -61.37, -101.52, -69.99, 0.0, -61.37, -101.52, -69.99, 0.0, -61.37, -101.52, -69.99, 0.0]
[-59.93, -102.72, -70.0, 0.0, -59.93, -102.72, -70.0, 0.0, -59.93, -102.72, -70.0, 0.0, -59.93, -102.72, -70.0, 0.0]
[-58.46, -103.93, -69.99, 0.0, -58.46, -103.93, -69.99, 0.0, -58.46, -103.93, -69.99, 0.0, -58.46, -103.93, -69.99, 0.0]
[-56.97, -105.16, -69.99, 0.0, -56.97, -105.16, -69.99, 0.0, -56.97, -105.16, -69.99, 0.0, -56.97, -105.16, -69.99, 0.0]
[-55.43, -106.43, -70.0, 0.0, -55.43, -106.43, -70.0, 0.0, -55.43, -106.43, -70.0, 0.0, -55.43, -106.43, -70.0, 0.0]
[-53.86, -107.71, -70.0, 0.0, -53.86, -107.71, -70.0, 0.0, -53.86, -107.71, -70.0, 0.0, -53.86, -107.71, -70.0, 0.0]
[-52.25, -109.01, -69.99, 0.0, -52.25, -109.01, -69.99, 0.0, -52.25, -109.01, -69.99, 0.0, -52.25, -109.01, -69.99, 0.0]
[-50.59, -110.34, -69.99, 0.0, -50.59, -110.34, -69.99, 0.0, -50.59, -110.34, -69.99, 0.0, -50.59, -110.34, -69.99, 0.0]
[-48.88, -111.72, -69.99, 0.0, -48.88, -111.72, -69.99, 0.0, -48.88, -111.72, -69.99, 0.0, -48.88, -111.72, -69.99, 0.0]
[-47.11, -113.14, -70.0, 0.0, -47.11, -113.14, -70.0, 0.0, -47.11, -113.14, -70.0, 0.0, -47.11, -113.14, -70.0, 0.0]
[-45.54, -114.32, -69.86, 0.0, -45.54, -114.32, -69.86, 0.0, -45.54, -114.32, -69.86, 0.0, -45.54, -114.32, -69.86, 0.0]
[-44.46, -114.98, -69.44, 0.0, -44.46, -114.98, -69.44, 0.0, -44.46, -114.98, -69.44, 0.0, -44.46, -114.98, -69.44, 0.0]
[-43.38, -115.64, -69.01, 0.0, -43.38, -115.64, -69.01, 0.0, -43.38, -115.64, -69.01, 0.0, -43.38, -115.64, -69.01, 0.0]
[-42.29, -116.28, -68.57, 0.0, -42.29, -116.28, -68.57, 0.0, -42.29, -116.28, -68.57, 0.0, -42.29, -116.28, -68.57, 0.0]
[-41.2, -116.92, -68.12, 0.0, -41.2, -116.92, -68.12, 0.0, -41.2, -116.92, -68.12, 0.0, -41.2, -116.92, -68.12, 0.0]
[-40.11, -117.55, -67.67, 0.0, -40.11, -117.55, -67.67, 0.0, -40.11, -117.55, -67.67, 0.0, -40.11, -117.55, -67.67, 0.0]
[-39.02, -118.18, -67.2, 0.0, -39.02, -118.18, -67.2, 0.0, -39.02, -118.18, -67.2, 0.0, -39.02, -118.18, -67.2, 0.0]
[-37.93, -118.79, -66.72, 0.0, -37.93, -118.79, -66.72, 0.0, -37.93, -118.79, -66.72, 0.0, -37.93, -118.79, -66.72, 0.0]
[-36.83, -119.4, -66.23, 0.0, -36.83, -119.4, -66.23, 0.0, -36.83, -119.4, -66.23, 0.0, -36.83, -119.4, -66.23, 0.0]
[-35.73, -120.0, -65.73, 0.0, -35.73, -120.0, -65.73, 0.0, -35.73, -120.0, -65.73, 0.0, -35.73, -120.0, -65.73, 0.0]
[-34.63, -120.59, -65.22, 0.0, -34.63, -120.59, -65.22, 0.0, -34.63, -120.59, -65.22, 0.0, -34.63, -120.59, -65.22, 0.0]
[-33.52, -121.18, -64.7, 0.0, -33.52, -121.18, -64.7, 0.0, -33.52, -121.18, -64.7, 0.0, -33.52, -121.18, -64.7, 0.0]
[-32.41, -121.76, -64.17, 0.0, -32.41, -121.76, -64.17, 0.0, -32.41, -121.76, -64.17, 0.0, -32.41, -121.76, -64.17, 0.0]
[-31.31, -122.33, -63.63, 0.0, -31.31, -122.33, -63.63, 0.0, -31.31, -122.33, -63.63, 0.0, -31.31, -122.33, -63.63, 0.0]
[-30.2, -122.89, -63.08, 0.0, -30.2, -122.89, -63.08, 0.0, -30.2, -122.89, -63.08, 0.0, -30.2, -122.89, -63.08, 0.0]
[-29.08, -123.44, -62.52, 0.0, -29.08, -123.44, -62.52, 0.0, -29.08, -123.44, -62.52, 0.0, -29.08, -123.44, -62.52, 0.0]
[-27.97, -123.98, -61.96, 0.0, -27.97, -123.98, -61.96, 0.0, -27.97, -123.98, -61.96, 0.0, -27.97, -123.98, -61.96, 0.0]
[-26.86, -124.52, -61.38, 0.0, -26.86, -124.52, -61.38, 0.0, -26.86, -124.52, -61.38, 0.0, -26.86, -124.52, -61.38, 0.0]