[-62.19, -99.43, -79.11, 0.0, -39.81, -113.65, -70.47, 0.0, -39.81, -113.65, -70.47, 0.0, -62.19, -99.43, -79.11, 0.0]
[-56.97, -103.55, -78.03, 0.0, -36.31, -115.43, -67.73, 0.0, -36.31, -115.43, -67.73, 0.0, -56.97, -103.55, -78.03, 0.0]
[-51.7, -107.49, -76.69, 0.0, -32.9, -116.95, -64.85, 0.0, -32.9, -116.95, -64.85, 0.0, -51.7, -107.49, -76.69, 0.0]
[-46.34, -111.26, -75.1, 0.0, -30.63, -117.47, -61.59, 0.0, -30.63, -117.47, -61.59, 0.0, -46.34, -111.26, -75.1, 0.0]
[-41.86, -113.97, -72.84, 0.0, -28.57, -117.69, -58.26, 0.0, -28.57, -117.69, -58.26, 0.0, -41.86, -113.97, -72.84, 0.0]
[-37.39, -116.48, -70.37, 0.0, -27.82, -116.83, -54.65, 0.0, -27.82, -116.83, -54.65, 0.0, -37.39, -116.48, -70.37, 0.0]
[-34.0, -117.86, -67.36, 0.0, -26.34, -116.41, -51.24, 0.0, -26.34, -116.41, -51.24, 0.0, -34.0, -117.86, -67.36, 0.0]
[-31.85, -118.05, -63.91, 0.0, -26.23, -114.88, -47.61, 0.0, -26.23, -114.88, -47.61, 0.0, -31.85, -118.05, -63.91, 0.0]
[-29.97, -117.92, -60.39, 0.0, -25.39, -113.81, -44.2, 0.0, -25.39, -113.81, -44.2, 0.0, -29.97, -117.92, -60.39, 0.0]
[-28.39, -117.46, -56.84, 0.0, -24.88, -112.41, -40.79, 0.0, -24.88, -112.41, -40.79, 0.0, -28.39, -117.46, -56.84, 0.0]
[-27.12, -116.66, -53.28, 0.0, -24.71, -110.69, -37.4, 0.0, -24.71, -110.69, -37.4, 0.0, -27.12, -116.66, -53.28, 0.0]
[-26.2, -115.52, -49.71, 0.0, -24.89, -108.65, -34.03, 0.0, -24.89, -108.65, -34.03, 0.0, -26.2, -115.52, -49.71, 0.0]
[-25.63, -114.04, -46.16, 0.0, -24.24, -107.13, -30.88, 0.0, -24.24, -107.13, -30.88, 0.0, -25.63, -114.04, -46.16, 0.0]
[-25.71, -111.47, -45.68, -0.23, -23.78, -107.19, -30.96, 2.61, -23.88, -109.85, -30.73, 0.25, -26.52, -113.48, -46.0, -2.64]
[-25.67, -108.92, -45.09, -0.44, -24.74, -106.08, -30.82, 5.19, -24.45, -111.76, -30.21, 0.53, -26.4, -113.62, -46.03, -5.28]
[-24.19, -107.44, -44.63, -0.63, -23.63, -106.37, -31.0, 7.73, -23.69, -114.51, -29.7, 0.83, -26.53, -113.46, -45.99, -7.93]
[-23.91, -104.91, -43.82, -0.81, -23.94, -105.51, -30.95, 10.22, -23.8, -116.48, -28.78, 1.17, -25.66, -113.99, -46.15, -10.56]
[-22.18, -103.46, -43.14, -0.97, -24.5, -104.35, -30.85, 12.65, -22.56, -119.27, -27.84, 1.55, -26.25, -113.23, -45.98, -13.17]
[-21.73, -100.92, -42.14, -1.12, -24.1, -103.77, -30.87, 15.02, -22.15, -121.3, -26.45, 1.97, -25.84, -113.16, -46.0, -15.75]
[-21.2, -102.09, -44.79, -1.67, -24.1, -103.77, -30.87, 15.02, -22.15, -121.3, -26.45, 1.97, -25.84, -113.16, -46.0, -15.75]
[-20.83, -103.03, -47.36, -2.2, -24.1, -103.77, -30.87, 15.02, -22.15, -121.3, -26.45, 1.97, -25.84, -113.16, -46.0, -15.75]
[-22.2, -104.25, -50.45, -1.67, -23.64, -105.86, -31.0, 14.04, -22.65, -120.03, -27.18, -0.0, -25.3, -112.63, -45.93, -14.04]
[-20.81, -105.83, -53.14, -2.2, -23.64, -105.86, -31.0, 14.04, -22.65, -120.03, -27.18, -0.0, -25.3, -112.63, -45.93, -14.04]
[-20.89, -106.13, -55.53, -2.73, -23.64, -105.86, -31.0, 14.04, -22.65, -120.03, -27.18, -0.0, -25.3, -112.63, -45.93, -14.04]
[-20.28, -105.17, -56.95, -2.12, -23.65, -106.85, -30.99, 15.75, -22.15, -121.3, -26.45, -1.98, -26.15, -110.26, -45.41, -15.02]
[-19.0, -106.3, -59.3, -2.63, -23.65, -106.85, -30.99, 15.75, -22.15, -121.3, -26.45, -1.98, -26.15, -110.26, -45.41, -15.02]
[-20.02, -107.44, -62.46, -2.12, -24.21, -108.12, -30.83, 14.74, -22.91, -119.78, -27.19, -3.81, -25.59, -109.68, -45.28, -13.39]
[-19.37, -106.96, -59.83, -2.12, -24.21, -108.12, -30.83, 14.74, -22.91, -119.78, -27.19, -3.81, -25.59, -109.68, -45.28, -13.39]
[-20.28, -105.17, -56.95, -2.12, -24.21, -108.12, -30.83, 14.74, -22.91, -119.78, -27.19, -3.81, -25.59, -109.68, -45.28, -13.39]
[-20.0, -104.24, -54.24, -2.12, -24.21, -108.12, -30.83, 14.74, -22.91, -119.78, -27.19, -3.81, -25.59, -109.68, -45.28, -13.39]
[-19.57, -101.5, -50.57, -3.12, -23.65, -106.85, -30.99, 15.75, -22.15, -121.3, -26.45, -1.98, -26.15, -110.26, -45.41, -15.02]
[-19.81, -100.02, -47.83, -3.12, -23.65, -106.85, -30.99, 15.75, -22.15, -121.3, -26.45, -1.98, -26.15, -110.26, -45.41, -15.02]
[-18.83, -99.42, -45.25, -3.12, -23.65, -106.85, -30.99, 15.75, -22.15, -121.3, -26.45, -1.98, -26.15, -110.26, -45.41, -15.02]
[-19.49, -97.46, -42.45, -3.12, -23.65, -106.85, -30.99, 15.75, -22.15, -121.3, -26.45, -1.98, -26.15, -110.26, -45.41, -15.02]
[-18.93, -96.39, -39.82, -3.12, -23.65, -106.85, -30.99, 15.75, -22.15, -121.3, -26.45, -1.98, -26.15, -110.26, -45.41, -15.02]
[-20.34, -97.03, -40.36, -4.15, -24.45, -105.42, -30.87, 13.94, -23.0, -119.69, -27.19, -0.17, -25.49, -112.39, -45.88, -13.88]
[-20.34, -98.71, -41.05, -5.21, -24.2, -104.7, -30.9, 12.19, -22.76, -118.78, -28.04, 1.5, -26.08, -113.45, -46.03, -12.68]
[-21.8, -99.19, -41.49, -6.32, -24.06, -103.83, -30.88, 10.49, -23.61, -117.0, -28.61, 3.06, -26.65, -114.47, -46.12, -11.41]
[-21.89, -100.69, -42.08, -7.47, -24.01, -102.82, -30.82, 8.85, -23.34, -115.94, -29.28, 4.52, -25.99, -116.43, -46.41, -10.07]
[-22.03, -102.1, -42.63, -8.66, -24.05, -101.67, -30.72, 7.26, -24.15, -114.02, -29.67, 5.87, -26.54, -117.34, -46.38, -8.65]
[-22.21, -103.42, -43.13, -9.9, -24.17, -100.4, -30.57, 5.72, -23.82, -112.85, -30.17, 7.14, -27.07, -118.19, -46.27, -7.14]
[-22.45, -104.64, -43.58, -11.18, -23.17, -99.88, -30.55, 4.24, -24.56, -110.82, -30.38, 8.33, -26.44, -119.94, -46.37, -5.55]
[-24.08, -104.69, -43.77, -12.52, -23.44, -98.37, -30.31, 2.81, -24.14, -109.56, -30.7, 9.44, -26.98, -120.65, -46.13, -3.85]
[-24.4, -105.72, -44.12, -13.9, -22.56, -97.63, -30.18, 1.43, -23.67, -108.27, -30.93, 10.48, -26.39, -122.22, -46.11, -2.06]
[-24.78, -106.65, -44.43, -15.33, -22.96, -95.88, -29.84, 0.11, -24.3, -106.09, -30.89, 11.46, -25.84, -123.68, -46.02, -0.16]
[-25.22, -107.47, -44.69, -16.82, -22.19, -94.92, -29.61, -1.17, -23.74, -104.72, -30.96, 12.38, -26.46, -124.11, -45.57, 1.85]
[-25.22, -107.47, -44.69, -16.82, -22.71, -95.47, -32.17, -0.58, -23.74, -104.72, -30.96, 12.38, -26.46, -124.11, -45.57, 1.85]
[-25.22, -107.47, -44.69, -16.82, -22.18, -96.66, -34.84, -0.0, -23.74, -104.72, -30.96, 12.38, -26.46, -124.11, -45.57, 1.85]
[-25.22, -107.47, -44.69, -16.82, -21.83, -97.59, -37.43, 0.57, -23.74, -104.72, -30.96, 12.38, -26.46, -124.11, -45.57, 1.85]
[-25.22, -107.47, -44.69, -16.82, -22.89, -97.39, -39.78, 1.12, -23.74, -104.72, -30.96, 12.38, -26.46, -124.11, -45.57, 1.85]
[-25.22, -107.47, -44.69, -16.82, -21.64, -98.75, -42.38, 1.67, -23.74, -104.72, -30.96, 12.38, -26.46, -124.11, -45.57, 1.85]
[-24.74, -108.8, -45.04, -18.43, -21.87, -97.08, -43.94, 1.08, -24.09, -102.72, -30.81, 13.39, -25.71, -125.69, -45.4, 3.82]
[-25.14, -110.28, -45.42, -17.59, -21.84, -99.23, -47.06, 0.55, -24.16, -101.53, -30.7, 11.82, -25.74, -124.57, -45.81, 5.53]
[-25.14, -110.28, -45.42, -17.59, -22.13, -99.12, -49.25, 1.08, -24.16, -101.53, -30.7, 11.82, -25.74, -124.57, -45.81, 5.53]
[-25.14, -110.28, -45.42, -17.59, -21.9, -98.22, -46.62, 1.08, -24.16, -101.53, -30.7, 11.82, -25.74, -124.57, -45.81, 5.53]
[-25.14, -110.28, -45.42, -17.59, -21.87, -97.08, -43.94, 1.08, -24.16, -101.53, -30.7, 11.82, -25.74, -124.57, -45.81, 5.53]
[-25.14, -110.28, -45.42, -17.59, -22.04, -95.69, -41.23, 1.08, -24.16, -101.53, -30.7, 11.82, -25.74, -124.57, -45.81, 5.53]
[-25.14, -110.28, -45.42, -17.59, -21.18, -94.97, -38.65, 1.08, -24.16, -101.53, -30.7, 11.82, -25.74, -124.57, -45.81, 5.53]
[-25.14, -110.28, -45.42, -17.59, -20.53, -94.01, -36.04, 1.08, -24.16, -101.53, -30.7, 11.82, -25.74, -124.57, -45.81, 5.53]
[-25.14, -110.28, -45.42, -17.59, -21.36, -91.89, -33.25, 1.08, -24.16, -101.53, -30.7, 11.82, -25.74, -124.57, -45.81, 5.53]
[-25.14, -110.28, -45.42, -17.59, -21.15, -90.43, -30.58, 1.08, -24.16, -101.53, -30.7, 11.82, -25.74, -124.57, -45.81, 5.53]
[-25.14, -110.28, -45.42, -17.59, -21.17, -88.72, -27.9, 1.08, -24.16, -101.53, -30.7, 11.82, -25.74, -124.57, -45.81, 5.53]
[-25.51, -111.73, -45.74, -16.7, -21.74, -90.11, -28.35, -0.0, -23.12, -101.1, -30.72, 10.3, -26.88, -122.47, -45.84, 7.13]
[-25.83, -113.17, -46.0, -15.75, -21.08, -92.33, -28.91, -1.12, -23.34, -99.67, -30.51, 8.84, -26.86, -121.24, -46.09, 8.62]
[-26.12, -114.58, -46.19, -14.74, -21.74, -93.51, -29.26, -2.29, -23.64, -98.12, -30.26, 7.43, -26.8, -119.96, -46.26, 10.01]
[-26.35, -115.97, -46.32, -13.67, -22.45, -94.59, -29.55, -3.5, -22.78, -97.35, -30.13, 6.07, -26.7, -118.66, -46.36, 11.31]
[-26.55, -117.33, -46.37, -12.53, -23.2, -95.58, -29.78, -4.76, -23.21, -95.57, -29.78, 4.76, -26.55, -117.32, -46.37, 12.53]
[-26.69, -118.67, -46.36, -11.31, -22.78, -97.36, -30.13, -6.07, -22.46, -94.59, -29.55, 3.5, -26.36, -115.96, -46.32, 13.67]
[-26.79, -119.97, -46.26, -10.01, -23.64, -98.13, -30.26, -7.43, -21.75, -93.5, -29.26, 2.29, -26.12, -114.57, -46.19, 14.74]
[-26.85, -121.24, -46.09, -8.61, -23.34, -99.68, -30.52, -8.84, -21.09, -92.32, -28.91, 1.12, -25.84, -113.16, -46.0, 15.75]
[-26.87, -122.48, -45.84, -7.12, -23.11, -101.11, -30.72, -10.31, -21.75, -90.1, -28.35, -0.0, -25.51, -111.73, -45.74, 16.7]
[-25.73, -124.58, -45.81, -5.53, -24.16, -101.54, -30.7, -11.82, -21.18, -88.72, -27.9, -1.08, -25.15, -110.27, -45.42, 17.59]
[-25.73, -124.58, -45.81, -5.53, -24.16, -101.54, -30.7, -11.82, -20.83, -91.58, -30.91, -0.55, -25.15, -110.27, -45.42, 17.59]
[-25.7, -125.7, -45.4, -3.81, -24.08, -102.72, -30.81, -13.39, -21.37, -91.88, -33.25, -1.08, -24.74, -108.79, -45.04, 18.44]
[-25.7, -125.7, -45.4, -3.81, -24.08, -102.72, -30.81, -13.39, -21.54, -94.2, -36.25, -0.55, -24.74, -108.79, -45.04, 18.44]
[-25.7, -125.7, -45.4, -3.81, -24.08, -102.72, -30.81, -13.39, -22.03, -96.22, -39.24, -0.0, -24.74, -108.79, -45.04, 18.44]
[-26.45, -124.12, -45.57, -1.85, -23.73, -104.73, -30.96, -12.38, -22.52, -99.96, -42.98, -0.57, -25.23, -107.46, -44.68, 16.82]
[-26.45, -124.12, -45.57, -1.85, -23.73, -104.73, -30.96, -12.38, -23.68, -101.33, -46.01, -0.0, -25.23, -107.46, -44.68, 16.82]
[-26.45, -124.12, -45.57, -1.85, -23.73, -104.73, -30.96, -12.38, -23.97, -103.25, -49.22, 0.58, -25.23, -107.46, -44.68, 16.82]
[-26.45, -124.12, -45.57, -1.85, -23.73, -104.73, -30.96, -12.38, -24.6, -104.83, -52.43, 1.17, -25.23, -107.46, -44.68, 16.82]
[-26.45, -124.12, -45.57, -1.85, -23.73, -104.73, -30.96, -12.38, -23.94, -104.17, -49.6, 1.17, -25.23, -107.46, -44.68, 16.82]
[-26.45, -124.12, -45.57, -1.85, -23.73, -104.73, -30.96, -12.38, -23.49, -103.25, -46.74, 1.17, -25.23, -107.46, -44.68, 16.82]
[-26.45, -124.12, -45.57, -1.85, -23.73, -104.73, -30.96, -12.38, -23.28, -102.08, -43.85, 1.17, -25.23, -107.46, -44.68, 16.82]
[-26.45, -124.12, -45.57, -1.85, -23.73, -104.73, -30.96, -12.38, -23.3, -100.64, -40.94, 1.17, -25.23, -107.46, -44.68, 16.82]
[-26.45, -124.12, -45.57, -1.85, -23.73, -104.73, -30.96, -12.38, -23.57, -98.93, -38.0, 1.17, -25.23, -107.46, -44.68, 16.82]
[-26.45, -124.12, -45.57, -1.85, -23.73, -104.73, -30.96, -12.38, -22.87, -97.85, -35.22, 1.17, -25.23, -107.46, -44.68, 16.82]
[-26.45, -124.12, -45.57, -1.85, -23.73, -104.73, -30.96, -12.38, -22.41, -96.51, -32.42, 1.17, -25.23, -107.46, -44.68, 16.82]
[-26.45, -124.12, -45.57, -1.85, -23.73, -104.73, -30.96, -12.38, -22.2, -94.91, -29.61, 1.17, -25.23, -107.46, -44.68, 16.82]
[-25.83, -123.69, -46.02, 0.17, -24.3, -106.1, -30.89, -11.46, -22.97, -95.87, -29.84, -0.11, -24.79, -106.64, -44.43, 15.34]
[-26.38, -122.23, -46.11, 2.07, -23.66, -108.27, -30.93, -10.48, -22.56, -97.62, -30.18, -1.44, -24.41, -105.71, -44.12, 13.9]
[-26.97, -120.66, -46.13, 3.86, -24.14, -109.56, -30.7, -9.44, -23.45, -98.36, -30.3, -2.81, -24.08, -104.68, -43.76, 12.52]
[-26.43, -119.94, -46.38, 5.55, -24.56, -110.82, -30.38, -8.33, -23.17, -99.88, -30.55, -4.24, -22.45, -104.63, -43.58, 11.18]
[-27.07, -118.2, -46.27, 7.15, -23.81, -112.86, -30.17, -7.15, -24.18, -100.39, -30.57, -5.72, -22.22, -103.41, -43.13, 9.9]
[-26.53, -117.34, -46.38, 8.65, -24.15, -114.02, -29.67, -5.88, -24.05, -101.66, -30.72, -7.26, -22.03, -102.09, -42.63, 8.66]
[-25.98, -116.43, -46.42, 10.07, -23.34, -115.94, -29.28, -4.52, -24.02, -102.81, -30.82, -8.85, -21.9, -100.68, -42.08, 7.47]
[-26.64, -114.48, -46.12, 11.42, -23.61, -117.0, -28.61, -3.07, -24.07, -103.82, -30.88, -10.49, -21.81, -99.18, -41.49, 6.32]
[-26.07, -113.46, -46.03, 12.69, -22.76, -118.79, -28.04, -1.51, -24.21, -104.69, -30.9, -12.19, -20.35, -98.7, -41.05, 5.21]
[-25.48, -112.39, -45.88, 13.89, -22.99, -119.7, -27.19, 0.17, -24.46, -105.41, -30.87, -13.95, -20.34, -97.02, -40.36, 4.15]
[-26.14, -110.26, -45.41, 15.02, -22.14, -121.31, -26.45, 1.97, -23.65, -106.84, -30.99, -15.75, -18.94, -96.38, -39.82, 3.12]
[-26.14, -110.26, -45.41, 15.02, -22.14, -121.31, -26.45, 1.97, -23.65, -106.84, -30.99, -15.75, -19.5, -98.35, -42.85, 2.63]
[-26.14, -110.26, -45.41, 15.02, -22.14, -121.31, -26.45, 1.97, -23.65, -106.84, -30.99, -15.75, -20.38, -100.01, -45.88, 2.12]
[-26.14, -110.26, -45.41, 15.02, -22.14, -121.31, -26.45, 1.97, -23.65, -106.84, -30.99, -15.75, -20.17, -102.45, -49.11, 1.61]
[-26.14, -110.26, -45.41, 15.02, -22.14, -121.31, -26.45, 1.97, -23.65, -106.84, -30.99, -15.75, -20.3, -104.55, -52.35, 1.08]
[-25.3, -112.63, -45.93, 14.04, -22.65, -120.04, -27.18, -0.0, -23.65, -105.85, -31.0, -14.04, -21.39, -107.55, -56.43, 1.67]
[-25.3, -112.63, -45.93, 14.04, -22.65, -120.04, -27.18, -0.0, -23.65, -105.85, -31.0, -14.04, -22.31, -108.93, -59.73, 1.13]
[-25.3, -112.63, -45.93, 14.04, -22.65, -120.04, -27.18, -0.0, -23.65, -105.85, -31.0, -14.04, -23.57, -109.96, -63.03, 0.57]
[-25.3, -112.63, -45.93, 14.04, -22.65, -120.04, -27.18, -0.0, -23.65, -105.85, -31.0, -14.04, -23.88, -111.68, -66.56, 0.0]
[-25.3, -112.63, -45.93, 14.04, -22.65, -120.04, -27.18, -0.0, -23.65, -105.85, -31.0, -14.04, -23.98, -110.52, -63.5, 0.0]
[-25.3, -112.63, -45.93, 14.04, -22.65, -120.04, -27.18, -0.0, -23.65, -105.85, -31.0, -14.04, -22.99, -110.14, -60.63, 0.0]
[-25.3, -112.63, -45.93, 14.04, -22.65, -120.04, -27.18, -0.0, -23.65, -105.85, -31.0, -14.04, -23.52, -108.48, -57.49, 0.0]
[-25.3, -112.63, -45.93, 14.04, -22.65, -120.04, -27.18, -0.0, -23.65, -105.85, -31.0, -14.04, -22.95, -107.6, -54.55, 0.0]
[-25.3, -112.63, -45.93, 14.04, -22.65, -120.04, -27.18, -0.0, -23.65, -105.85, -31.0, -14.04, -22.62, -106.46, -51.58, 0.0]
[-25.3, -112.63, -45.93, 14.04, -22.65, -120.04, -27.18, -0.0, -23.65, -105.85, -31.0, -14.04, -22.53, -105.05, -48.58, 0.0]
[-25.83, -113.17, -46.0, 15.76, -22.14, -121.31, -26.45, -1.98, -24.11, -103.76, -30.87, -15.02, -21.23, -102.9, -45.13, 1.13]
[-25.83, -113.17, -46.0, 15.76, -22.14, -121.31, -26.45, -1.98, -24.11, -103.76, -30.87, -15.02, -21.73, -100.91, -42.14, 1.13]
[-26.25, -113.23, -45.98, 13.18, -22.56, -119.28, -27.84, -1.55, -24.5, -104.34, -30.85, -12.65, -22.18, -103.46, -43.14, 0.97]
[-25.65, -114.0, -46.15, 10.56, -23.8, -116.49, -28.78, -1.17, -23.95, -105.5, -30.95, -10.22, -23.91, -104.91, -43.82, 0.81]
[-26.53, -113.46, -45.99, 7.93, -23.68, -114.51, -29.7, -0.83, -23.64, -106.37, -31.0, -7.73, -24.19, -107.43, -44.63, 0.63]
[-26.4, -113.63, -46.03, 5.28, -24.45, -111.76, -30.21, -0.53, -24.74, -106.08, -30.82, -5.2, -25.67, -108.92, -45.09, 0.44]
[-26.52, -113.48, -46.0, 2.64, -23.88, -109.85, -30.73, -0.25, -23.78, -107.19, -30.96, -2.61, -25.71, -111.47, -45.68, 0.23]
[-25.63, -114.03, -46.16, -0.0, -24.25, -107.13, -30.88, 0.0, -24.24, -107.13, -30.88, 0.0, -25.62, -114.04, -46.16, -0.0]
[-26.2, -115.52, -49.71, -0.0, -24.89, -108.65, -34.03, 0.0, -24.88, -108.65, -34.03, 0.0, -26.2, -115.52, -49.72, -0.0]
[-27.12, -116.66, -53.28, -0.0, -24.71, -110.69, -37.4, 0.0, -24.71, -110.69, -37.4, 0.0, -27.12, -116.66, -53.28, -0.0]
[-28.39, -117.46, -56.84, -0.0, -24.88, -112.41, -40.79, 0.0, -24.88, -112.41, -40.8, 0.0, -28.39, -117.46, -56.85, -0.0]
[-29.97, -117.92, -60.39, -0.0, -25.39, -113.81, -44.2, 0.0, -25.39, -113.81, -44.2, 0.0, -29.97, -117.92, -60.39, -0.0]
[-31.86, -118.05, -63.91, -0.0, -26.24, -114.88, -47.61, 0.0, -26.23, -114.88, -47.61, 0.0, -31.85, -118.05, -63.91, -0.0]
[-34.0, -117.86, -67.36, -0.0, -26.34, -116.41, -51.24, 0.0, -26.33, -116.41, -51.25, 0.0, -34.0, -117.86, -67.36, -0.0]
[-37.39, -116.48, -70.37, -0.0, -27.82, -116.82, -54.65, 0.0, -27.82, -116.83, -54.65, 0.0, -37.39, -116.48, -70.37, -0.0]
[-41.86, -113.97, -72.84, -0.0, -28.57, -117.69, -58.26, 0.0, -28.57, -117.69, -58.26, 0.0, -41.86, -113.98, -72.84, -0.0]
[-46.34, -111.25, -75.1, -0.0, -30.63, -117.47, -61.59, 0.0, -30.62, -117.47, -61.59, 0.0, -46.34, -111.26, -75.1, -0.0]
[-51.7, -107.49, -76.69, -0.0, -32.9, -116.95, -64.85, 0.0, -32.9, -116.95, -64.85, 0.0, -51.7, -107.5, -76.69, -0.0]
[-56.97, -103.55, -78.03, -0.0, -36.31, -115.43, -67.73, 0.0, -36.31, -115.43, -67.74, 0.0, -56.97, -103.56, -78.03, -0.0]
[-62.19, -99.43, -79.11, -0.0, -39.81, -113.65, -70.47, 0.0, -39.81, -113.66, -70.47, 0.0, -62.19, -99.43, -79.11, -0.0]